0.2600614876481511	0.26182574515503293	0.2728965149309256	0.2345319039829217
0.28234307144551496	0.28715867377350346	0.29083687421314763	0.28178183026979015
0.3597015959102355	0.3655095769863916	0.3543609948834365	0.3338364414778809
0.2979736093634652	0.295322004126629	0.30980040922692687	0.3334377927524921
0.2575986025737244	0.2563195528102843	0.25018637098664925	0.2677561157071884
0.36056559181186	0.351830495931805	0.3683498619591274	0.34824547222443936
0.23300607735215023	0.23306791416043632	0.22748321559094017	0.23070306245015598
0.2778586169080896	0.2676283465085814	0.28557523287922537	0.29394658734783435
0.3523801713367967	0.34808508937726557	0.3624928320702853	0.3419927564773685
0.2833375144982736	0.28927754847183884	0.2759377029297886	0.2723585184716796
0.2000894805405406	0.20290529769353874	0.20331125535481648	0.20894817785712103
0.2540144161475681	0.2579521700916317	0.251699397638928	0.24298446836276405
0.256102403213398	0.27200710833173963	0.28264258406131176	0.24107175847105322
0.3038444893798091	0.29420413749320024	0.29892273734292935	0.3049834679069217
0.31264891397520644	0.3093965749557221	0.30012601118895593	0.3006055355360189
0.298900090811292	0.2932620357932666	0.3023299966667783	0.2982279687024516
0.2739351240073478	0.27507322359776964	0.26773247485031093	0.27632006711671675
0.21619487072977742	0.21983578916784755	0.2094994168023935	0.21157128834821656
0.23403064693640951	0.23295078066191513	0.2264214197949846	0.22324874403411893
0.30900771229583984	0.30038089594568473	0.3008972233330713	0.3019524094586873
0.28072734797717785	0.2773498444819228	0.2747599192082812	0.29462350066095283
0.20171981312841616	0.20409374897949792	0.20625544566285883	0.22684321102080968
0.22948558236543934	0.24699265502636944	0.24127140981075856	0.22436298022338755
0.17169487556088303	0.17161988525817168	0.17292881653872044	0.16939502270726084
0.2070645726122242	0.21037419309915575	0.20725685851902653	0.21383818168839236
0.2402156938567574	0.24116701644854538	0.2446365183875634	0.2431083854412285
0.2819139490133145	0.28491526187328764	0.2750311577528895	0.2979318807998817
0.25566303368128984	0.2545415574719312	0.2456709935038629	0.27247949671494576
0.27709662211583125	0.27304811724294087	0.2824922172196374	0.30521833008704446
0.25330007469447324	0.2568981006641343	0.25166668559732924	0.2620323476281741
0.24842317290442656	0.25343766495377357	0.24705780165451804	0.2586464144005818
0.31118341835820335	0.30665266949597086	0.3165698926741231	0.3319602888329768
0.2239837354206955	0.22309046423265738	0.2286982748078557	0.23036554638007778
0.24629461996616683	0.2535168252266771	0.24971767192490466	0.2576696363324413
0.2489079275889296	0.25210313850551624	0.24592466540152752	0.25701943160773305
0.23888539260543282	0.23532876960033647	0.24768370889396066	0.24328281618708064
0.3271784145333111	0.3293144596652318	0.3293810844566573	0.3300567720061878
0.2655308605079341	0.27283549306584803	0.28218856053530167	0.284343684824203
0.20802869067753382	0.20826962652280911	0.2168863000254963	0.20858935383465313
0.23252012157047977	0.23302776515671458	0.23434084851062986	0.22892946059844912
0.2999697029785054	0.30044305349075184	0.29658112553026084	0.28635497985464137
0.30262296504083114	0.29807319598934406	0.29954264883275983	0.3026033430549246
0.2745384371790071	0.27630954823922893	0.26909479209823695	0.26232621923453997
0.23633672987245624	0.23308723140147247	0.2441009439170911	0.22918592471415167
0.32525645758431376	0.3388771945748557	0.3362254025064843	0.33786465119862236
0.252020551285509	0.2587884377203519	0.24796489631236368	0.2598827179601585
0.26322414260785265	0.265307073254851	0.28432695768612914	0.2529848768946448
0.23645376869885718	0.23910217692551872	0.23265935256216652	0.23628204287722804
0.29237738453408946	0.2904232321069311	0.2837229458917141	0.2944303018446996
0.21999487705014142	0.22614972493779623	0.2338997660071289	0.2180046183914079
0.2831408535802787	0.28296632812942146	0.2809356313981435	0.26783898222164465
0.26770004260169533	0.2752407826900897	0.265479114508605	0.25804449085515063
0.2633356671631497	0.2639184715891407	0.2619402114465268	0.272697617672558
0.20914491723449397	0.20109895213742796	0.21316754634577617	0.20465986985449286
0.2389285307488045	0.24002298035376168	0.23212317027481186	0.24776834754735388
0.2885544090465866	0.280699373820578	0.2937534274158929	0.2777285437617936
0.2539232553869284	0.2570426987985603	0.24972106229353358	0.2578436042489941
0.3860991694940301	0.3914644336371272	0.3886171478625413	0.35928659205298513
0.2720326785269244	0.25764955811785717	0.2815173913627127	0.2831091548785618
0.3028673635885141	0.3039986656536323	0.30921550199322967	0.30416605076456976
0.2572321078147412	0.2587137678730889	0.280668779435853	0.2706621297578781
0.24882710613041906	0.2460336929586859	0.2558943946964901	0.24260307686634852
0.28177419512298435	0.28090045123160134	0.27795133497120683	0.2616571729927874
0.27638805001960715	0.2693244163801562	0.2868914057859412	0.2713688692410681
0.257837730437105	0.25610668713255347	0.29981119424637814	0.27936270315061507
0.2662892476625946	0.270823924636413	0.2719393760134612	0.2652495217667225
0.27811798370175567	0.28043868278972245	0.2863852704783589	0.26724171095480576
0.28189552548631885	0.2810096565056198	0.2756336256057417	0.2757253156665303
0.32868745777077313	0.32332294441387793	0.32083898564882823	0.3304246247506955
0.30752705404359404	0.31158807846120173	0.3200999078607639	0.3038673830030124
0.30078950908113977	0.31155532489938875	0.28721698792946776	0.3183805915225019
0.276593946665099	0.27607153671332113	0.28476404752870393	0.28243363469397176
0.23834204965672787	0.23967067167867737	0.25330094807855774	0.24014674649110979
0.33830045977585993	0.33589160779469424	0.31915906155112805	0.3328340032813516
0.24803522291454266	0.2479720703194197	0.25774461623761663	0.2508238008244309
0.31038181735754894	0.31179815545437245	0.3020890353014664	0.2971286196724501
0.21712408049288495	0.21789381106742944	0.2185125625319971	0.21309015020630462
0.2903206226560736	0.28493304393772484	0.291892177911071	0.29326397370304463
0.25018982395205325	0.2536378719810363	0.248641970658669	0.2484571395494239
0.2741417510141494	0.2789214515561493	0.28838457226989794	0.2934847710684529
0.25775483626828977	0.268680368237625	0.2492923598185229	0.28251790101806906
0.2670926782454848	0.2691592860271023	0.2605160344375191	0.24059065290927192
0.23875431129639654	0.25445199798356793	0.24813445042723808	0.24873431180887914
0.3033336318817793	0.3098577493051471	0.30365386532050465	0.31337668780984385
0.28790008087798175	0.28802943978577017	0.3011915840591103	0.2920899729683761
0.2664858030631512	0.2646543940743714	0.260118911486785	0.273674428542095
0.2598063556049749	0.2677856811475737	0.2618049335978952	0.2508288878027735
0.30393795732078616	0.2965394920566495	0.30185567823691634	0.28720714086797644
0.268934496441483	0.26005857362687823	0.25011302748836006	0.2399337446359256
0.22197538485025667	0.22079669267315377	0.22416214105182006	0.2203382497797917
0.3048012823637238	0.31276827987948985	0.3101729428413923	0.31235913488202377
0.4163914468626375	0.4187505762785147	0.4248524523704939	0.4224771995405164
0.22831888053710409	0.22150809116819087	0.22295995731122906	0.2153832913616089
0.2227886663257108	0.22387635958622315	0.21850501979309694	0.24043919513849266
0.26435325195077325	0.26555075108328646	0.27500944587490733	0.2910360454320387
0.26215441550851615	0.2596759117730202	0.2639309106885469	0.2572166927625875
0.2764029779238745	0.28107061718590937	0.27945623180559304	0.28659058091880935
0.24309633891858656	0.24840060361388452	0.24341260665358327	0.23606664267546146
0.29710938972881235	0.2972601931321053	0.28900569900975537	0.29683807190829387
0.27974838736109114	0.2837135435352824	0.2835365079376071	0.2957287881367829
0.2675321804006174	0.27182725662381474	0.2736610000651559	0.2670443799471268
0.307187723725523	0.31042707986753537	0.310304725066869	0.30767575362430183
0.351655817333216	0.35239474233641627	0.35782958355592537	0.3578846665957547
0.23589523954766606	0.24658642680228382	0.2389840289790504	0.2550811820761681
0.3178147911301995	0.3287677358372482	0.3127988577431785	0.32867836584077076
0.19953286637078832	0.19887441100751982	0.20109811027096192	0.2140342040190024
0.35081767118520746	0.35085632386965	0.3399215755699894	0.35643414907866916
0.27351452830182055	0.27038598399664177	0.27762039462440496	0.3131498335171592
0.23888990096246296	0.2428115415695268	0.24003460312669272	0.26481427181622996
0.2786521634954243	0.2810875746411505	0.2894584723015459	0.29405113121873977
0.27895707142852627	0.28104426517247866	0.26931353718467893	0.28182563979075526
0.3231922652182525	0.3217585161590086	0.3293290089637983	0.33101360946762254
0.23512638710856812	0.23279592302765334	0.23249669221053262	0.23741507171982962
0.2359701676541531	0.23527607671225548	0.23825056027971697	0.2801909476149179
0.2372142193100237	0.2363894737468385	0.24810942890534382	0.23401583288046332
0.23749156667794769	0.23414502229714992	0.22482130068834877	0.23478456569766087
0.24529391236102352	0.24698400826709258	0.2393573791292189	0.24225055129780884
0.23873631325270162	0.24338558036776117	0.23539240849119467	0.2298766193056698
0.3378974076160247	0.3273386179923889	0.3231992446136144	0.3112445448021475
0.2414728448859903	0.24042026137194933	0.275520395569172	0.27221054352302776
0.25542724435988573	0.2570850669915336	0.2673407617120086	0.26718482888772804
0.31967925210782483	0.3111471054182016	0.31255558873826783	0.323209201905364
0.2564706824616591	0.2599288702649038	0.2530706584537782	0.2692946289923597
0.2911770111478419	0.28838264617403947	0.2857946950786789	0.2871974079254575
0.2621565396951677	0.2653763809366777	0.26705493228783767	0.2439816716786399
0.23877403388607452	0.2434765125711156	0.24289634126389734	0.22839185375010668
0.2971280439803313	0.29735512366541433	0.290532132334553	0.30933236989721263
0.30168660842394146	0.3047012677178604	0.30642621735682096	0.3012578862159686
0.2738057961727753	0.2748803649479443	0.267880567806967	0.2723717558034981
0.2556256270741055	0.252752827201927	0.2666700176259793	0.2476016951121936
0.312357856963131	0.3075552470154975	0.31377323491736225	0.2942398346853953
0.27109274310771114	0.2714396497994229	0.2598216742649123	0.2986796458046531
0.2607915392173869	0.2475748718758522	0.26289505194834234	0.2550259206366592
0.2429037901175024	0.24405978887735735	0.24385265233561365	0.24366270053040584
0.24992746382732298	0.25008705297242134	0.2487434787496931	0.2538912889026131
0.2650616470338338	0.2701668477333566	0.28052735589527483	0.264424965401229
0.2685289352266037	0.27036663838964764	0.27196663406498656	0.250365442628294
0.24192958361664732	0.24419097930589628	0.2510940332841854	0.2448011793725529
0.256570290665288	0.25206919954009377	0.2664220693035598	0.2697568654104497
0.23101348095660543	0.22996912386553905	0.25023091260266794	0.22273558413174138
0.25953826201158814	0.2608551127355117	0.253616754660832	0.2601235955123621
0.291028270643157	0.2829931869766174	0.281908362715013	0.28058198835659975
0.28253723136560593	0.27334835901730276	0.28626924117347896	0.25040896524641004
0.2278969679256466	0.2294170775152529	0.2174933232660973	0.233764518250364
0.32014203016894244	0.3127961347411312	0.33341785408385227	0.3176472524340321
0.25495121728062725	0.259730229709805	0.2599725394717994	0.2578640998841472
0.22812361545924745	0.22768295913120445	0.22446295188018234	0.2511819902042535
0.3303125421036451	0.3296190603081025	0.32821801468713085	0.33214243034766017
0.2450321397184086	0.24995381969292402	0.24997603134651705	0.24562482260791496
0.2811274520158271	0.2910096095950158	0.3116530380474791	0.28279041307657254
0.2943625608850023	0.2800804673809425	0.28820929770428805	0.2842658686907013
0.2368979682482868	0.23519376950209286	0.23097297159016525	0.23343618238961703
0.253217636838624	0.25534770404124335	0.26030778144901795	0.26383095069154827
0.2087055672829253	0.2107554890357866	0.2065391639665559	0.21971872679526905
0.27474405128665513	0.2849748579850308	0.29026542504682545	0.2721401475879858
0.2727870958958754	0.27688795645156533	0.2764245027571908	0.2738081280255117
0.3585235191108028	0.3632137594979779	0.37309155386361187	0.3650497635843768
0.20765005806561726	0.2072890298008459	0.2171096106554366	0.22277773970895154
0.24356575240641995	0.26209232850905145	0.24906511945317888	0.27712636125398943
0.28532986646848746	0.28388052507063255	0.2904899146221115	0.28673083999466126
0.2873532973798047	0.2938598467142986	0.2869894039544241	0.27948607185092794
0.3374001331163458	0.3359612494617594	0.3341310140853142	0.3345329293203608
0.25411251075383384	0.25375021979203366	0.25704726224817565	0.23470258546909528
0.3254069848414013	0.3249910908225515	0.3445384108697412	0.32866572716467046
0.28713280919956913	0.2897909822014264	0.2733350156932521	0.28369560051214665
0.2392494333268461	0.24009063966688857	0.2434791810978425	0.244509057931997
0.28738989266633924	0.27880894695643904	0.28378957632297475	0.2629993784464827
0.25521507406078203	0.25091159121731704	0.24559202028836996	0.2496344650580916
0.3050155124371932	0.3039427887480706	0.30608123163148676	0.3222238492097973
0.2615093197608959	0.2672266883727209	0.2580192566242145	0.28307872110322135
0.24224828727282785	0.24459107162833985	0.2424347059067351	0.2377525936867821
0.3140888490695852	0.3160748325640577	0.32342076116817736	0.306485690725244
0.26718804960848225	0.26877282657521945	0.24964283552108246	0.281036423419638
0.2856911378369428	0.2870236112997297	0.29870087766143394	0.30961847512378776
0.23363215970152582	0.23547105717580652	0.23005608363079666	0.23833417010697994
0.2691640940993852	0.2715780601969604	0.2713731629331786	0.30216377735789984
0.2774121569620506	0.274753011847102	0.26038722497942907	0.26576428282887854
0.27895487559243115	0.28304882393036107	0.28795130900693683	0.26551872486912137
0.2675361690617765	0.2697092931214345	0.2910540249436143	0.2700226448831455
0.2921226848858996	0.29404913467382754	0.2893419957710167	0.3020860214371702
0.2637474896849779	0.26090161012737156	0.26169889065414237	0.2547287860622213
0.2241594227665697	0.2173399876854818	0.23008177097845617	0.25594556781470934
0.34122577887018923	0.3417125789601717	0.34583326319440244	0.3429781315816984
0.268927228470287	0.2673858133881791	0.267822908416205	0.27862997700235514
0.2502128031683059	0.24354514470471159	0.24792372513510155	0.24780512555582565
0.2573897518470587	0.26516441538902974	0.27020193476925336	0.25155843625073787
0.2832140012344754	0.28124442903354485	0.2830251126171206	0.28559917988844996
0.28222427608145706	0.2824615300823696	0.28740807716850153	0.288408731599887
0.32465767226275605	0.3108316075083094	0.3151537575983288	0.3147724423728519
0.2549574470682097	0.2530312353149448	0.2521338446551572	0.25357824909573556
0.23207454609206551	0.22736830744078612	0.23734668104124326	0.2552691338470011
0.3426769093940648	0.3435245452164751	0.3420632118905289	0.36854627893874137
0.26821119468737925	0.2696687019363047	0.27943550540988404	0.28489177714126174
0.2329556713617898	0.23418253604534	0.22800218476009126	0.2364696452711231
0.26650482242110385	0.26329238666563254	0.25209895101053026	0.2655027138079142
0.38289816162839974	0.3818462972239885	0.37838518662607534	0.37726111235140675
0.3362407345445529	0.36152942952060163	0.32448938170669367	0.33762611707278567
0.3752941365834414	0.37567988899259563	0.386046838479984	0.3458261547131494
0.18739665703942845	0.1841391381930064	0.19360587056285683	0.19821474864861688
0.3092015682781459	0.3101004767107441	0.3116652192914193	0.3288882247937418
0.2835724437181552	0.2837303562906696	0.268057591183188	0.2612063375776389
0.24915247450688577	0.24611820733219097	0.24972098340504026	0.24678927547153862
0.1662655542236222	0.17042287111967672	0.16892612928695738	0.16586240970249763
0.22081039864176363	0.22035124951384136	0.21957803079472976	0.22695507388159178
0.3945665235775634	0.3806580005566029	0.3850022518138549	0.34359823694065883
0.2330366777615866	0.22933859580261	0.23607864934572112	0.232100445641593
0.22809582604631673	0.23776551899941822	0.22683911692024514	0.21942816194989315
0.2164904298157217	0.21775046973102732	0.21870223657961574	0.21095478619882185
0.27191488121362034	0.270279127469971	0.25927077292296224	0.2722468003280502
0.3155461966483241	0.31183211667064914	0.3053589510670356	0.309201066790526
0.424951537401218	0.42828094797561017	0.41711694303064395	0.42533664076079586
0.23304899195394935	0.2301953860169448	0.22558842375472046	0.23747710960113738
0.24688820445713497	0.24911975509937614	0.23540905391894615	0.241576917017838
0.39850244943969837	0.40524501144676445	0.4010407993704963	0.39808870225774506
0.22664354824290922	0.22543214896595012	0.22974849740916506	0.22767450232905379
0.46798680201786896	0.4769956308774152	0.45277894756916226	0.44783461566023414
0.22556471256511007	0.22405686351956483	0.22753990011239333	0.21368226452345182
0.2748760282154975	0.26846095975767886	0.2729885405517297	0.2866505873108064
0.26764446023611976	0.27066357202267616	0.2875288430831456	0.26491965603786866
0.37146287225090874	0.3699049940294059	0.36418706388361244	0.35214004092712253
0.2591878016673733	0.2591754417403936	0.2731190064615858	0.2802771011238176
0.3174570447691474	0.31208987278087863	0.3144751450446352	0.3320537265441325
0.24245082469914075	0.24149615156780446	0.24632382207242864	0.24338986068151897
0.20764229877732207	0.2077330889626681	0.2131101884491856	0.22278631519960232
0.2329575360747966	0.2381483831349813	0.2587920690114959	0.25307562124568056
0.3219350080140707	0.32063583883989366	0.32308412657651586	0.3185493595692917
0.30311158315031117	0.3094321842037546	0.31527601649862047	0.30961342758055216
0.2310710423589203	0.21987873904106278	0.24235030692310622	0.24159748199978237
0.25974807229612057	0.2611035588572006	0.25893814044432517	0.2965881157934761
0.28269383106134033	0.2795096871541549	0.263527542052244	0.2736617188966915
0.3364531145917752	0.3326991451860844	0.34989128572948375	0.30785726195990787
0.26461292942223946	0.2670614969484788	0.27517749987316487	0.24396307210883988
0.24627989644121182	0.26254018833819726	0.24888461940060297	0.24373147837868195
0.25002971224962695	0.24895886178909934	0.25024227183720843	0.24316750696953068
0.2822135585180786	0.2869905923042195	0.29634318097870516	0.2819941686464046
0.28773731282675463	0.28413571594318765	0.27290142363593867	0.29860079359236713
0.2169990653557335	0.21560171569127345	0.21442438314678913	0.2180126565797924
0.2398834555917792	0.24394325589996113	0.24495629020413753	0.2502902162400826
0.24779242798738588	0.25920439791066513	0.24541822671670835	0.2548635949086679
0.3236249014471161	0.3244036350010608	0.3166838020339629	0.3197438279278169
0.24677514632434522	0.24658825513515545	0.24952515182853352	0.2462288258950004
0.48473355563262543	0.48082095741901565	0.46065573210886557	0.4671524419471178
0.295146970689774	0.2899980258571191	0.28070856167176295	0.2958662215691018
0.2593515800994246	0.26224800038360724	0.24846167440195083	0.24887637773132462
0.250678693362873	0.2559111829804776	0.26211918414222873	0.26991300620139996
0.24321336196664145	0.24005917409612273	0.23626144654087117	0.2386114104458372
0.30594471058518447	0.30376674285784766	0.29519658002007126	0.3032471374409316
0.2920302471789701	0.2842844643181653	0.2775853078603062	0.2671797992540223
0.21441503227824393	0.21223889143757915	0.22477047470487416	0.22173135321314585
0.34700783858639767	0.34839073996459247	0.3382186385081897	0.34674269305483896
0.2532083191720893	0.2536218325111697	0.2512985377664067	0.2557347338055032
0.2271066062048322	0.22597091164820146	0.22525334010340992	0.2286408804480464
0.3610503198494298	0.36476426596649836	0.3590019246148417	0.35367143628224107
0.35587847539771333	0.3587126702370985	0.36507920258521337	0.35495031130641336
0.2961727371875719	0.2972241436156275	0.28772421730063696	0.2896906048030325
0.24067164345987285	0.24039846711463225	0.2424385578085452	0.22977563915327093
0.3215384123288686	0.3117383401323044	0.30077151309032435	0.30158266163904995
0.2995271831499993	0.30216698072012393	0.27616570800303936	0.2895416007326323
0.24852559806717303	0.2522800496873044	0.26200236044301073	0.25386970156107846
0.27826345754412535	0.2771517237500306	0.2777790559142841	0.2785837664527307
0.23952010824929268	0.23823144123879003	0.23814904141993404	0.24287159956116958
0.20698777213092173	0.20699271158877364	0.2081449410350028	0.202096830468864
0.2666350190568144	0.2775162942276196	0.2748827775939475	0.27267802952974673
0.2187346068825259	0.22255062246490592	0.21833697754415915	0.23084755959519504
0.24081243691347165	0.2403687402752561	0.23783250394844194	0.23769106949934982
0.2533428935249382	0.26186698809725034	0.2623696707342966	0.2527899109655309
0.25251728653658667	0.24730754947191555	0.2488621784418533	0.2475953665583755
0.2785345358701531	0.28289212310974204	0.28994189233690837	0.25731947334727406
0.2315780490575423	0.23248844790727932	0.22939128348653354	0.22761115478419885
0.20516675630024922	0.20176993005862906	0.19389242210362925	0.22024357322965316
0.19825376746077764	0.19827160246686554	0.2002580626101025	0.19986997999538997
0.2536970252699517	0.25348639200095724	0.2638873252520999	0.2707256413927001
0.22169782425880882	0.22367357857516498	0.21858932729396544	0.21598106807743858
0.3217782563216715	0.2966475662904293	0.32136319177954864	0.30720442324508046
0.21006460985735145	0.2181956359899838	0.21074780007336355	0.2106439497334548
0.2794067007555063	0.2907967605334528	0.2832384651803943	0.2869905176904381
0.2977004167313756	0.30027854736954374	0.29832980058941855	0.27865992745298757
0.2378336250129367	0.2359104657978857	0.23961200274053618	0.24095373373211576
0.28848769563111415	0.27874856095572503	0.2984015486661776	0.2791410227302519
0.35684672261905265	0.3476870036055878	0.3497741167714214	0.3649586620759891
0.2408875997419121	0.236879847313653	0.24015945006964537	0.26323266476570034
0.2796412665774635	0.2793635920062141	0.31412335191471435	0.3133460876991572
0.27227432898212817	0.27268247830382264	0.2796857375387741	0.27989016515791987
0.2702334691681401	0.2700838741795965	0.2735186159807033	0.27802853637942254
0.3359704439525118	0.3356997859680591	0.33705252317770307	0.33206164340424216
0.25559526873668353	0.2586441128608797	0.2602834733983527	0.25701737662219626
0.24544293670750555	0.24711193037593757	0.24554843858743264	0.2510551550020398
0.2959431533387394	0.29210231754286886	0.29848681025340773	0.2908117309345265
0.34876814211839346	0.35279459241612593	0.349666827885446	0.34463277969509604
0.290036235028341	0.28993981518510514	0.2902688690863465	0.2851924309167655
0.2852438698934696	0.28980333190907664	0.2904080971878842	0.31263103555417227
0.27467016809847017	0.2782557861844879	0.27795936904886925	0.27368436253240797
0.25218029613029724	0.2504718383018482	0.2491530253118476	0.25246486036848703
0.20596402699486765	0.20220812378294242	0.21031240365665657	0.20398830649946825
0.2202613681066647	0.22257911919157716	0.21588484083971	0.2184376060326979
0.30438609937585903	0.3087921982093612	0.3268058947630173	0.3268308627365774
0.24296621528406778	0.23718990091190945	0.24348669232450995	0.24345570591601318
0.3316919180004822	0.33174255680604736	0.33114503342420853	0.3103366526378935
0.31829943918788545	0.30677762947321907	0.31422076781788105	0.3098477124805253
0.23428900299943253	0.2359124084001901	0.22724601695188695	0.2358412063148096
0.20790230671078677	0.21020317602088265	0.19348636677573364	0.21879955135230894
0.29070901198014776	0.2847639999921668	0.28240369947805805	0.29010291199162347
0.2545358112202032	0.2603200810913003	0.2519496889923255	0.2593431380785757
0.29462022805580346	0.29776786973466374	0.29128719645706963	0.3069456339091227
0.2744008339376166	0.2796702895794522	0.28686591558650615	0.26404607335219443
0.2852637847306493	0.2819628880162546	0.265858096802728	0.2701046266990575
0.24402413146400764	0.24407232232395942	0.24888592501337126	0.24056506179949644
0.2467412248152765	0.2463485820503816	0.2456141638752621	0.23844312902674386
0.16825161765633245	0.16947499117700804	0.16562546637263006	0.16987263338704553
0.2931565964047834	0.2901858173666091	0.30133630813598067	0.29622373745390335
0.31827041782690396	0.3272782149216851	0.31084984330729176	0.35837417001755834
0.31429780146016145	0.3149498813383929	0.2975857301641244	0.3057392767691787
0.29842847897918834	0.3100064857604936	0.31951752055173077	0.31139315087287456
0.2480425101798376	0.2542825252710035	0.24323309712305527	0.242148490658339
0.26932990897821335	0.2772265035462005	0.26195456545827955	0.2699585054107644
0.4190270932078337	0.4182660936265813	0.4170425567894504	0.42894842288277996
0.2280245070472733	0.23013617254274185	0.23192712574062319	0.22520883805478042
0.25412085302118237	0.258137249236935	0.2664260480301704	0.25637051376577397
0.286864937894408	0.2789411476694617	0.3018353758503144	0.28818833631963836
0.26262052539160496	0.2724293242783697	0.2702224521126468	0.2703173599856563
0.29318823815243733	0.32890832157168837	0.31904818055000034	0.3128568649035164
0.36274533181069996	0.3468852638529809	0.37398395775321774	0.3383959675205588
0.2501524135765267	0.2573781198922416	0.265354328184044	0.2777534544575123
0.2824684102282677	0.28356799369250446	0.28794435594204465	0.34651273235191843
0.2115971569942323	0.21234400232370948	0.206712646640631	0.2206674429101694
0.2042956947246357	0.20520630901488263	0.19687124996097966	0.20432806082860036
0.3309401776879003	0.3384407195148353	0.33982540566247993	0.31145450426720617
0.2516649367199417	0.2516303611180768	0.2512897068614153	0.2525844710597215
0.19849376938350605	0.1988474535807306	0.20345530925132882	0.20103312055696715
0.30554155411147355	0.30243884719546954	0.3018015766192814	0.3043628932451145
0.25478524466122576	0.2568541735621388	0.25226426618623826	0.24626849458429168
0.31735244553811326	0.3183065017867224	0.32169687893947785	0.3122242684439076
0.2715878726251054	0.2673649510068796	0.28398880855901154	0.2734093383112634
0.27953707131290695	0.2708053071284384	0.29780680773273427	0.273234082133208
0.2541206415078705	0.24766734565684612	0.23917896970304744	0.24884102824777757
0.29736566191173675	0.2995568324091743	0.2975434818631248	0.28355646295911446
0.27281372744304333	0.2764835433857048	0.27553150055207076	0.27042528345726863
0.2653945175804133	0.26993100120610974	0.2776018821659805	0.2620187600554248
0.2751088843052099	0.2730069397561204	0.2724151961412448	0.25822336463450946
0.25283872773791777	0.2467461689320414	0.25095279778610813	0.2552578863081337
0.20609967845016222	0.2119477104250769	0.21145167710702267	0.20046526806075096
0.2434659840400303	0.2517956983914138	0.2916696133474894	0.2440937681673583
0.2605957612489508	0.26401131830320523	0.2630044105029684	0.2526013023833697
0.20761381290535014	0.20977974885412576	0.20664995125888896	0.2229423141689738
0.27482429865039865	0.27614674154701596	0.30165058389603927	0.2963093566103423
0.2748706300849951	0.28226207456618807	0.285710631375947	0.26722427208243815
0.19542197503017195	0.19258546098586493	0.2002038836466212	0.20571145978427904
0.2771023762005049	0.2745159996557526	0.26713170813965614	0.2749583736890334
0.29285027334875546	0.2939823290949687	0.2946622888592418	0.279258253948169
0.2701352701815666	0.26928971062164764	0.27195419832330836	0.2762455872713263
0.20923661575188787	0.20942478215207214	0.2117331649220224	0.20977839543592683
0.304001313584638	0.307303653165775	0.2982213430265445	0.3014371113640937
0.20412309866875658	0.20137319779752824	0.20667214273942838	0.2104293263311063
0.22858965019380875	0.22767345297781635	0.21449500488685544	0.22826491410818028
0.22564897972023823	0.2325734182613058	0.22814508002260772	0.24309915090770381
0.3377497972187177	0.34959236060270465	0.3194398982708839	0.3760564267568365
0.22881366553915827	0.22435318034013663	0.23401733569786276	0.2470133647559581
0.2823491617403133	0.294050753674735	0.2753514772786689	0.27195733989005694
0.30656878204716115	0.308140482129769	0.31933987463525665	0.3362153168264833
0.29453950195072093	0.2905386016992256	0.29475551174011705	0.29565800901616274
0.2762847695421604	0.26904180579361253	0.2794732787234419	0.2704899393996572
0.21162414492216852	0.20946018857856105	0.2230935301897578	0.2167960048748143
0.2347183870679864	0.23748881153964274	0.2418152175804929	0.23554915941190235
0.2877350942306017	0.28966684801452675	0.2755380443187098	0.31121682097031567
0.36709813175694683	0.3665703499480655	0.37017824958344653	0.35853392919532984
0.20499549389791966	0.2075187048611988	0.20843346299061385	0.19424456589156336
0.28581485573085724	0.2823613596502958	0.2797360868070209	0.24508946871580928
0.2570402304775477	0.2616110079915673	0.2604786284999596	0.25373844083338704
0.2538662672827873	0.2538352822333635	0.2625513359196807	0.26306402691760133
0.25349417049148076	0.2534175868175408	0.2553827470620336	0.2547004552933999
0.37777738830781177	0.38126057002460717	0.3817623713121	0.39507312991464183
0.27224611123443726	0.2720920858444996	0.2724312091672	0.262264764295187
0.2925459881442718	0.28819002898438767	0.30641814935751116	0.2721154503044441
0.26442149496516515	0.25970366666101685	0.25729805562531427	0.25157799159369604
0.27337671455031304	0.27419559357105217	0.2819753449781435	0.2812725855120378
0.3556853100608721	0.3557668079164582	0.3579273983194912	0.35928363079711206
0.285867218825003	0.2829743967437521	0.2812725850792184	0.2790550129770819
0.30825296024931	0.3128727672303001	0.3206991631036546	0.2934449167151478
0.3022477386064122	0.292853040786278	0.29813218928922686	0.2815676162006893
0.3154981156534629	0.31172121047420337	0.33759275078201667	0.3340919878467089
0.21356009283346164	0.21579203851981937	0.20597550507420653	0.20987057339611037
0.27259294320594096	0.2813675192790324	0.27070680461518376	0.3044290902710876
0.26381473811201483	0.26389774705356345	0.2647252077177046	0.26645095955332004
0.24950013886936642	0.2514498718903135	0.25277147772542063	0.2409834041462656
0.3075543714092195	0.3034933352707713	0.3152711022233292	0.2967140929362696
0.24983675109631145	0.24883772604069312	0.24926945165883718	0.27075208557784936
0.272658569484731	0.27604240589029144	0.28153314162554144	0.2916174118025027
0.2028233614265696	0.20154923600561364	0.1991688394296272	0.20612924472175378
0.2538272617477679	0.25725312404554523	0.26439417573453444	0.24919536670779255
0.2881555712870041	0.2826113436750609	0.26622366529917424	0.31171062664152505
0.31518969368159666	0.3177822061673718	0.32724966485851037	0.3170111225230795
0.2967804489053001	0.300230225742885	0.2921188407542467	0.3027075368795392
0.37625376877072714	0.37864649251616334	0.3689119098871769	0.38009875819960826
0.2573579404749043	0.25875010142828	0.24815691052608593	0.2888271921506654
0.26728553852960946	0.26472089988511094	0.2659759279414775	0.248828696072108
0.32235245572675	0.32838907221176167	0.32496958623105093	0.31959323807845447
0.2021009234041218	0.19720032362899928	0.2101629090795077	0.205775560616885
0.21244930929809477	0.21052874278132783	0.21662116572653192	0.22053016423591207
0.2503162786914762	0.24846274038917554	0.25749522961262067	0.25085673697904065
0.27150390558968923	0.2675304297989803	0.2618333898294056	0.28470201616678426
0.31474446058642475	0.31361694682508906	0.30131911278801	0.3263962914963137
0.3038619182424976	0.3065984862731341	0.3111449227467098	0.3065181043180182
0.37072980799843824	0.3607349187680324	0.37892092395089066	0.3679141613957471
0.2727906289327704	0.2706435115065297	0.27409884626934805	0.26714866690113126
0.2259491232717674	0.22321553221290052	0.2221286906649983	0.22728492482554427
0.22036213653689554	0.22020460555556598	0.22839356368392943	0.22307264616909508
0.2303431055552643	0.2247092127045401	0.23809166523962402	0.2275317884076667
0.22267209260790324	0.2225779653651973	0.22437982756738603	0.21657062998904408
0.2718241434728979	0.2758799051492515	0.2866064874538185	0.27838492333379466
0.2782814809213406	0.2731067146203486	0.32212171409522883	0.2959366023863856
0.2305204619752456	0.22200639590685625	0.2228970687261116	0.24950998326541501
0.2691300068327519	0.26259508738948717	0.27471169310942495	0.29819431826930365
0.24662283193092763	0.24483771862961534	0.25195561406466144	0.2451045385879916
0.25933246712322433	0.2663324440781125	0.24887646328300642	0.26010558143727114
0.2662093262471507	0.26394262051750583	0.26446027569798874	0.2595881734942547
0.24671107422250307	0.248180429744994	0.2755812504711482	0.284120069397019
0.283094511822177	0.28242712080372107	0.2881826833534809	0.27880952557911826
0.28452042651274134	0.288706820969084	0.2885545075816031	0.2845005801131263
0.27115028159257604	0.2675127029486147	0.2682701336354516	0.25911749764923436
0.24484765863549504	0.23994780821851117	0.25137818560503417	0.2724063542506773
0.25215057699712845	0.2569690501445841	0.2575425756455971	0.28196809858187505
0.291079681499204	0.2936469547032341	0.2923578149124271	0.2966901908128994
0.27861863670469245	0.28571593265337825	0.2893231003462046	0.2819823408671188
0.2729682143927996	0.2712613403970825	0.28751675990383696	0.2753653251512514
0.31485816635818936	0.30937468876878654	0.3119205084198915	0.31600543559249417
0.2796359800622311	0.2804438672238154	0.28384998782290227	0.28193949579552285
0.19956787603714993	0.20394553014476766	0.1998599349004783	0.20515285832538557
0.3270223593568515	0.3205867490691617	0.32252768818345706	0.3337137973695241
0.2719766640720348	0.26883369408034663	0.28658271851446854	0.27619256342573356
0.2569777882508364	0.25705967613497605	0.2519879377764871	0.25836605313271016
0.28156817954832314	0.2863550522997511	0.29253262830434945	0.3058217784436401
0.26103175374428683	0.2598520676638781	0.27386105430135466	0.2553800354266226
0.3764250935047545	0.3627611700430311	0.36978161078843624	0.3643775894722174
0.2949109442497021	0.30148938960886684	0.29530947697481297	0.2812163726739533
0.1985867710137744	0.19485829198964175	0.1962354694360338	0.202731221549167
0.2416967391015424	0.2475264392838297	0.25601972888505997	0.2514517688425655
0.2124388605649429	0.21342286272167302	0.22100157599695675	0.24012762868028342
0.25980165479607525	0.25938092405506963	0.2575812131040314	0.266058829308968
0.3723246943508139	0.3741576192725442	0.36218162671679216	0.3265682568805909
0.27633390909851174	0.267146377549753	0.2912197720627447	0.27823124329246296
0.23829608079485756	0.2394049442932573	0.2318028453337425	0.2367476379273386
0.25830376778912223	0.25916437150194643	0.2612438276315829	0.2632479860106041
0.2848140254859917	0.2743614782323746	0.29406832720019555	0.2871767809356797
0.2375471208723237	0.23456664561900317	0.23113980341320206	0.240674348736221
0.2810207004245968	0.281983659484625	0.28898171579642173	0.3083639174737555
0.19464378063647836	0.1919403081308074	0.19481547205718655	0.19370251396676266
0.2819581351308652	0.2816995599124752	0.27791275873002147	0.2762776350426836
0.34083992850452643	0.32971455831260477	0.3378708816952149	0.3338678461632862
0.24488926989159948	0.2530543501891974	0.23846036019394595	0.24912514946789774
0.2681703240570465	0.253964158633978	0.2584468622897523	0.28136446152303535
0.26175623380497537	0.25987204879070486	0.2632468478921909	0.27229570920204843
0.2573580911761176	0.2579635251901576	0.2609916085572817	0.2590206475623504
0.2528326961959774	0.2539047855621339	0.24835460647559923	0.24075284601050295
0.2839614757582671	0.28030052289130064	0.2779751438977479	0.29395676704209134
0.2857761922798075	0.2888246453101077	0.2771733245770212	0.29459174295778023
0.2590878923720575	0.2603005507366591	0.2582366283402305	0.26629894110707747
0.248864449339733	0.24162974604403512	0.2606055153289868	0.247740342581258
0.2660347142128567	0.26076130375655254	0.26257933368230935	0.25252054718431266
0.24921416355329506	0.2526146605110258	0.25385791342449904	0.2526559080774681
0.30256057036475675	0.29914869840547104	0.3022579599256667	0.29002456818846284
0.2459529121740049	0.2400823560535961	0.24733369244723066	0.25327564058700563
0.2861718811619425	0.2808521358421471	0.2827293612832016	0.2692542438141106
0.23583267069219654	0.23548241100464015	0.24163318794611424	0.2336299605002379
0.3062445952598551	0.31056432430711794	0.3093337539420951	0.30360246047487066
0.3491895413106692	0.3489351002719721	0.3602785339962256	0.3503664319256188
0.30489402693825723	0.31139297881288486	0.30774675012501496	0.3311629264207545
0.24041211630315962	0.23642520734313324	0.2284464257388957	0.23197716782557437
0.2417934280728599	0.2401025016226823	0.24263970778896746	0.25596072489134175
0.30030254955991864	0.2936023531258772	0.29276499385483873	0.3218671122167864
0.3114597643505561	0.31642570136740455	0.3056850293685132	0.3317159828355716
0.3124057345994259	0.30927588695685815	0.31952895498361844	0.3195055834899494
0.2812131890450811	0.28765620950380605	0.278865195392402	0.2875848046810468
0.26543861774197225	0.2752669701434054	0.25389368369215115	0.26210192139032135
0.2987730064946311	0.3015959516506447	0.3012148053865156	0.2958754931968105
0.23433731897057064	0.2378031073706974	0.2238843025762499	0.2629924920808212
0.24890562432775068	0.24894767199498818	0.23819203134247302	0.24698129460366564
0.2580300119262784	0.26375824682272486	0.24275575102915178	0.25541952616822455
0.25611688412116845	0.2513941870312791	0.2709978174784472	0.29851359627510005
0.21784392239616632	0.21717283126577774	0.21487424220480095	0.22495046527537949
0.30320338680368436	0.3072140972246658	0.29924251029405213	0.2893231749967005
0.21384544993093982	0.2193899801571319	0.2284354762966581	0.22541539698698604
0.22300730382537126	0.22074973357403554	0.23373559305244548	0.20047264171841295
0.2761330107559342	0.2702766858539693	0.26583818168487533	0.25918320575898335
0.37484541165510193	0.3758416463279365	0.3594933546568347	0.373086227950587
0.4541913323557766	0.45101541327418393	0.466849805973465	0.45858535569592895
0.28050603871449376	0.2819653266826066	0.3004450148636007	0.28875501912173324
0.270472922884049	0.2688344758823683	0.2561288835462861	0.2645878858543163
0.2658666159758108	0.26453702816951147	0.24931519760881188	0.2631125628165454
0.32412716220708127	0.3164367519311459	0.30998537021254097	0.2902666812345565
0.26698472506398646	0.2594114519152365	0.2859181557705014	0.2598531543787341
0.44734439520568725	0.4393196342188044	0.43201519329678034	0.4456855735381386
0.27753539290874735	0.27855493921186375	0.27648904283173015	0.2748335463521333
0.26121332864344615	0.26469419074821876	0.26959886614670375	0.2696618570681249
0.2771446338267015	0.28620270981149315	0.3043374908232684	0.30897212157442444
0.30024513132505715	0.3061492859986821	0.30566342003205016	0.29929492538593394
0.24129141306225238	0.23667076545647625	0.23338810907801796	0.22185046235478173
0.2771834233849599	0.268423367612176	0.2745144909101183	0.2784258132652736
0.2612690353984555	0.2551180223026141	0.2706887675488164	0.2634381631436245
0.4350052555009517	0.43461379898528824	0.4409151759428727	0.42711583834990496
0.40192885583741333	0.39713765155108227	0.3993791090956997	0.39215456744913135
0.2806598652006585	0.27357132055013683	0.24771936077428702	0.2713447459988205
0.2517712697818325	0.2447846967500013	0.23923302830341647	0.2362281871452139
0.25451394609892836	0.25777874280060836	0.2496218386144618	0.27691851991399524
0.30563737916660205	0.31471918630705953	0.3142993731423432	0.3100288520862381
0.2730019836682418	0.2715143209083701	0.2727472494961863	0.2700883719023528
0.24925316633576913	0.24653175419796924	0.240391194832582	0.24221898303055206
0.276080016388482	0.2772008789663982	0.2666776075687555	0.3029994335353969
0.2157684690987704	0.2142321916825382	0.21086060111898575	0.22708675629878916
0.20758848876730024	0.211245064408671	0.2148679196842303	0.20686174122111772
0.24049004997741374	0.2430206266631108	0.24159120327944614	0.24607207706192216
0.27221561562713653	0.27589259527328924	0.2765816211601563	0.26094473288921394
0.3029889396526019	0.2892521255942423	0.28539593377440514	0.2819446661210036
0.32184844610623836	0.31083005475202535	0.31254404500161204	0.31694475623621665
0.3084912632839498	0.31256155686980913	0.31577854081658274	0.30646286605468487
0.2214975804609184	0.21969639297975094	0.22465302116113287	0.2228951301982112
0.26698996330975555	0.26406026921528186	0.2974992117473092	0.2910210285719591
0.24583638381011758	0.2506056923702414	0.24087724994983012	0.24532979666674698
0.23180313620015594	0.23316603212380888	0.22809467075095885	0.23544012161105143
0.24576405085269137	0.253464303533716	0.2596734538543457	0.2491257903182797
0.3513593292325252	0.3577700337302022	0.34375878135199933	0.3445981018215036
0.2543503792692461	0.25351300127276183	0.25986822558206885	0.262924945603614
0.2794066049204349	0.2783862464888504	0.28500300871643136	0.2875215469118739
0.2678732852213271	0.27318254709848677	0.2752740141200142	0.26849789898321386
0.23774178323215045	0.23921529157983978	0.24831833968254882	0.2321601422951807
0.32671446159122913	0.331100057731706	0.3375471250394715	0.315577370611677
0.3207503778773446	0.31763142429705277	0.3079899337874655	0.3273874706480212
0.24601455532264277	0.2388318143140897	0.24591684218872847	0.24690689248857187
0.27769106077544753	0.27504311167448053	0.2715114359933086	0.2729093116363956
0.22391092806906474	0.22664470952559942	0.22832661113612376	0.2184577919738168
0.282497231371225	0.278317445376608	0.27214352784739415	0.26714305504393193
0.23276243714961853	0.230025314699599	0.23359849897370352	0.2514425073279934
0.32999202507410963	0.32787348076256717	0.33296094089123757	0.3163591967347067
0.2923711236636258	0.2992176936110427	0.29263883588571116	0.3107279151961937
0.2488205421039338	0.24318482046035117	0.2617597251344412	0.25400477767429014
0.2848701307461544	0.2827458298785946	0.2923370728934882	0.27379766500670394
0.2927446271926576	0.287286585216764	0.2601257085955995	0.25546310455478877
0.20777176885857382	0.20990660230190214	0.21175257224636748	0.2147945276583304
0.26525135566050567	0.26067167769502164	0.27074764182210614	0.2646694291614962
0.250922304001904	0.25333380482690365	0.2461509810652743	0.2722274393124357
0.23303444679902213	0.2330977494013882	0.24409859617136562	0.24679650646273252
0.2876212883944204	0.2948271679362939	0.2908084097989463	0.3048012588454965
0.24798938170404897	0.260755208465945	0.25781895724033105	0.28513504599756023
0.3038337630472411	0.2958938529605763	0.3070770527150942	0.3132180690396741
0.2578620440494755	0.26138516541683043	0.25550438550885124	0.2555216223945821
0.3166109302041235	0.3229854870924806	0.32356851020307786	0.30469370780532457
0.21746198544323483	0.22448255318718058	0.23314561141914772	0.21979695870415436
0.2838499506150827	0.27795886704915684	0.29427242286931043	0.3047851839078849
0.24498571305775557	0.24847515983954288	0.25362858626179835	0.2536383970010763
0.31987426731574825	0.30885787552508437	0.3321770463317797	0.3086129663560997
0.25608979507745266	0.2599601911897576	0.2756056311082615	0.2794287637983867
0.3110724405232212	0.3130083794655584	0.30742002310696287	0.3161968556384861
0.22102789331329944	0.22483727094941583	0.2244567188332702	0.22521458464812635
0.42058258162223316	0.43172635862705244	0.40794005068353134	0.4047544861697033
0.4269350414391594	0.43383093151774454	0.4235056887708542	0.43445008758967557
0.3651088571357219	0.36202841913390066	0.36033745917260723	0.34967163280351965
0.26976479364956574	0.261537926366709	0.2664433961962379	0.251740601863757
0.26178516888696085	0.25086735529683307	0.25980063618140237	0.25604817217952824
0.3349296511653705	0.3310243990598206	0.3208473846750875	0.3121647045811948
0.32096002946481655	0.3169761586220416	0.3193254256311696	0.34139537542200893
0.3046182433335916	0.3056952995050171	0.30357249178673795	0.30806231282237845
0.23107466993168996	0.22909841638214157	0.22510526268047706	0.23164540291901436
0.2665723733220135	0.26293243894538787	0.2724005795937322	0.2574615893527605
0.2642363086373332	0.2658823689847466	0.274563356434197	0.25630648964040453
0.3028502648056946	0.31113936915073775	0.2917142346777226	0.29449202544377806
0.19712576199287046	0.19577074957556084	0.20323948372711897	0.19088785363045987
0.3570422660564471	0.35971120223864544	0.3619844065527381	0.36523796011341075
0.23753306461615947	0.2370699088965854	0.2552323149977449	0.2505983005030181
0.2808488605083753	0.28168460961164776	0.27290942546588803	0.2674720254729272
0.34372716502083217	0.33287300393488634	0.33978878829001213	0.334703226044638
0.29857274219071905	0.2971116308176089	0.28611669291687614	0.29553535606458675
0.31411341674380916	0.31382431467990135	0.3176607491604652	0.29796363574741247
0.2337727174007777	0.226647265247972	0.22573929270630586	0.23510730413947545
0.21446796113558564	0.2111873655553667	0.22107575366310245	0.2140181086505205
0.19048128092974564	0.1896222010067674	0.18503427717278684	0.1822167489386174
0.2529830156555198	0.2525123952197295	0.24622856622016023	0.24654175843829632
0.2555009728627637	0.24783258201816197	0.262920007283966	0.25436503818374384
0.25369306435505334	0.2551491542893764	0.2531569491715695	0.25289780109080706
0.3488824486224024	0.3490464623582378	0.3521466941324219	0.356597725944799
0.3187943433662337	0.3168550523561225	0.3257034450132475	0.2974608356934218
0.23852680539127372	0.23922775515066566	0.23066130351536543	0.2570813189527077
0.21420905010023034	0.21815710145968648	0.2272223396570727	0.23104634660330892
0.33513657219551757	0.3451450407956979	0.31682310273082726	0.31859740208866794
0.22006621138981752	0.21701021673263624	0.20800643007172928	0.2313155452480178
0.24216774589874354	0.24851277162044205	0.24565340121344845	0.2352714045054367
0.315517426158343	0.3226656941114736	0.3121205740634438	0.3181903366618228
0.3706305111920429	0.3718608373823355	0.3704709959004463	0.3795139493729427
0.2801162115547244	0.272318974703654	0.2782806949445032	0.2636819172099055
0.17523370499426047	0.17953845618603836	0.18090892017249707	0.18400944261557994
0.27939761000708735	0.2799582921273435	0.2702741297742806	0.252506451146309
0.20728254756501494	0.20333877239083537	0.20567192864029304	0.2121683309210724
0.22524757540242749	0.2196812812496961	0.22826681774809035	0.24096849206186374
0.30117854866055693	0.29787946939567184	0.3043563302220263	0.2823013360931611
0.23749155682122985	0.23402564750166485	0.24241012369665588	0.27657700629219034
0.3142792510023068	0.3188821774986663	0.30312024968818385	0.30349574005156976
0.3309739862987185	0.32700111415908356	0.33946089864031515	0.35427450586970083
0.30514120849370624	0.3036680131466401	0.3145637968111916	0.29469646689139034
0.32229549286780246	0.31559837330828155	0.31000540645299823	0.3370680516657251
0.26883055731978506	0.2705263993412196	0.26581734592312994	0.2926349925315108
0.3123429671352355	0.31613341968167746	0.3066431972369003	0.3019630331072242
0.25894613153936086	0.25714947504193586	0.2595463863072202	0.25563809595819553
0.38766610437237925	0.3877766364440466	0.36949020598003696	0.38906496418362857
0.23636461007380577	0.23094742146516012	0.22618272334666453	0.22834886276786115
0.25485718425527004	0.2504923827145768	0.25851083728978946	0.23923996805840642
0.21583583453942012	0.2159313788461888	0.21798154358039043	0.2170753322692063
0.25411149920663934	0.2563004224897995	0.25013254990116907	0.2578833839329178
0.3914765657117811	0.3905555083376801	0.3563262104033278	0.3647122128130339
0.2938630017725132	0.30164755536530224	0.2831942069426298	0.27773282112095027
0.2400964560744697	0.2388693462886961	0.23798647001822595	0.2668788005859193
0.34443677347481116	0.3483267996349306	0.33658394050931156	0.33985022797927034
0.23454834653337717	0.22686551192964544	0.2303797924580587	0.23246975952173424
0.2629812264965012	0.26320252052424814	0.26798621825233704	0.2509550036518354
0.2678026503671032	0.2733692563335907	0.25562528079491076	0.27118650677985023
0.2751049222858418	0.2754833647654896	0.29159004736983907	0.26607817628376024
0.2833687282130726	0.28615263684870457	0.2923483222789288	0.28621577383303537
0.20583953396140764	0.2078335945309278	0.21153582519835287	0.2074198970596603
0.2721381686760589	0.27243415652248437	0.2726859155995013	0.2551979278891576
0.31317102484357573	0.30300976301232746	0.3152244879461013	0.3220668957641271
0.2445483557188705	0.2463940991086718	0.2542573049264492	0.2598584509330789
0.2081921726409031	0.20765722369519155	0.20403736395922148	0.20872951985471383
0.26753472064104594	0.26455260314568096	0.24947822674658032	0.26290585602996575
0.30563156684508574	0.3060313401856249	0.30977733239354044	0.30530002133354645
0.26426034636996537	0.2661973936913043	0.2756328557914769	0.27151062482359356
0.3156469172286627	0.3200762362322203	0.32292022972745166	0.2889977796399126
0.2529774505063701	0.2534829390510353	0.24977353058912696	0.28745720495368415
0.3005104659294686	0.31783823041997467	0.3173931289284344	0.3122263661433998
0.23732615437382074	0.23679147988555585	0.23145834883325478	0.239619535893635
0.4290126470977961	0.4194330473827044	0.4288706723011541	0.4283885132043745
0.24397053341659636	0.23924591627663885	0.23629874110339727	0.25073010633536896
0.2862547738943852	0.2807883318695886	0.2856566593927912	0.2830890722590395
0.36393244331449426	0.3680999357917474	0.3634685298239	0.342734547738108
0.29460389400564846	0.28691554719535606	0.3004151583415087	0.2784106131523597
0.26978187127904235	0.276288310433769	0.28200801122769126	0.28263324019568226
0.219739468984684	0.23057712748679687	0.21664137642994374	0.2246523005675758
0.24250508210586783	0.24282478980347205	0.24794109422618477	0.2429474947108351
0.23248615262501401	0.23484849210481024	0.22777162921424682	0.22983657699259527
0.23256192124943384	0.24297884386559435	0.2452829910867622	0.2529045768053909
0.20185307684824555	0.2085295890500032	0.20479400046225252	0.19873179474057928
0.34065028490905785	0.33365954688602745	0.3378170685344192	0.35572462403689026
0.3132431901060999	0.30316982525229264	0.3142797249921645	0.35307820283126695
0.31217268837500517	0.30983386286490233	0.31823010621098013	0.3008832159350289
0.26885318797652724	0.2662974625398927	0.26403003289181054	0.2785973524608214
0.35167688565542793	0.34145643814789756	0.3573707165339263	0.3960501882198985
0.32003175301310804	0.3241781069376404	0.3360455876947605	0.32905402435988973
0.2610094754024471	0.25571148163601204	0.2670352189749391	0.2551865358813876
0.2840421024791609	0.28820633360051445	0.27269413862261577	0.28913885781167914
0.27744305786748347	0.2871118396681936	0.26449179774221476	0.28265135157450655
0.2474175576001694	0.25404454317930564	0.24414080291003748	0.25381079500979425
0.28456001774450096	0.2867717626150883	0.26034953153986296	0.2640527068739725
0.2675941123911291	0.2653865560931418	0.25767316056678885	0.24257827670669896
0.2979838978886131	0.29090340644283663	0.3052764542748651	0.2893050719902719
0.28177793005491386	0.28261945625043294	0.27876254169043235	0.28913327502664077
0.21372655320278436	0.21491221422587065	0.21150548162649294	0.2252272944857837
0.30220538206577835	0.2909251890227535	0.3086050914235798	0.31213220588164214
0.32113209907443063	0.3184552142655358	0.3151696680419682	0.30464159065978486
0.24394217437627147	0.24859577328312063	0.23608769787557507	0.2569096471060293
0.2850985953362182	0.2788542430145546	0.2987112417020371	0.2908969710751194
0.4635807589975962	0.46950049678572614	0.4640687692952932	0.43483993167140206
0.20137392663949816	0.19813279934702205	0.19419980977057305	0.22680611924794147
0.2612322569640524	0.25914236556586234	0.2656632460290665	0.26941009982013997
0.3010102757287467	0.2993872733701634	0.2985521258369825	0.3163612294533463
0.2638964864835032	0.2699622742196702	0.27243062235906157	0.2770557652968346
0.27497710528324987	0.2673549092739069	0.26548725759093933	0.25987625375474216
0.2578328390716633	0.2559505191701373	0.2578159378747439	0.24873274112148516
0.30247592212138597	0.3125865715253761	0.3097580452650388	0.2892189581843088
0.2334590997308653	0.23834717994519106	0.23286696443389804	0.22451574172429922
0.29334903302776427	0.2992579217510697	0.30091455855446464	0.30687488911080935
0.37400995770491713	0.37512378123794615	0.37231759044564194	0.3834119574620098
0.27145609977064766	0.260969262609209	0.28324890889397397	0.2679870030229153
0.2555897540661389	0.25932868102884016	0.2646496688581127	0.2664969625873545
0.22554005057484772	0.2230270878551553	0.22762871728375542	0.22389037122106417
0.2977237429084992	0.29352735365523414	0.30713794364260166	0.29321910578307586
0.25246126587256323	0.2461563901161024	0.2444745288734691	0.24942797627743088
0.22940070595885861	0.23358734670545414	0.2423007048868292	0.2509447797961462
0.25277463072617495	0.2531010733967925	0.2561129493144208	0.25636675676818943
0.20871926846654176	0.2130581958346476	0.21358059216605807	0.21256913063098823
0.23769120154733073	0.23922412289626716	0.24304130365994486	0.23671930684277395
0.2972136619378197	0.2999373857420847	0.2996600318805767	0.2785474115358915
0.30369797824695394	0.2926912318033653	0.28398205037422125	0.28596715234715264
0.25915647974919165	0.2552959741534567	0.2638137398468137	0.2627144066285603
0.2372142333218393	0.23897089524961182	0.24946191428161227	0.22513140828403486
0.2506261460328844	0.25098241400789917	0.252341173658252	0.25467830929587326
0.2708474910551008	0.2884091191977564	0.27108474306207725	0.277348260624857
0.2872339884780276	0.27432484613008207	0.2801229762592538	0.2785444750851167
0.24695908261674052	0.24856615880880398	0.24003500222508267	0.2423314995712769
0.3190653293928967	0.3091297475131439	0.3154741277961076	0.3213092922221593
0.2310450753578564	0.23358737772858867	0.2267103165527819	0.22412361115957727
0.3375967264953191	0.32839684345941217	0.3558344682803321	0.31736040557943
0.29917405222446003	0.2947681213700908	0.29396834871075045	0.28698335619526766
0.3228040845273597	0.3194357085647809	0.3100475581370746	0.334083218789701
0.21802030033920386	0.21853913630064078	0.223529927741565	0.2121687354018078
0.23804919300794722	0.2419353395869104	0.23496590153646352	0.24066360039472545
0.3712937525062198	0.3614900277639015	0.37184878080433514	0.38664001042903756
0.2470188123277105	0.24377324419902702	0.2543979671059893	0.24172762654483593
0.3048951274320444	0.30654003173802025	0.3053227937809416	0.30447048846576896
0.2818961638494086	0.28513727887994333	0.27819015373792844	0.28488389827471544
0.24244140932103123	0.23868201237399403	0.2485621224484036	0.23539081050782945
0.301836100328765	0.2994154177876573	0.30320210205773634	0.31830764832377334
0.2959500616354211	0.29528164728111717	0.29598013134528045	0.293466227782724
0.26945391020474346	0.2669443673280906	0.30245494703620035	0.285045843877214
0.4301149356939191	0.4261891017349889	0.4042645538380334	0.3855330680865837
0.26348396762166404	0.2663232540575633	0.26841143930212275	0.2801814555425592
0.29277214529602263	0.2831056555535248	0.2810914953160696	0.3012040540826934
0.28058039265196927	0.2753729280768097	0.2734055204667882	0.27179425754167535
0.2793027703252605	0.2801307922944377	0.24743024579097478	0.29726913776636243
0.31414842204446464	0.31459433253191155	0.30670041927956687	0.30518937037482896
0.2836213371637427	0.2815136913393783	0.2700267634579383	0.25808974068118207
0.3031135701351677	0.3045328913120563	0.30501251992209033	0.30228437261349667
0.24335394771294994	0.243513476443351	0.24387515096086357	0.2491804502581615
0.28135976478124625	0.2770984292197494	0.3066913734047489	0.2767419951320499
0.2726587481134792	0.26853119034547934	0.2762586418763017	0.28320686278216706
0.3371992164138297	0.340209433277384	0.34016653051984	0.3353579765903776
0.27588828291698636	0.27199370855458843	0.28127118920571437	0.276756682121809
0.20736127067009957	0.20705052825175568	0.21634507818418502	0.2193410111659482
0.21394894754140986	0.2147673746410415	0.21754096819542912	0.21425111501059127
0.2171696789228507	0.22880626099386353	0.21996258318206363	0.22365182723201427
0.21187431875755813	0.20834750948461697	0.21213926067978292	0.21961745376073508
0.2598540622397644	0.2562245693101896	0.2662069355784982	0.27112358359074445
0.3191639027827277	0.31872613310287035	0.32685908294476584	0.2998390544037325
0.28113934106946387	0.28231825541363903	0.2804105223245547	0.2925713940284769
0.2504608744719115	0.253273561586155	0.2420575627712404	0.2529322055340741
0.24102171475991302	0.24693763854766024	0.24417618166237834	0.23665982099330052
0.2488347577123419	0.24903896735624229	0.23737777109087274	0.2606752850197994
0.2545336584362477	0.2526606063897987	0.2464257315399318	0.25530365807515143
0.2858469571267069	0.2974095569177623	0.2785077232057938	0.317462901935536
0.30018412602955746	0.29963385879132404	0.330415580891	0.2919003626623621
0.3006652952631971	0.2960031595939876	0.28919640258616874	0.29744375207636026
0.23772335526464466	0.24161323732184575	0.23059987159081416	0.22678804869288627
0.2698428220521521	0.2675445050089185	0.27140326872854165	0.27602134669035605
0.24472332314246573	0.24350149770456872	0.2541656958944069	0.2536533187379679
0.27589988230607115	0.27370480409848363	0.2730264371817244	0.26794295070537577
0.21561881451739617	0.21258594583833607	0.21565248098298428	0.2292890262541215
0.3231519131863658	0.3217051422931358	0.33845537140614235	0.3211865883233203
0.26352652347364736	0.25561035755200834	0.2657932986613185	0.26029880770947156
0.21546055856912072	0.2123293434026082	0.20846123695940433	0.21339371809833854
0.2808773801237077	0.27159351079754546	0.2964565752235128	0.2579251537114055
0.2226330462392958	0.22342646932889107	0.2227165711029291	0.22194094805170522
0.2132446312668136	0.21344884357801885	0.21923854071521795	0.2255774244727703
0.26964883763009395	0.27110736556931087	0.2676371722078619	0.26104810855477895
0.22031116986528604	0.21692441142668917	0.2250772444034533	0.21604600534730803
0.20171486992265533	0.20357051982119323	0.20078857563977417	0.2093347221299339
0.2775843285993858	0.28119550698157336	0.28105952415033575	0.2866988647468593
0.28048736129593205	0.26728118467443945	0.27609359163985986	0.26295796678992195
0.32862138373761934	0.3222328500515801	0.32869494285971157	0.3276068757910623
0.19991656366436153	0.19942470972272994	0.2002246421010051	0.19726896153207127
0.22599487798602058	0.2328178912023553	0.22975638854558003	0.23343119515369498
0.20723765555645118	0.20707756859809634	0.20650126370463495	0.20018092882742144
0.27750097891223585	0.27591805460594426	0.28047635207439975	0.3040579090311194
0.3389030213057844	0.3394662588217471	0.3394777282014522	0.3402358807294694
0.2833272748241609	0.29555258820678737	0.2724767606420873	0.28695956609639195
0.2169424463943088	0.2118102846299165	0.21538819548987315	0.2170191796014067
0.24683288767098693	0.24601351422604495	0.2555860099157603	0.25369344404489313
0.3380781992171899	0.33747678160000155	0.3392514591723102	0.30913353063133076
0.27437956358007237	0.27962071396533134	0.2749714958529666	0.2753892358497105
0.23965522266431732	0.23915967538656874	0.2443212113610424	0.2348706142545057
0.2841371017666994	0.28943422217579273	0.27805767648984037	0.2874648667215369
0.2552146800516824	0.25670085560422756	0.2545117843162876	0.2730936599938405
0.3423554161923441	0.33690560054333174	0.35665202731336526	0.3825849992221717
0.30403451822236227	0.30624914772738476	0.28296814106999485	0.29794646553348014
0.25039678393811676	0.24576802337449655	0.2473480679849707	0.248753745501105
0.19594975396254513	0.19415712623867365	0.19868157784517582	0.2045463738141354
0.24732124589525734	0.24506415524709793	0.26167134348916715	0.25913755204616723
0.27832493230548033	0.28005970826277093	0.267899954426719	0.2781281554331825
0.27151488688563524	0.2865241161655906	0.26114389559689494	0.27393265827131436
0.249797674327342	0.24499889476917278	0.25296662190994545	0.23217135129030267
0.2239746902954119	0.22379593478165272	0.2246163515471507	0.2267067384044295
0.243909270840397	0.24266421625869875	0.2475715645992406	0.2305537389319515
0.24172751557416283	0.2512248732870901	0.2487390904721015	0.24254904076318837
0.3332391409384115	0.3446973695072044	0.34426780910157195	0.3318934842837293
0.2649171048189556	0.25708342860261724	0.2641251080669743	0.26733168960791437
0.342242091577907	0.3569914818096105	0.3326093020770771	0.31362067024635853
0.22446170335147955	0.22933333642197756	0.23123226145991543	0.23346553472793002
0.2988080002907816	0.3028662910246711	0.29808219605226216	0.30448532080515894
0.286987793644812	0.2911566639590052	0.2753207575434602	0.28656930518983614
0.28538056626794667	0.2859360328448412	0.28745890997951934	0.297334833393827
0.34249295903229093	0.33934309092651443	0.3477723090211136	0.33059633414686374
0.30043194733850687	0.31149270604233936	0.30845245769416607	0.3049303547345504
0.2416653366554575	0.24667615070370968	0.25514130742259566	0.24691195639537142
0.3027467870103643	0.30412310099713347	0.2911257821696422	0.33199275858424226
0.38277381370015257	0.3840636745968774	0.3719855524643085	0.38811058818382105
0.2654327344722341	0.2667069488673392	0.26968642070698046	0.2525806574920585
0.26946222744855464	0.27654018418568044	0.26866055810972755	0.2646440124277411
0.20186940736249442	0.20416441264926424	0.2097065531662379	0.2041875252960468
0.3139518493232426	0.3151406945853121	0.3078635906938397	0.30089944774283645
0.3107460437944069	0.311071832315752	0.3017367297646883	0.3098884681647166
0.26255776782487317	0.26949434809843376	0.24118800423012457	0.2506566264454904
0.20787932478978538	0.2070164372470736	0.2061858635448812	0.2154906047807494
0.21593278186051001	0.21728658588021574	0.21545639926033064	0.22143313011077342
0.35364265728276495	0.35304514471374476	0.33870904707146676	0.3589221486235518
0.28980502366524014	0.2954306905520775	0.28293407392755576	0.2792081365181456
0.3230642873536917	0.31695344227903166	0.303096998367143	0.326767309931667
0.34709617745144317	0.3561382724236402	0.3409055813740903	0.359976457746231
0.36376152445739696	0.35509944701613977	0.35098084951559505	0.3580262308769175
0.24720259924748175	0.2514425468400833	0.24996769975588837	0.23879311982392004
0.25547746932105364	0.24560107553350013	0.24986164772224287	0.2521769913381164
0.2503069656699913	0.24775072222295794	0.24652933422931328	0.25657547066596664
0.2820285542955869	0.2783762088080827	0.28891916435013926	0.2908122734046624
0.2920066629645023	0.29758551077039824	0.29501211289886187	0.2841120808358301
0.21968529309978804	0.2270212946704278	0.23036414079832973	0.22210386391581655
0.26251895049031554	0.26645555361045314	0.25607921142389695	0.26467832612473324
0.21324887429175113	0.21304213673093278	0.20770164805925595	0.21755767800334516
0.2342116245826668	0.23825651517709429	0.2266068663272123	0.24116713383113794
0.3319423833854451	0.3234489184629367	0.34748386748777504	0.3217983853068657
0.21613902698621415	0.21584271935759197	0.20952315813161834	0.22171772263671272
0.2938756124099799	0.28590533295505505	0.31060384091712967	0.2854873120974552
0.35978981358644324	0.36167037293169974	0.36913931223583707	0.354192670828146
0.2397990050621035	0.22703357601687266	0.22901022792888434	0.23229783672809323
0.22569796118594196	0.22954053681542824	0.22059990649347752	0.22479271481311008
0.21447752236754428	0.2081196997584188	0.22219771125956608	0.23385303140656916
0.26660870035983364	0.2716540316090754	0.27984652232279533	0.27941552709711265
0.24605776004815716	0.2491750911756878	0.24197279625539103	0.22424715478854157
0.381804784418726	0.3690589924262063	0.3619933060151871	0.38262630152229954
0.2633409393194825	0.26288684029541803	0.26595018518531965	0.27170631292647857
0.2768740106511078	0.2835629875227371	0.26668083174757756	0.2875202041119015
0.2973344858140243	0.29858860782908725	0.29471109221263236	0.2976375240688458
0.24863775902234866	0.24504846586982368	0.27400256083087265	0.29918672789748674
0.26772027931341524	0.26433525608778163	0.26124377608839777	0.25153522728508765
0.4032047213714535	0.4026483310289145	0.39979095202190684	0.4033061783888306
0.3097532830659796	0.3047898970996604	0.3008550407521023	0.3109748813007653
0.262479759614345	0.2565926665885988	0.2953232709073547	0.2712144344512837
0.21432647296012938	0.2155063929476814	0.21407712991416833	0.21040281912049533
0.2213651381151085	0.22535363227449845	0.21582734064299394	0.23085448714626303
0.36950016582325806	0.3633233620479028	0.3633745690299509	0.36930207331265147
0.2579928716479792	0.2608296594176675	0.26627079773217094	0.27018243219366833
0.2696426053019184	0.2591896817396357	0.28704258113649017	0.27962501035225057
0.25938049678893815	0.25727230372139137	0.25270085872923903	0.26851533146156975
0.2545052740051811	0.25306223297435393	0.25866038195485375	0.26367847595962557
0.29278570184406794	0.28631130317320813	0.2976596520084784	0.29073015599303964
0.2266590543532007	0.23337546928321573	0.2280457896237137	0.2132933493139134
0.2037071990991243	0.21050578095178035	0.2061351692845223	0.20744866369241796
0.2559594077937336	0.24715919889253143	0.26509742594304586	0.27776342419762545
0.3217341574207547	0.32022209978969624	0.31346483115768786	0.32696096039571354
0.260806085470562	0.2601646524704056	0.2525731961320491	0.2984511877721316
0.20618652878116295	0.2066460557471622	0.20573095430137867	0.20514212368039003
0.27170138187242515	0.2745817373572515	0.2718659775911046	0.26674797162715835
0.2316180719328445	0.23394817427162304	0.23802414465574337	0.253153009973634
0.2735293842712538	0.2859781197901984	0.2865369120818814	0.28014168568656933
0.25933697492032015	0.25659846478937476	0.2632462082508118	0.25579332334878785
0.33992536622657127	0.3364707885853094	0.3426403850414057	0.32342212559996963
0.4003246462117584	0.4026268334426656	0.41027298452539035	0.38918519752361824
0.24921745806598763	0.24871159567021311	0.24223130763326697	0.233462242059421
0.3540081010211714	0.35409696947467656	0.4141081011749657	0.39992655870034505
0.28858251044055616	0.2908584585935483	0.28433979135333276	0.29440238331027174
0.3497686967911849	0.3564290748654581	0.35002690144999005	0.31622232310665815
0.2553775988309991	0.2557647960106682	0.2439102189510662	0.26687713526996554
0.21689946926255815	0.2184390740597521	0.22242665294861036	0.22087621145245823
0.23576103651262978	0.2331017365009545	0.24133121157681114	0.2483804664187608
0.27113489833044446	0.28907556779590154	0.27623392610941694	0.30539667616527777
0.2764371879766518	0.2746186586183645	0.2643171190651211	0.2809666060968141
0.3648367754647802	0.3576972986447204	0.3564963804889873	0.35733149813079235
0.2674588932310746	0.2664545911931735	0.2695488358856497	0.2758006794646254
0.27058479080912334	0.2715084519769251	0.2641818179807039	0.2811923906022859
0.24897316190055716	0.25284327738747614	0.25321189560560725	0.25737256690286586
0.33545919971912735	0.3271780043823267	0.30020091982047686	0.3268618213815579
0.309659907677961	0.312387370884935	0.31702572479937496	0.31148680253912897
0.2538257459028637	0.2640210856630567	0.2521380646486821	0.2858241516080148
0.31745437002539606	0.3180576538178818	0.3099424588694595	0.3256866470029418
0.2741668875934452	0.27251834671710984	0.2760321980318366	0.27549229376135953
0.2338051253563411	0.23713707289482644	0.24542723233573382	0.23214417447045987
0.28393017655269853	0.28493578332069597	0.27191018669054295	0.2757695165706007
0.31078097092863854	0.31600265616178463	0.3158921061654982	0.32134159216168356
0.27525830733606904	0.2801834103655355	0.2656824896344278	0.2545159579539475
0.2823254808583092	0.27644067312658	0.2892595817159943	0.29336516573175114
0.2098488478079938	0.21080111432143064	0.20338614417026693	0.22870975688167103
0.28220573296367757	0.28165716208254776	0.28196900406309705	0.27872970050557505
0.2298796961351027	0.22757381850313105	0.2310735890938623	0.26978213046144417
0.22312622239226665	0.2262942674975585	0.2315270488728615	0.2168805325384291
0.26028120923139414	0.25725026514346067	0.2549998154739118	0.2585835698382855
0.22213366492273812	0.21937080203584775	0.22109050478950185	0.2106521815285166
0.24707091882716564	0.2448933220066462	0.24730196566090323	0.2483470427039997
0.29330577846488953	0.2992524114105093	0.28707407471557234	0.2998579116926967
0.2212406697214769	0.23444550043324258	0.259046966660383	0.25096161302613657
0.29179154189069806	0.29248649195835186	0.2842246772690889	0.2849004657633455
0.28260280525426523	0.2850332492882877	0.2816783258194693	0.2723400577246232
0.23807949223801697	0.2411365316676552	0.239101369331783	0.24167164814278622
0.29965928597971503	0.29764729637078874	0.32059334435100495	0.29563156689559505
0.32483081106954503	0.32518201112644435	0.32922317554997255	0.30143919638176186
0.24667917466565437	0.24950616358846334	0.24980605936168632	0.2474966837312181
0.2577903189995866	0.25608389834388523	0.26875070364224013	0.281062531209947
0.20588967335842692	0.20464050032562614	0.19910421647657653	0.21026164722282886
0.26454966686568615	0.26582496695566565	0.2709237043332808	0.27691456808185294
0.28583197513176267	0.28294698231032267	0.2709296060033024	0.2983581705339193
0.3097190180615882	0.30347708472929835	0.3094999524203326	0.3338441708257803
0.20279470500730915	0.2029629120551888	0.21083133799804932	0.20733070246733756
0.34158677033256846	0.33982244558317815	0.33849213382573967	0.3395392530588577
0.2711687607181805	0.26987499713884366	0.2638187200585927	0.26575266144217985
0.26519665568219886	0.26364865578737406	0.26438064753519713	0.27095111602728594
0.2279097938877282	0.23531417022708337	0.24871281463137662	0.2345791306744667
0.2731685629562051	0.2690717811590219	0.27841404751781296	0.2831801094584147
0.26231386128197626	0.26040274369240285	0.272279762714288	0.2609990548575089
0.2991268384436561	0.29032745465383936	0.27767589657930675	0.2968404163337978
0.298696845236938	0.2918514796678354	0.30044834453777514	0.306713515201227
0.27461348120566514	0.2726545995714469	0.2627745457881886	0.2836193126092898
0.3106858121173174	0.30430738300165655	0.30237935264485116	0.28634038457674266
0.23156943441999284	0.2407559436993302	0.25120688405323544	0.2539045683389891
0.24871531612384476	0.261484599246542	0.23147763548516523	0.2427077289192038
0.24728230154040087	0.24426309350872288	0.26127793724756093	0.2385331281928293
0.26413415337837054	0.2650895582219973	0.26164833948306687	0.26527320993140713
0.2881012269611631	0.29949890948218366	0.3005917654943462	0.28287633354195135
0.34388996949407363	0.3401805429997728	0.3382140558383088	0.31566746883926167
0.37751579383156847	0.3858851557532756	0.37989286673803513	0.3555281498692062
0.2893038394911079	0.2870231069601716	0.27393507527562494	0.26644030888208037
0.2663088051803031	0.25885091859306686	0.26945685902143757	0.3005733341071549
0.22972253949664992	0.2385854677671982	0.23590915409867136	0.22935505474335058
0.2620520602111705	0.26473971192909695	0.2570591705955723	0.25727653244787846
0.22326898609105272	0.22586803282433773	0.2328205138474203	0.24283628411361888
0.2651060813183614	0.26215099898767413	0.2700827715232207	0.26715988463712587
0.34202779624178226	0.34023388225282847	0.3516375368846711	0.353485702756199
0.26167996816513406	0.2648371881300299	0.25795600086212844	0.2619820199268945
0.28513573153605737	0.2903078289545231	0.2826696604628035	0.27956805563346
0.30127065976105855	0.30050174069092866	0.3210044369671652	0.3074440808559229
0.24455686372939398	0.24391673315598864	0.24975923175725365	0.23895406610324657
0.2521831588315191	0.2541947604634484	0.2519389776261457	0.25045316845991467
0.22085032108291405	0.22547832920443364	0.216502227443592	0.2164494905440208
0.3033224680123187	0.30416884406937683	0.3368497746540972	0.3035520671779908
0.23862394142926843	0.23695929796106693	0.23905729732605446	0.2254270072156152
0.27917042156003014	0.2744235980169811	0.28552106544146544	0.2789517407124467
0.2864658602299252	0.2736034050573683	0.2671809116468456	0.29070020844589134
0.2294189823288971	0.22879416454360124	0.23240784680220986	0.2470013713207801
0.2203857773197768	0.2239562727523003	0.2134665523613177	0.22879526308791026
0.25042339520272444	0.2527984847688911	0.2589296429513723	0.24298447464659406
0.25081344180906723	0.24281188532375225	0.24962207440926146	0.26174518843411654
0.2865858064877402	0.29473667129998166	0.2906357465590633	0.28454133451255104
0.3299345567901283	0.31864360804435066	0.3291689905508284	0.3382173917113067
0.2878353956228704	0.2917233464283394	0.2957912732798392	0.2865491047687218
0.2611141480486327	0.26145554515671604	0.26801379612270143	0.27977600031522243
0.25018991886687464	0.24688429453725108	0.257604023529359	0.24296395041120283
0.2654103072128473	0.2560600269588004	0.2777978081205991	0.26585837791101563
0.30391238848302526	0.3054272620451275	0.29006853089511386	0.30979750886158364
0.28590687786087204	0.28519996833544026	0.29397722573135554	0.2720894504520682
0.2971812140302419	0.29328345412908075	0.2914727672241316	0.31478085986354115
0.2801981202232035	0.27597502191532697	0.2767079217967642	0.2887974589058432
0.3743486765556391	0.3670003770039521	0.3783995468000296	0.3899488803224532
0.30769399625028393	0.30596086298876574	0.2948448231580002	0.2939587104354241
0.25343682309531473	0.2582165098194954	0.26212255879375196	0.26783557129747915
0.28806317571097767	0.285136784585363	0.29182216972399133	0.2862368110147988
0.2154651100483751	0.21928080773364736	0.20857484641024734	0.2088280996404226
0.3430766473141263	0.3691486035903683	0.3431714780212676	0.3750152432209045
0.2529139584895683	0.259116196760207	0.2563559757154588	0.2570613000186266
0.2329951642301521	0.23701200091462377	0.2273359499594524	0.22418870647097738
0.21016681115629526	0.20686529818151167	0.21569022447000263	0.21828492174686903
0.2584097354119495	0.2539199836858065	0.2516061747927088	0.2569601336891827
0.17450115456198567	0.17524280397950995	0.18159461017871223	0.17861130714559176
0.1977814667874761	0.19933745557909696	0.19458710261902798	0.18976988281358634
0.29610314643535407	0.2982070392756397	0.30498154719154064	0.27907307257634834
0.2907796791370504	0.2905327105954893	0.2719311108208537	0.2944807123721311
0.37175142024074637	0.3617309635727299	0.3788424707179959	0.37064779418952204
0.21176776790048654	0.21930516864315572	0.219167580088767	0.21812343869192405
0.3501873800002219	0.3494012034492043	0.3333330381305592	0.36669412242961813
0.2922469118344966	0.29111904900441565	0.28351210342125294	0.33813179112975195
0.23233919641350745	0.22615563918034215	0.24444552903234398	0.23703334797737896
0.2973402970438934	0.29659834068325525	0.29715750073353725	0.31992562354229953
0.23324811583552948	0.23219628075189572	0.24641213816327656	0.25429436275885947
0.2669112190600293	0.27265568225116005	0.26362216451540793	0.2690144705417139
0.2304285518761499	0.22945383139881376	0.22314585278933755	0.23628078758294846
0.33332555689153565	0.3396873789291475	0.34569624670771837	0.3418282491101692
0.2519783281023637	0.2516852735671976	0.25297872910718605	0.2508446567474696
0.30189054887760974	0.3043052994897738	0.30601362221367884	0.29967899546599747
0.30678654198022154	0.3024761008141579	0.3104688066807927	0.3022428105617245
0.2793303942506093	0.28151037522277234	0.2762494453338204	0.29764584974027924
0.2713247846742674	0.2646642521318821	0.2599462747018887	0.27657130993889906
0.20889923271758393	0.2129694455431323	0.2152678116140794	0.20812776344467598
0.28316358580570566	0.2860685546873443	0.29880206153259464	0.28689212012200527
0.37203886033122296	0.3730128993139546	0.3744699777277959	0.37446124154000743
0.35251490179194983	0.33972230164234773	0.3370924822397703	0.33326970593986954
0.2851906153103457	0.2878638921647309	0.2881172853392088	0.2954878816543386
0.2603409828832499	0.26040219826374345	0.2743591374027714	0.27531675540595163
0.2879021957118979	0.291739745560144	0.29180603044394415	0.2971923108668982
0.20671754464220765	0.20681243599356794	0.21016911499686472	0.20157470716152437
0.246537751349247	0.24796271652187452	0.24123535236990737	0.2635869898392431
0.2605986034915122	0.2613826417756617	0.2591490939017963	0.2558615481100648
0.24075907062099083	0.24712131059156783	0.23899698716847312	0.2837708813109789
0.3117585055533573	0.30400186652536937	0.2935461839119238	0.313421487853548
0.22362033249532648	0.2219830024492798	0.2218015140389118	0.2403106285979536
0.22603534711865841	0.2308969276346817	0.2414107400921593	0.2595838136661969
0.2405069967836824	0.23926470535550715	0.24204962550284462	0.2319471045462111
0.27942182951283656	0.27601010206698195	0.2760390836943775	0.26881143611994696
0.24753549873778194	0.2504573181476945	0.26050558775457644	0.2423601453723376
0.26906362034587367	0.2688585637223676	0.26322474667730417	0.2497574648579138
0.24267303796077835	0.24760007955919164	0.24281465884856235	0.25823808285272964
0.3669354574832929	0.36483485942872995	0.3554322132691135	0.3899173226039032
0.3173197678096422	0.3253423260335156	0.32052653765297295	0.3203223406998062
0.29429430585483185	0.29138493611596067	0.33794451778874907	0.31246789629619537
0.28738854245220713	0.2916126960962245	0.2880598782860879	0.30224957317712875
0.30536484437191513	0.310733664660669	0.315309150507919	0.29705202818510174
0.24696849918869043	0.24307986706897727	0.22428086451092444	0.22833759676062562
0.27647148730842164	0.27199946677219644	0.2695238488604336	0.27994934637752333
0.18946570157334777	0.18982336718250986	0.18465448105092944	0.18275730597045522
0.24575125257782351	0.24261082010841278	0.2438361814953545	0.26985912404581663
0.35240300926201346	0.35629166137985585	0.35846666565352686	0.3554177743160035
0.23087868147192647	0.23163453624574076	0.23009174394993523	0.2406374983806862
0.21549014374780284	0.2324913081404547	0.22684176719383425	0.2273123707561581
0.28401852536551403	0.2857709029965817	0.28503500398434706	0.2783854082266095
0.24800510547937896	0.26104354542492675	0.2434232545173859	0.2516361632632701
0.23037046553722965	0.23460559102388734	0.23455457997736323	0.22849559181623488
0.2221745629541603	0.21835102213268637	0.22558323338937902	0.2287782242417221
0.19235843488436075	0.19703031304403879	0.19521781491515558	0.19402743406603723
0.30470156210954297	0.30170620542076404	0.30662975578548285	0.29745398413338764
0.2831300247768975	0.27596597760274877	0.27802668549045473	0.3016114434361126
0.28057346525696675	0.27993891571247087	0.269978028972585	0.2617937778317091
0.18582937180314707	0.1908587826892445	0.18517644053878224	0.20298211682275014