0.9999283877503186	0.6416921587828338	0.27232803537680056	0.22723894691233992
0.9999356544416654	0.6970909128651916	0.3967058064028582	0.3794948674557874
0.9999357368904948	0.789250615137538	0.4018350867973551	0.4931492328930751
0.9998735249081683	0.6514530397985104	0.3344639942054905	0.3794129884058145
0.9999479921944348	0.5996361935547906	0.3778811991104592	0.22728136083979872
0.9999059501791676	0.5765639966535278	0.34948783357733837	0.335619505115986
0.9999419776793335	0.6085054119111778	0.2607490139294013	0.25829646790482774
0.9998800180856223	0.5274969293667046	0.29860841059605114	0.35809758396511443
0.9998968893994795	0.5669779633044552	0.3385659763265851	0.31234590005225477
0.9998862153760182	0.5606185888623072	0.35123826956447796	0.2890243757340286
0.9999601800613158	0.5913068693427711	0.4016299166121834	0.2155891483696841
0.9999599228967642	0.7582045386749194	0.36079592813144895	0.21232201473565382
0.9998844824037287	0.5463953617795405	0.23905996960194428	0.2887072092772773
0.9998769854553499	0.6473921794367671	0.3044105343420342	0.364867054397761
0.9999372802295203	0.6278293769699969	0.32730488567249694	0.30073523661936113
0.9999401018341104	0.670249390449821	0.32378831806965197	0.3506369917186
0.9999323701220089	0.6204842837829045	0.39750342450203874	0.3464094212586457
0.9999471173831379	0.6057250273154972	0.3243061151395198	0.2356167373871605
0.9999108974948608	0.4948433024322908	0.2351320916923151	0.23590423076067168
0.9999108974088741	0.6908581338311571	0.29881469213799283	0.27105352368689056
0.9999331524854917	0.7824709523355923	0.37002237857499654	0.35823235461539304
0.999962901942395	0.6700151041037882	0.25086727647849955	0.16937970090846372
0.9999272338990118	0.6101632638194264	0.2670587331438499	0.28286890568182654
0.9999862122561843	0.8882488512624923	0.4354321520015599	0.2891961071663738
0.9999573401367782	0.7731313414763699	0.3527589540911078	0.19680999681255296
0.9999236829054438	0.6860815876933485	0.3254045848891456	0.25833836545527206
0.9999017512772852	0.5616648109212073	0.31368293040056666	0.29836194341365185
0.9999356641440139	0.517324846690772	0.3675475165886559	0.24444191436716162
0.9998748236509725	0.6070950614693411	0.2620056828382778	0.34593572842271825
0.9999166706783543	0.5409859127566607	0.2961400608758991	0.2492439034460054
0.9999521002480691	0.7283502407475884	0.3491985116362627	0.2534395837815009
0.9999487834182498	0.7703501754583114	0.35682310273982804	0.3068225796574379
0.9999279668509039	0.6380917634447849	0.23410905079278602	0.2561654169587288
0.9999114858039073	0.5192634522573388	0.3486579689655857	0.30436087265272266
0.9998884162052605	0.545830977982509	0.2092502354371394	0.30325200991452084
0.9999598408577871	0.6804511581338486	0.2564549460406105	0.16878834165055834
0.9999787676510291	0.9291737063228142	0.49453964945386003	0.4050753543741672
0.9999278921509791	0.7597815963738213	0.38132356816280255	0.3339793810072844
0.9999274034080569	0.5617855630089084	0.21267358522079388	0.2053401695403856
0.9999649024182596	0.8183911363512614	0.39879373693734077	0.24364783420207092
0.9999343972734548	0.7337970619912233	0.3528043736738758	0.3223087923433114
0.9999434799562045	0.7469476243648	0.3407672058039765	0.36775140128615313
0.9999418926979173	0.6756335932619647	0.266152462990717	0.34781522236143286
0.99992668555097	0.5394732174127936	0.3364523233587806	0.3027538066035235
0.9999127251967374	0.5821774284112328	0.32229095436010297	0.37697561438788174
0.9999200374103752	0.5278758661112831	0.2977218660563329	0.24485683502528005
0.9998890801725214	0.5455187295138797	0.3087976957624119	0.2671143443202028
0.9999534367560158	0.7570081669205558	0.36272131146230574	0.24407763962890083
0.9998754636285876	0.5415062855081576	0.2871797778421713	0.34819390741138995
0.9999453456734145	0.6463982090865656	0.35661064805993087	0.2815700856783583
0.9998845267166359	0.5989177880816574	0.2641796347708313	0.302521455143824
0.9998943967662457	0.5376837236393799	0.304415190234812	0.24522208677869947
0.9999543812095661	0.6741841958755413	0.27130385485052866	0.2256432698920114
0.9999430170225866	0.6891698719429324	0.3048299110191732	0.2467374113905181
0.9999236916369261	0.6038473995053154	0.25265344767715747	0.20287843549976273
0.9998619519322532	0.5775483058988892	0.3134927779518813	0.31250686710639275
0.9999082505770112	0.6385550542805424	0.31737979995004967	0.24836000166885613
0.9998655383242963	0.5476322424804746	0.22484943532273935	0.25201811116954553
0.9999002360715841	0.5549028486858119	0.3648582752918403	0.4314238909387586
0.9999142686187847	0.6748276012880642	0.3528636170639366	0.28753073439361243
0.9998963073328319	0.6202849756072478	0.29204388090320454	0.31310675318948283
0.9998727289523612	0.497660060293015	0.20873784021978087	0.2830839795290239
0.9999428646232623	0.7636472433400805	0.37355615963491123	0.38135722037859277
0.9998886340122812	0.5595620766319029	0.33524576453886956	0.28082917564508414
0.9999189641254465	0.5701063314314004	0.329711484390103	0.2288339378169358
0.999922358723516	0.6099832251085772	0.3386926200040161	0.27630259693319004
0.9999455410499148	0.7042329139514156	0.3663563790642737	0.26199049444163747
0.9999133984864005	0.6875358578323866	0.3848133103609671	0.3224822282317339
0.9998855984939397	0.611571586256186	0.3113368814776008	0.2811900639878038
0.9998697094108874	0.5881217064893198	0.25507684799970964	0.3124202647794227
0.9998779061120414	0.5018189812000581	0.28643876445894806	0.2443300803885513
0.9999251913246636	0.5725932764389421	0.2677110408032634	0.2845232143137203
0.9999288279861774	0.5387349987197068	0.3610886879321515	0.33162264320603757
0.9999264535469011	0.7009333002271027	0.3397470319864612	0.3299732555266332
0.9999243953801783	0.6263502100178632	0.34234065378556006	0.28470038012068705
0.9999702433175321	0.6968417633393192	0.4708268212762474	0.36407998005583597
0.9999718701601947	0.7211957860178416	0.3907957314708316	0.20716128704884768
0.9998968881477193	0.6796451683204817	0.33579090492121416	0.28196618133132184
0.9999362341516215	0.6674046353870732	0.3036242318098283	0.3062270498785542
0.9999154048166156	0.56863277424857	0.28639017473436623	0.30354381460072744
0.9999008935370047	0.5163183411745794	0.23097697453935886	0.27648617282872634
0.9999009752334916	0.5668350183861719	0.22152468918060186	0.2479465790758006
0.9999457128209344	0.6079054107950892	0.32576558281077217	0.2410604661324344
0.9998963305929062	0.6125016305097813	0.350284589976076	0.2589979537320687
0.9998928364249663	0.5837857089479506	0.32461800947413794	0.2596074160070131
0.9999094655479323	0.7161855232266898	0.3481633848868443	0.25013740655921096
0.9999153374514852	0.5326399940975042	0.3051013949246097	0.27427997143929517
0.9999512264632483	0.7232907087590763	0.34600822941328147	0.30050550369969287
0.9998979940382412	0.527774110646847	0.2634410566796625	0.2749566468731163
0.9999577095855298	0.74214716658884	0.3072986015036326	0.23375926164176317
0.9999592235403132	0.8414698769955348	0.40265937810923724	0.2802685104615385
0.9999396157161001	0.7381616005420765	0.38163718975140704	0.5268718520153339
0.9999525015729808	0.7031560663350851	0.3946547666782118	0.24787610201866433
0.9999575336813177	0.6756279461848763	0.43391364315927033	0.25276837301472044
0.9998967212571805	0.5189332676027107	0.28997061018775605	0.398310115926844
0.9999636366397332	0.7637688211285044	0.42829068048772406	0.21406760910467676
0.999915695562297	0.5775708404014895	0.24280029406788345	0.26882779538439916
0.9999462788060566	0.6434066642406576	0.25474548764291344	0.2033784155040599
0.9998825397144757	0.6891231704025311	0.34861341710682986	0.34587763998875426
0.9999446985825746	0.6519615629610533	0.32918900225098763	0.28147147243200477
0.9999342391411348	0.7853148466311771	0.38730928166619166	0.4009705434420136
0.9999473005561237	0.6352444769130569	0.36677458875376046	0.2372639274470714
0.9999667895008488	0.8491695497042855	0.4079016339622481	0.3228167062508579
0.9999474921884209	0.5962658047114793	0.35541630864275253	0.2824257892975752
0.9998785556147374	0.5894184969947871	0.3992912616864128	0.30814792413749154
0.999959801780916	0.6831865796558724	0.35764652420013476	0.24654118068110226
0.9999095748279937	0.7644828153579405	0.37771363547692427	0.29356714846013865
0.9999059297650209	0.5930467556457555	0.28534820213039314	0.26934412624630005
0.9999071042150663	0.6184984627630856	0.34065644238124876	0.24422442467269553
0.9999006723470804	0.7122440260348066	0.34373561917122036	0.25529064498070525
0.9998864041584511	0.4957276177976034	0.3232442491313711	0.2650367609083749
0.9999382142182603	0.6707851610341394	0.36738176397523015	0.446504377737162
0.9999431226002805	0.7023749016505115	0.30284354455348794	0.2647966967039952
0.9999455930305038	0.5933771505203155	0.3725345365301208	0.29272597931635436
0.9999358018404826	0.5819364647537694	0.27808863176284615	0.235309889952514
0.9999134764121946	0.5087583366351709	0.3453515782438635	0.2949666121111105
0.9999490339328209	0.650907346230262	0.3549694282096058	0.27426668119733394
0.999926760223022	0.5471987506415441	0.35178674597010257	0.27424622807925947
0.9998919643980929	0.7072366797839581	0.31862392191712297	0.29910077366069376
0.9999027987547017	0.49180681804719817	0.28507857633907097	0.2313802749395815
0.9999238515577068	0.5368118845587383	0.30792422539345915	0.20672206620853686
0.999923755067335	0.7262830777996963	0.3118918783740388	0.31130279239246866
0.9999330641705134	0.7098312871553543	0.36427024180025974	0.3244593716430678
0.9999138032398414	0.6146761164448272	0.3518517932532399	0.25624446354838615
0.9999253908607876	0.6354482069109036	0.33035793734372376	0.2821266360134283
0.9999583529456068	0.5734243034619748	0.4142381030880927	0.2765598024387042
0.9999411134458933	0.6880211051478821	0.2787695174456957	0.3095042545006226
0.9999604734297187	0.6479401499345391	0.3575698356621013	0.21705299119545907
0.9998875497041182	0.5305623832986427	0.29996384017890043	0.252587518883472
0.9999642171000017	0.70938373639156	0.29325321855033865	0.19549737046633783
0.999907359121343	0.5932333236388122	0.24491941741396306	0.256331674395131
0.9998888695514925	0.6384026042324857	0.29969151147357825	0.3197424788605196
0.999900321075935	0.5049463184947408	0.34854415604363886	0.24580169353327194
0.9999613352711022	0.7012449830942575	0.2842405943536403	0.20557660780923467
0.9998755980316142	0.5124307181814787	0.2802576390064603	0.2924255218564492
0.9998958689946857	0.5797319725034136	0.3354996183778708	0.27143778165997945
0.9999300216864531	0.6906928499741831	0.3090749255217267	0.2643520793065993
0.9999279225799329	0.5328088575294972	0.35505805195397655	0.29408805582832204
0.9999121668365842	0.5353488800335334	0.34292316242860854	0.26496649469822925
0.9998985158833209	0.5221972140208638	0.26996975502049164	0.30519819406263904
0.9999269514787714	0.6628240186476031	0.3218453020841054	0.24307066655226237
0.9999226502423544	0.6490154658639953	0.36267765629002297	0.29587322159938634
0.9998915612484937	0.5748260866481152	0.24303750082576422	0.23323564472738068
0.9999510360980651	0.7433552065097021	0.3581576582868362	0.2911782691758298
0.9999281456039962	0.731913613924992	0.3555093142909447	0.27106910064969764
0.9999159418399538	0.5749891406848343	0.33770130454991154	0.2548964797513734
0.999947119922649	0.7005725896674753	0.3097189135793162	0.26578763237880826
0.999936932547455	0.6313464573742215	0.3917124002872767	0.37714837453489036
0.9999203815087642	0.6736564477402625	0.34222089697709707	0.2697767651323966
0.9998983530676744	0.5230842432928342	0.23851814483989614	0.25716081758461307
0.9998494250157013	0.5939532712640025	0.29804651499997836	0.38954973794606007
0.9999741049675098	0.8351527147531113	0.40269969323923377	0.22043004256933996
0.9999408163451686	0.8142090209679784	0.39757323405900363	0.4247950917262111
0.9999521434482036	0.5962862694045193	0.39331847500560213	0.22274803363579215
0.9999279438871348	0.7541583264772597	0.34545410148153877	0.3015874180625594
0.9999641044366827	0.7596874320667083	0.3492829048443654	0.26444097407104705
0.9999337632561446	0.7304130058305485	0.371049130938152	0.3563009335489027
0.999920697186888	0.4821192735733105	0.2824432406334479	0.26052052710715
0.9998758917581797	0.49321601011289223	0.2261047382247739	0.23295221052317494
0.9998892785886591	0.5531053098706025	0.3287160449634586	0.24892420111436447
0.9998855522885842	0.5829306273356046	0.23560283734116827	0.2949723590398617
0.9998993789136033	0.6440023247525831	0.3162781489233602	0.2345962804426745
0.9999398560450762	0.598169166134748	0.29191537401902784	0.19381785798106566
0.9998659055059267	0.700377872195276	0.3358150965789214	0.36898964372372217
0.9998761347723493	0.6170725682016581	0.2824798267002005	0.33791836369418105
0.9998956188602662	0.5303266085765567	0.2301618093452597	0.2706776594445121
0.9998959589529756	0.6385975391788763	0.28905946253924925	0.3377925064611366
0.99990567504304	0.6479086770507541	0.2838767878285296	0.28116541208720647
0.9998705503219474	0.5579945010126637	0.3351272544160426	0.31049826643508277
0.9999035666408504	0.5185297039164785	0.28883754397112	0.23915810587055134
0.9999497053336872	0.6251404343718853	0.35576218668822013	0.25128012942034755
0.9999405650197177	0.7855504293595867	0.34618159608026544	0.3972351234438785
0.9999077244712761	0.5369292429901668	0.3155591689838783	0.2508432523847158
0.9998871610347567	0.6410272140511841	0.2973024735627824	0.35912944925369805
0.9999113312917716	0.5015031554308853	0.3444391278035748	0.26537733903513433
0.9998771773631562	0.5484697447125935	0.23593843428912542	0.32993496975844244
0.999888780707619	0.5551484388804626	0.30825366045834723	0.29347269568421047
0.9999190471360815	0.6761542587883006	0.31142401252385465	0.21800783781922778
0.999889134602959	0.4908388077078608	0.34932390019443765	0.2864144951229354
0.9998851923074196	0.5253593486996722	0.2895923846157878	0.2865293710764043
0.999876575445435	0.5794403913409307	0.22847090686722468	0.30834123444556183
0.9999250326867193	0.5723152329257611	0.2728320122638515	0.2436125852562738
0.9999303936552646	0.7845338401098623	0.38176231196306254	0.3423363031629952
0.9999263960352485	0.5898846284029028	0.2810385860182367	0.2629006684637281
0.9999494814651926	0.6574794730559823	0.27107979400606785	0.2604994964454121
0.9999301727912604	0.5885169353410343	0.35443998402689947	0.2587469577422059
0.9999592678806948	0.5932474784654136	0.40701446982255424	0.35732362510465754
0.9999110787672363	0.6574070087542618	0.31681955143630547	0.29866871502695236
0.9998960477431823	0.6904824123479216	0.3125490213504761	0.3533799637802507
0.9999463690990961	0.6420721125156076	0.29604201113290085	0.25215353938552754
0.9999619612856626	0.6779592825032751	0.298671239093458	0.1986949784090883
0.9998799540463588	0.6621090502469339	0.35826902449651493	0.41277536031978446
0.9999305557485298	0.5853066094721762	0.3463776900341887	0.3604297186425989
0.9999720073678331	0.7252938977752703	0.3523169504462291	0.20000177747915138
0.9999353084206491	0.7805064138828915	0.370798392276376	0.36097498266668215
0.999955321956705	0.8836206251999609	0.42740982714025844	0.4018267767914229
0.9998763770980197	0.5943452959356175	0.3294584815776932	0.34976976789799846
0.9998991110978779	0.6909483479614272	0.3730960329388869	0.25672573896830553
0.9999613914207469	0.6791813081043163	0.2999557758390317	0.1775664013716604
0.9999406359704788	0.7293538272402673	0.38871394427753836	0.3530353718795815
0.99989636799673	0.6583958576536951	0.2761138923372567	0.2939352386758104
0.9999017390225772	0.5526674954370332	0.2860733307865038	0.26850457435900577
0.9999775843575753	0.6876561531523433	0.38653499789380824	0.22893268034516767
0.9999651164242943	0.73918063818661	0.37517901765603984	0.2261212234534532
0.9998887355276033	0.5940564997068282	0.29509240463392966	0.3217288655125584
0.9999628638678218	0.7244366676927919	0.36129996515491897	0.20254754068128913
0.9999248198700593	0.5479765198668333	0.29303252554630554	0.2607840047874677
0.9999606062637774	0.6527498343433774	0.39576860779042283	0.23947194339050706
0.9999221788624911	0.5909491964417425	0.24415221354157327	0.2769163777796556
0.9999492465231674	0.6939977958462917	0.28145353520128913	0.30007283341556856
0.9999003202663791	0.7431552307080276	0.4333462153730006	0.29405794282404435
0.9999571674621189	0.7873978631473927	0.4004297527854394	0.25132953686700327
0.9999104347416556	0.6631058460883804	0.319985651514973	0.2690732490781206
0.9998988411720058	0.7932943497046063	0.41316014033771725	0.36856822688940477
0.9999679069208588	0.8029136256981553	0.44452913835705415	0.2987685486351676
0.999871914740357	0.7654658407907482	0.41017195877393414	0.5557666480069993
0.9999618970673647	0.7388555318890011	0.3161962819186022	0.21655280723270617
0.9999511201648772	0.7191250464904966	0.41482448893898655	0.3022898451425906
0.9998959349494957	0.47783091209981354	0.311791515969514	0.281622518492986
0.9999239504931191	0.7771640962923405	0.3846752518188778	0.4013692137536255
0.9998810268150907	0.5212317075420166	0.28557178266874933	0.26744323447178114
0.9998678943771846	0.7054137248629928	0.3482241763831081	0.39259647153830174
0.9999686558846507	0.7686363348868795	0.3248758038696639	0.23551970258101348
0.9999768784161713	0.6719748206246721	0.4029931234948773	0.22769803451140153
0.9998936859397516	0.5280453997506646	0.2903109466462076	0.2732724502004529
0.9999753446861458	0.8981587409709041	0.4604130302654728	0.4003710679567318
0.9999121122831538	0.5349403686390316	0.32593686287755225	0.290555602115143
0.9999249521205352	0.5511664460661551	0.30313248731614445	0.21297337404960057
0.9998858972729024	0.58092393154404	0.3861297259575979	0.3353440328543378
0.9999660862574463	0.807867293551313	0.38670676412572536	0.255109334245265
0.9998747342111236	0.5845531173441201	0.3122777762094605	0.3079841458243778
0.9998628360769177	0.5175240629559654	0.2580501295830015	0.34879243185628483
0.9998731108981731	0.47939050345159984	0.25312670562568207	0.26198803229536527
0.9999578453354517	0.6563077510659762	0.31144294008101897	0.2050196454228201
0.9998833720182014	0.5711134667845359	0.31645255323980076	0.3013269570683511
0.9998993741190162	0.704260118416013	0.3225934881723025	0.24674197497248554
0.9999591726943946	0.7356666271698497	0.37682863398765865	0.22278398981103678
0.9999644231064387	0.6827776582912414	0.39806725455809794	0.2219063063614916
0.9999078111611123	0.5249975322536863	0.24662968284265271	0.248686895242971
0.9999119442935922	0.7979322653539065	0.38896042871275144	0.3159265750389193
0.9998874855772732	0.5125643750351314	0.2640785214875574	0.24897243220544504
0.999855497733629	0.8072539018915597	0.46073203562997317	0.547680142550055
0.9999146964592723	0.5989285964526014	0.2075911005414783	0.31194185563010185
0.999939295262591	0.6414585546719799	0.3165029505320619	0.28621557904434475
0.9999283130159583	0.5701823839222492	0.3196566193361463	0.34530251160620634
0.9999568301685944	0.652757119750567	0.31581042153790423	0.22076204803805405
0.9998789153414086	0.5370467546491601	0.24224627562619752	0.29067028062542993
0.9999050931582885	0.5392140977518224	0.34901087999187336	0.34266895736268305
0.9999517361013534	0.5943566788465002	0.25455169031817193	0.19717504640558542
0.9998899504937969	0.5963714554234449	0.36794240524290445	0.3509937492924852
0.9999638258165044	0.6993766221789726	0.25281498730544594	0.17111931890670057
0.9999758861372982	0.7795230098063237	0.4296132807375904	0.26253127752023303
0.9999488289772799	0.7410183100946057	0.33586272029885783	0.3760998099411723
0.9999043823187879	0.7197055033525844	0.3764822379942294	0.2897981326931293
0.9999481685881978	0.5980310051382842	0.33739670601102245	0.21889112176707795
0.9999230626770657	0.565745691460418	0.3364890256790618	0.2355132239146805
0.999887037266583	0.6085053738339362	0.36003578653992657	0.25999086835781404
0.9999018069639594	0.5881958061619031	0.3289464706034234	0.286197589722502
0.9998859880458268	0.5684833265197873	0.2527396907095846	0.33351941843683275
0.9999052871056501	0.5726742382605531	0.26203289714874917	0.2349204994416053
0.9999634363384808	0.7144726529916486	0.28879042963262647	0.19058991604608067
0.9999768574127177	0.7480620141629378	0.33148036986518564	0.2041707443720108
0.9998833915798062	0.6085801216625126	0.31103616110756227	0.3401030822672404
0.9999523081300354	0.6835495615520246	0.2694923094256664	0.21990237168951934
0.9999262792894481	0.6021837608025639	0.24510382301878123	0.20999650107789886
0.9998770569977643	0.5262797964447411	0.2745126727448371	0.30946272901004834
0.9999286277054189	0.6734284140921584	0.35637366543686694	0.2603609361374449
0.9998927168214756	0.5129632871936156	0.31313787444939173	0.255089261323119
0.9999222056731647	0.5229614228077537	0.2718049517733227	0.2328450335742368
0.9999462097060575	0.5309800510967547	0.3264229265436336	0.2478827882515059
0.9999765663479525	0.7533531498766997	0.39814523666516877	0.23284585041884295
0.9999035409357167	0.6137694509891596	0.2861639374980702	0.23067204542381592
0.9999193989593876	0.4939751124902757	0.27459821053144334	0.24454692860111946
0.9998826963703851	0.6582534392499674	0.2815701802858491	0.3543061019736247
0.9999428311508567	0.5475798951690708	0.3253582391922455	0.2408549796066847
0.9998985642129351	0.7129535504079514	0.35013111206740394	0.29906738141906214
0.9999338458265911	0.7581897007055334	0.3505767181377795	0.3362269262744953
0.9999265130115089	0.6884537731494539	0.34883035392161327	0.29556271958949304
0.9999087862435352	0.5675940923147252	0.2700787296795227	0.29162772932265923
0.9999359881124105	0.828377856798898	0.4076495496546507	0.5472786212658167
0.9998954200833972	0.5115049414405822	0.2815999101823689	0.25984181041495585
0.9999031871171505	0.5204464055880893	0.250033943455524	0.2789808364502192
0.9999184768521671	0.5994657787043766	0.2240687639592777	0.24214684936281772
0.9999487360825076	0.6937973671823896	0.3330142240022234	0.26667291231267715
0.9998976017047376	0.7656133769442142	0.37148305469924553	0.28629917218731915
0.9999744783580512	0.752221536975155	0.3864483480208581	0.3259856990132603
0.999946846996683	0.6016340228217892	0.3856123237900518	0.2642529446528358
0.9999656480815451	0.8523951879725499	0.4219888559229405	0.28755085243554673
0.99991666617412	0.7409929290386622	0.3401704454317188	0.2755451525967478
0.9999315669176622	0.735403421924821	0.34812088668614005	0.29757123934776486
0.999916165057894	0.5937673231211797	0.33815978290491105	0.24267345824232725
0.9999329879355384	0.7124722039772277	0.35927090411002593	0.30394894499075437
0.999910533792895	0.5358930942311154	0.23644694221264542	0.22749525794254713
0.9999484417533757	0.6705346416529743	0.36475789189717445	0.2444449601473411
0.9999601843635274	0.6810791173758994	0.4236834835400266	0.2770622911135714
0.9998827818694399	0.62036264045288	0.27048194204012815	0.3616216159696856
0.9999477641707685	0.6192955280397034	0.26859105122449306	0.209475643173746
0.999868816161294	0.6708647758130825	0.34282686060492573	0.3771976740543691
0.9999079113934568	0.5690343779565593	0.2586623054145726	0.2766175930792547
0.9999392368657262	0.5844792293679483	0.33233763917163406	0.24860419010182327
0.9999455036184725	0.5549783245592986	0.2680464607686223	0.18797279504978903
0.9999257142177758	0.7064104928182906	0.33200662804281805	0.25437497390957176
0.9999444021832289	0.6550718448229724	0.37973103352944826	0.24855882096683365
0.9998859515574435	0.5690531240038434	0.2953584378806839	0.31639235287366685
0.9999262197738842	0.6960945161453957	0.3807364327668	0.3321318512675264
0.9998957407808614	0.5606135584967751	0.24841533724647652	0.2844360943555589
0.9999476037691583	0.683567064975049	0.4374021833123506	0.31726929228160217
0.9999568942611565	0.663194623870713	0.4048468956376505	0.20843972622775614
0.9999856511779297	0.7599199458152035	0.37594867525308506	0.2621949482554269
0.999890064772341	0.5702554677569895	0.3499707454347806	0.3372794278019704
0.9998861153053394	0.6907245747618205	0.3041278101543978	0.37294489131758707
0.9998979036856265	0.6459682147248758	0.36989597251281015	0.27547137006087474
0.999911445251199	0.5291227399230414	0.36243003558589576	0.24975355792928391
0.9999261807628459	0.6978898978593083	0.3275366231008707	0.26613568303218843
0.9999354117163598	0.7725659001938964	0.35599788805252086	0.37916419466660123
0.9999302469930702	0.7339265615287505	0.5249124469866583	0.5375873068722207
0.9999420512775109	0.5493862347330287	0.329104215577815	0.2403725790871485
0.9999424597096468	0.6203156727805904	0.2868256198457197	0.2601015340913393
0.99991089581769	0.6127563994515697	0.3720492249925018	0.26018981508403904
0.999923852414193	0.6487694740638198	0.25991079155166597	0.2574264508789881
0.9999123505857619	0.6249261882500468	0.3644392931018718	0.38628129028047337
0.9998738641254368	0.7056676959354302	0.3199767966098953	0.4526006159156783
0.9998952012819524	0.48205920014188874	0.31918261928372227	0.25015049363570957
0.9999384466424158	0.6135837023482212	0.45194951190945415	0.3388270665337183
0.9999598531552955	0.7297524084508652	0.3117674575696481	0.20271121740385464
0.9999593036536406	0.7330169722919891	0.3249044600084877	0.17543089244327834
0.9999182771387572	0.669736780190437	0.35998934784905784	0.24255779939440295
0.9999716387922141	0.78579652144169	0.377542038170375	0.2620060620430111
0.9999598058231982	0.6758043730060489	0.25722820237233773	0.16842515848657355
0.9999144639021496	0.6608402902180912	0.37585806568108215	0.25661697530287186
0.9999151466855164	0.579762769330914	0.39489778256871466	0.3086361141328941
0.9998923883084463	0.5963513477032016	0.23825062538124597	0.35552828239263806
0.999951208412744	0.7254058641872968	0.35576785358594076	0.28703804174566716
0.9999011456522882	0.5859547448377345	0.33291790132674715	0.25065572307924017
0.9999070659304934	0.6191994912220767	0.2824755868676535	0.25473440392475255
0.9999299406423063	0.7312982276908587	0.36071795191089345	0.34988387824052297
0.9999571302580886	0.7421966886151758	0.38203142419300723	0.2383334367320806
0.9998972776124595	0.5484423207953484	0.3181683941687178	0.2865732392373016
0.9999144769188724	0.6024910155170043	0.22284745125400446	0.2680686004957106
0.9999175338717697	0.638702289281366	0.3519911578762554	0.25657846225471365
0.9999535404170941	0.6246752920923678	0.3375509365353754	0.18810976417337372
0.9998841669436113	0.5002066580578036	0.22959090996431666	0.3002842218721869
0.9999218159046128	0.7311383419784683	0.35551435432089556	0.2601718285158407
0.9999363790995122	0.5665476003676333	0.32379226862444777	0.22455243880717587
0.9999056287864704	0.5383075789844936	0.3396223810968022	0.263692914715837
0.999919783100387	0.6200274039244141	0.3147167013084517	0.27099174591770203
0.9999404847033203	0.5119792880523435	0.3146176970282228	0.21847767032834284
0.9999171078339314	0.5727453947538389	0.24410523123424482	0.22431820817350623
0.999909420332512	0.6589854315106037	0.3114438047295403	0.30670614852613803
0.9999759158473512	0.6589320428076293	0.4507637219140703	0.30989950194893107
0.9999651878380394	0.6897884352884703	0.40346520110133777	0.282664912304314
0.9999249794801565	0.7150423937343412	0.3165002496301133	0.33211925314644497
0.9999534436461309	0.6327924984618903	0.3415995436502682	0.19655364569646935
0.9999319669823664	0.7006241498617292	0.3193855750296406	0.2971195017996776
0.9999419275613037	0.6374117410272154	0.27878820787323355	0.2737478599419755
0.9998587532069166	0.6618497924531085	0.3066615284159594	0.3475113561607091
0.9999353549909106	0.5590883722715781	0.36195486633737517	0.3128361868571944
0.9998744889740471	0.6219853491773534	0.2717977831211526	0.33790477796739216
0.9999000989162536	0.6721623824220623	0.37020502489723917	0.2712069515801263
0.9999343513693776	0.6185317317613026	0.30507882394814756	0.23135334218060674
0.9999066070212601	0.5599931206185692	0.3197122017982441	0.2460814143616092
0.9999295643411498	0.5047318422768087	0.3378525823199126	0.22955190248497315
0.9999510535232677	0.7656364770717551	0.342754542019486	0.30155408062597977
0.9998856462833238	0.5280597036529038	0.2607421322684616	0.24554415789070805
0.999925511976254	0.6857252281634995	0.303090194417195	0.24349533614968102
0.9999689303365801	0.6799783516390577	0.3203882589830121	0.21220395888424057
0.9998852551546583	0.5730536234321985	0.20885499008075306	0.3383991664371647
0.9999240329696794	0.5788390028045077	0.35454549799045554	0.3175590755145977
0.999910558363856	0.5939759081097193	0.2736168539853686	0.2538088259627316
0.9999400859666171	0.5665709301717528	0.3760543492981717	0.290283002530265
0.9998819698037349	0.7842940068034149	0.42881089003750034	0.46623948136290533
0.9999531152335634	0.627388261679735	0.40129492845487125	0.26052536464972564
0.9999287183211122	0.680489006967718	0.29595125498203456	0.26365394767689676
0.9999212985542165	0.7181434434269226	0.3548309770954086	0.25105054112560754
0.9999021079297157	0.6004440045905093	0.3577402215585972	0.2414487297626375
0.9999394298305977	0.7763186475460644	0.3415473384434886	0.39515335078346375
0.9999593411291903	0.6963810205925909	0.4240287835944939	0.3397434218829604
0.9999178309504086	0.7310394114925413	0.3755619769950236	0.3327435233671823
0.9998736833778941	0.585525980239322	0.23680244481060858	0.3331277514100463
0.9999225621761814	0.6450939208779852	0.2768880461546509	0.22561607124992658
0.9999730450361477	0.7228275832141969	0.3457215033973909	0.23935809645203776
0.9998780434545916	0.616122114053533	0.32558258471614815	0.33775138592987997
0.9999422130985438	0.5493797726995278	0.4318213066202652	0.3116761499379103
0.9999182478014158	0.6128590450596092	0.27144836233990877	0.23320090591185208
0.9998961972192474	0.6280286006744249	0.2550058617425432	0.3158505660237917
0.999935423608076	0.5638093276751492	0.27480893577980103	0.23407318551215442
0.9999044114133125	0.5555560433517502	0.3457244205192095	0.2750532506145346
0.9999550503398641	0.6162084173906103	0.3631247417130404	0.18108492623466788
0.9998812853760144	0.543490361032109	0.2612173565489834	0.31827585547184517
0.9998815878214391	0.5232333645472825	0.27304904175147826	0.3326381594499881
0.9998850868997006	0.5987943818867028	0.3319970223029929	0.30775288780356524
0.9999210142421696	0.5313897060087861	0.2937831174733228	0.26236443458915665
0.9999278483556531	0.6866915854349871	0.3994852582039227	0.33330041278734235
0.999908616718838	0.49761969839072795	0.27342497351163614	0.26938394033116564
0.999898775640108	0.5417753866706342	0.33998917325528893	0.2734766771178057
0.9999389343654329	0.816680443957642	0.3774232214714915	0.5007554186061851
0.9999598716795951	0.5804044504764552	0.37504713045708926	0.2052593127066821
0.9999773202070187	0.740433909736399	0.40795050629619695	0.256724241546224
0.9999329941735083	0.6704574808452425	0.29969609807213726	0.2675177433265282
0.9998716634011975	0.5382976467853344	0.26606285945346614	0.2619212231813325
0.9999340994116843	0.7768673389383461	0.36886918632644855	0.354754601433221
0.999932536679471	0.7180816281877618	0.3545913891820795	0.37195230068648527
0.9998932185863978	0.6753869186538641	0.3605273409508167	0.28720335658657303
0.999923993779199	0.5716597491010436	0.25499814580981844	0.22788897259029814
0.9999439131297222	0.7001088761960929	0.3128317907356318	0.26437489993608043
0.9999463209498918	0.5639104535718051	0.4101470384834331	0.2628065189324926
0.9999357592518369	0.6060338160081935	0.2444129501685835	0.20764405210380515
0.9999713217041507	0.6622487083984262	0.3534133779702792	0.20468324701998505
0.9999172149212207	0.7062439306931574	0.359842386574529	0.23531956462388898
0.9998768720084867	0.546107476634146	0.29518823022288354	0.3811446041719072
0.9998822871021699	0.45560963464836407	0.24741492685842312	0.24854646672064398
0.9999144011377502	0.5527452638703323	0.25122896146363227	0.22813326962207628
0.9999519835184237	0.6693586022019318	0.37811308019948814	0.27571537574631383
0.9999128449927305	0.7029650623979838	0.3561047634946988	0.26943668658044206
0.9999456622963869	0.689423823512075	0.29614238484183214	0.31854561845897905
0.9999342079861324	0.5635775184569886	0.3847143442628763	0.2411648446497326
0.9999592754275464	0.7806504322789886	0.3598227114043731	0.26552602183203294
0.9998989473301417	0.7102316959118953	0.33195540865737966	0.308531984608557
0.9999545590964825	0.7648681563761047	0.3698987797991662	0.28765723218651307
0.9999088023454574	0.501357586640818	0.32995573000924633	0.2926865731988095
0.9999360642418373	0.6081392148508039	0.26079343215314044	0.1849967035928257
0.9999506888808587	0.758298671676491	0.3805544002689893	0.33138888030855906
0.9998930406846197	0.6013359378985565	0.3396833580701499	0.2471710460897914
0.999935787155318	0.6345413001368193	0.3847024628761665	0.34450280641626074
0.9999190732392262	0.6236950036880377	0.41350981735212833	0.30061575429179144
0.9999734512540142	0.8616070137707629	0.40822360582240086	0.3217972336394446
0.9999693377984669	0.6132693938041313	0.4479447990305047	0.25232086445974544
0.9998762401017925	0.5667068359071887	0.287317591437927	0.39615690344661286
0.99988501802651	0.5607112010527154	0.26728347255605034	0.29155288098042703
0.9999476452067356	0.6123014122257365	0.3002017101790449	0.24553733317926538
0.9999301728715789	0.5527182485718415	0.2840551948819959	0.2877382388568024
0.9998936275121372	0.46224709375758477	0.23245298641992843	0.2418156931456316
0.9999165183418866	0.7663055149103369	0.362385707512751	0.3185722425499274
0.9999222697568937	0.5450073944421547	0.310239536178925	0.3088404841970106
0.9999633632498844	0.6724876055545554	0.4313551247225173	0.23033483431274324
0.9999075591696129	0.567007190261075	0.2871453870153834	0.22023206380210494
0.9999296358337348	0.5390008071141646	0.3488680028491933	0.2539818060062161
0.9999256540844872	0.5623273489893734	0.3252573028416144	0.26148772708356255
0.9999228579848386	0.7460112717254976	0.3398073851842776	0.2820377824586388
0.9999214272072062	0.6681071249712426	0.3207606192304748	0.2435423300849279
0.9999711683050554	0.6491854852159388	0.5028277727928816	0.36939373314245333
0.9999034988767048	0.6117000081517965	0.34057123533455297	0.2545152606860419
0.9998806338230867	0.5518559839302107	0.24581436055004618	0.31114570800695346
0.9999642721882679	0.6989882128397096	0.40210065872554596	0.2295329556849841
0.9999040872922349	0.5698023116371289	0.33151433813109904	0.2702448026699997
0.9999663587119252	0.5924668935290781	0.3198086984582829	0.20989814788686004
0.9999747013716146	0.8469470921030156	0.4155433027019844	0.27721417983518665
0.9999188785983318	0.7041594208266614	0.3851896380941621	0.33991366802143647
0.9999584477606456	0.6948166876262161	0.35291077762009837	0.23365998446903216
0.9998815769689049	0.5539206238288689	0.2107387643407763	0.2885267953915618
0.9999479184592991	0.6142852419676094	0.38890643855538426	0.2833826889761859
0.9999559499058304	0.7868755325661255	0.3631860674116661	0.25641556244961894
0.99990558693722	0.6105507775434352	0.27752758483377854	0.27206770707413874
0.999952723915141	0.8268946328121345	0.41801175969725235	0.2662020000611192
0.9999139327465415	0.5883889325271171	0.36393802427697586	0.23197075984854953
0.9999624714047873	0.7753996740553166	0.3696345286389029	0.2124587232757257
0.9999266813471637	0.6500522623452302	0.31163539564539894	0.2617723533650377
0.9999574992111013	0.7870777622809101	0.37532871775536186	0.2935653021144956
0.9999605285593647	0.8156725285458611	0.38512969645585116	0.22409037350378228
0.9999270579709424	0.7499707305750182	0.3326734751889631	0.29438666296824045
0.9998861170490717	0.5551897120295477	0.23151617441636918	0.28347006477505626
0.9999107229091797	0.7423421700052544	0.36277044778730594	0.28841760892217266
0.9999577834467837	0.6719660495280859	0.36349584627736664	0.2109003009833362
0.9999197423275149	0.7222691593547389	0.3413008460978711	0.2707789215781768
0.9999174032371936	0.8787097271516275	0.440784554225261	0.3420732082262879
0.9998789553256697	0.5160660111081297	0.2515454626241985	0.30728157423656766
0.9999627981838257	0.6783903711455709	0.390554928751308	0.21689168653436347
0.9999175358153948	0.5241926238035692	0.33036101112694904	0.28174021433072244
0.999889367187428	0.6733746331055133	0.30920744143353934	0.3331732710233667
0.999944976285383	0.7386732134274695	0.3568410390990212	0.30012969249570126
0.9998798447624162	0.5739184030350416	0.2519549841901792	0.2957413601250718
0.9999653072304383	0.6654571172454902	0.3349422406639075	0.2583060672284125
0.999905161269122	0.5415448260832708	0.32086027382797205	0.2720382208834878
0.9999513802454072	0.6791323489449755	0.4142374759699409	0.22169755770100866
0.9999442268887746	0.6729524965759273	0.30645754677250303	0.2721519053466706
0.9999593171117567	0.639285035129752	0.32483309185516585	0.20243793472353894
0.9999257155997248	0.6784021197641767	0.3260308583582196	0.2166315545571398
0.9999161940356136	0.6488105220568446	0.34021585424871875	0.23978633724088677
0.9999722335521035	0.6167712937040056	0.3909912742559927	0.181779334597421
0.9999431267160384	0.7756703098310874	0.4005513773290689	0.44744016451736734
0.999932317336625	0.5565039184395522	0.20666217062048425	0.18272325631985714
0.9999522360242958	0.6733151556661818	0.33967109014349856	0.19903831477593661
0.9999301895110808	0.5665031712627263	0.26021903105759525	0.26421926317642985
0.9999419114602545	0.7636697624737743	0.35574180814356515	0.4870858689342891
0.9998782199929137	0.7084255068109475	0.3484469938041764	0.5295911185276616
0.9998826319700547	0.5465751565964186	0.28349461683518484	0.3093734687022767
0.9999372501553008	0.5931701418673879	0.35065351974322817	0.258630637239085
0.9999138900419704	0.5736067084229298	0.21911077108966562	0.29049696884438203
0.9998884952235116	0.5915281027477554	0.23357458569227127	0.3336428626704499
0.999885389867502	0.5003519672920046	0.28338969857529434	0.2586394131581691
0.9998965826671894	0.6705873225589579	0.3551475930046851	0.29528359346854693
0.9999489137401667	0.6878267552084558	0.3496408961658416	0.2467820679172557
0.9999032258061629	0.6300707101885402	0.3303866597800599	0.2724015961047753
0.9998960199143812	0.5295959801924071	0.33807474582424835	0.3089137201783194
0.9999291545892454	0.7584758279301687	0.3610051136288125	0.38018942407097084
0.999943002210211	0.6744273100462314	0.34141008716759796	0.3671226256377522
0.999914714321373	0.5505428332324551	0.3106062383616061	0.2897646926980514
0.9999349277786747	0.6203055287481157	0.2724645019159481	0.2977201989139999
0.9999608021212605	0.8908627490588429	0.4447396543438981	0.40491908848563235
0.9999002950887239	0.708396250591902	0.4894245133849755	0.33948243829566593
0.9998980109585742	0.501215535099069	0.3535516570515727	0.2992035615190754
0.9998969333824459	0.525939910596618	0.2548885104728028	0.2566434266510732
0.9999533997498904	0.7110950343938718	0.2883072160740778	0.26753595976319544
0.9998987221996648	0.5991806588128655	0.2692663997307151	0.26980384207896396
0.9999239300346394	0.5777755389149425	0.36678105625582286	0.2937863722347271
0.9999606945371339	0.6394772606419292	0.28083985181094073	0.20119824689678847
0.9999164473088658	0.5537077929797499	0.2295129647982021	0.2148590511645933
0.9999662212497316	0.6508562232280856	0.3778033111106881	0.22419406579374845
0.9999736155770869	0.6586719692404631	0.4324540021777345	0.24299834589660052
0.9999397761671783	0.6855220518542828	0.3331015422770262	0.31995092987363866
0.9999440019083573	0.7753600178599914	0.3935745996752782	0.38180658180288785
0.9999020023379204	0.6882069156708277	0.3297612555160769	0.2678299898717177
0.9998872772588503	0.6836922016570146	0.3676261881423036	0.342755451745625
0.999918172862103	0.7120595739149145	0.3149501506073712	0.23388173816830285
0.9999581804796143	0.6487058511896668	0.4009161528130524	0.21591281640432652
0.9999114079189374	0.5123045615821499	0.2569284391166943	0.23834620787065358
0.9999369177572496	0.6103745186263803	0.28370739539340256	0.1853552167393568
0.9999514547020073	0.6263727090414363	0.3904243824206761	0.23814141162060357
0.9999413141072809	0.6298030965721372	0.345775371384175	0.2752726522721995
0.9999071906364194	0.6599212414216892	0.34130522679591807	0.23943739575689352
0.999964553341507	0.7332935210325208	0.31680964317503896	0.20410506709859877
0.9999357948162859	0.7171009777593317	0.3291316564829276	0.3964979712241567
0.9999459457042099	0.599181594577865	0.2996251421262011	0.23832820074388417
0.9999608078110092	0.6760436352655129	0.28847990143006397	0.2062716250278608
0.9999177072050549	0.7012695334369152	0.3451347934860728	0.258082559969635
0.9999063829012836	0.6342047123151492	0.3406634392791465	0.4393647892602234
0.9998971462776898	0.5323956504543422	0.28829286271082255	0.3114700728407746
0.9998777495478186	0.6610272719274043	0.33919032750709366	0.32185395330364946
0.9999270784353597	0.5761265377603526	0.30737427917422083	0.24384282817788128
0.9999412588707188	0.6154459719923457	0.29349291100223535	0.25765411043727765
0.9999009101390569	0.5289597459849578	0.30898364053740035	0.2891449321711213
0.9998910921132903	0.5561066556935246	0.3074064248225678	0.328707061392929
0.9999518565083985	0.8160768077291662	0.43070431255768643	0.352759248726519
0.9999151837608242	0.5733322873166409	0.330862381926983	0.2154764737205474
0.9999072665473376	0.5947369458352876	0.3628456877477291	0.3105454449748164
0.9999263163758629	0.5885398992661816	0.27589460051231557	0.2658834707125766
0.9999619391570922	0.7707212873517196	0.35928959436855884	0.18712926142231562
0.9998946140018007	0.5264084027971772	0.29854237560757646	0.255753592107857
0.9998945348795875	0.48082181687559	0.22846645251785452	0.2017240649756326
0.9999304472476399	0.6961848599557845	0.3262181284973131	0.2842299800046539
0.9999156091032714	0.5833423331901443	0.3600593332079134	0.2569814261413305
0.9998982967910927	0.5179029173904076	0.2228024165087692	0.22811686136056775
0.9998889941963511	0.6000825456210799	0.3134929456441883	0.2883295158564661
0.9999542386305321	0.7641395520342984	0.3370149466587002	0.23349721841131
0.9999206652856109	0.7150591372830732	0.35303496277850277	0.2391724854515455
0.999929423427731	0.5111731292685645	0.3235758810242261	0.26309791065480465
0.9998910581933746	0.7141299591722748	0.3269541924127261	0.3119485878797169
0.9999243652168938	0.6191101460502826	0.229563598372672	0.1938759321483186
0.9999050557907572	0.6431621473462472	0.25743747938636447	0.2503056488234546
0.9999280419396244	0.7364732909272046	0.3431156098259486	0.31792214049337847
0.9999257914469002	0.6048164690136719	0.4457576673909158	0.308426468965932
0.9999541261754644	0.8120133724007008	0.40506011057377134	0.26337411280427064
0.9998941973957907	0.7844053291908005	0.4061427393901291	0.37548602431972655
0.9999523321597208	0.8702363376912223	0.4471335643010482	0.3768925793815404
0.9998926751812767	0.520491964471488	0.22306365289651012	0.2643869526342536
0.9999388244123143	0.6134822537020568	0.34106617144754636	0.3136413699277608
0.9998990245530459	0.5740888197004269	0.2554666195293809	0.23650421114383127
0.9998593708093955	0.5785396947036158	0.30160304375141794	0.40480958407059925
0.9999143507518211	0.7254215174769628	0.3389077710288427	0.31222791616205464
0.9999712048347922	0.8557455579744612	0.44350938210577473	0.3468735340833717
0.9999610760927107	0.6170178158323895	0.36558334077189436	0.2127655784809028
0.9999161192617463	0.5396679123426337	0.34950504821610295	0.29025628775392964
0.999945771407129	0.6392666781274826	0.33232985862444747	0.2539562701850552
0.9998837561189021	0.5741571095304253	0.2590652910649803	0.362054517499193
0.9999828671381081	0.7973244850570397	0.4011482998142975	0.2715060275857343
0.9999317216491613	0.7605127969532534	0.39677158406590973	0.3868943398215669
0.9999592350197388	0.7509277903070729	0.41498107799084927	0.24142884679984872
0.9999403465973009	0.6431750275739166	0.38911714166129197	0.312533477557012
0.9999228192465831	0.714672250092644	0.3273587092506398	0.2646379592438176
0.9999164482854396	0.7720415157795154	0.36422120318278683	0.29875513714120633
0.9999597813646532	0.686645347530184	0.4462192892111929	0.27623381517847245
0.9998865950368708	0.49356501997196817	0.2226189932365434	0.23034661461737035
0.9999636984888057	0.677673902513673	0.2674786745084637	0.17977574938038138
0.9999840597152622	0.8461446000008854	0.37979943195666016	0.2811015944045366
0.9999307120914525	0.7317331924475918	0.3620423762503837	0.29665385108470965
0.9999470988009892	0.5763482659536697	0.32036338438039874	0.2453105078188414
0.9999674703577205	0.7699412858539098	0.39508220342611367	0.23501860627798074
0.9999099651712238	0.6591143369533173	0.4277704589380993	0.258116299811726
0.9999141841696871	0.6943767433402772	0.29893507792542995	0.26234668301034314
0.9999115056812514	0.5346270236261885	0.3447147749205799	0.23277187445523595
0.9999585202996446	0.604406212606111	0.3545154485959768	0.26507474076997833
0.9998798180118392	0.6948948700495678	0.3135125889578559	0.4021679450628579
0.999937358621173	0.6687656991006098	0.29255475394137437	0.2984407939243814
0.999954766208612	0.693547636642919	0.3058371747072582	0.26184860083553907
0.9998649394366619	0.6074900727898063	0.262341807073465	0.3756687269031265
0.9999257388763033	0.7335879308871527	0.3959749995072261	0.35507266061376597
0.9998844927338996	0.5232219945477574	0.29020017680732496	0.2393100879050967
0.9999634304634726	0.6660894571976914	0.2743263319029675	0.148905914842753
0.999914875052701	0.5444783171714842	0.30389344441911953	0.2364427957072622
0.9999635311445233	0.6391101281301474	0.24366679911722955	0.14072714829050903
0.999956671503191	0.6471226873833669	0.3122582246017589	0.2021447256254904
0.9999101446662719	0.6461429717142987	0.3140694576154536	0.2998894278405146
0.9998997694848364	0.5272271642085129	0.3359031280324853	0.25968997512967706
0.9999127035616294	0.5834487356884854	0.2965640241828754	0.23845733082397255
0.9999253139016419	0.6579358131826899	0.3637677179334511	0.3203829001710596
0.9998843233984719	0.6898141380517214	0.3283000956679368	0.3040787372803019
0.9998943122615036	0.7146077410671903	0.3546533687331976	0.37734944283500177
0.9998759151480217	0.5443817727877206	0.2288930708487796	0.35833542689148423
0.9998928544207034	0.7591282028391013	0.4456087133259013	0.35053652281356357
0.9999362416317643	0.6858509373845657	0.3144637889405836	0.29881722294559365
0.9999317724930756	0.729881491002008	0.35413586977736733	0.3850608882058549
0.9999430187523672	0.6077709652756857	0.32313508722777123	0.3350694179746533
0.99988507005333	0.5343403479577435	0.29864494546088954	0.25005558019583285
0.9999653961632444	0.6662201601761435	0.3695386199910741	0.17285983325757845
0.9999552867747522	0.5817718992186458	0.408386394545638	0.24577474024747611
0.9998751326462552	0.6013114457340485	0.29665912068659384	0.3312013947232253
0.9999019318523376	0.6450340512505599	0.2559357425225418	0.3144912103476003
0.999911073040514	0.6448313756657653	0.332669327874993	0.22820572968241956
0.9999346000295625	0.7286895011331928	0.44543346456311916	0.480505347839268
0.9999312137055576	0.5647144121094385	0.3338287043444702	0.2505356634717133
0.9999458597437481	0.6175233246558911	0.26186525298414376	0.2648405301996589
0.9999115657446294	0.6007786627713481	0.3129082732482669	0.2478931528514428
0.9998869071875244	0.5997777868375276	0.26536797208688556	0.24572384730260807
0.9998812026897053	0.5428452212610101	0.23988081982841042	0.3573864991184439
0.9999442577044284	0.5567348282781139	0.27599177554673215	0.19143888421291955
0.9999011946006597	0.6657400644141259	0.3069845525743537	0.26856707602033514
0.9998774118461005	0.6196711004467724	0.32010401282286105	0.3236610951642409
0.9999501134460012	0.5996277080883238	0.32398711431783567	0.20028247694964912
0.9999774989712201	0.7624052498471395	0.41022453679653875	0.3234599322460255
0.9999395570192344	0.5845059623371887	0.31812336652084083	0.24009620378407134
0.9999532012143773	0.5854265950731616	0.37440147740667196	0.2948491406726818
0.9999224268660513	0.6082481458668489	0.33047829380096994	0.22911814608796258
0.9998985248683462	0.6471547971930377	0.28718243752039546	0.2746787877992
0.9999223045293735	0.5821232153724788	0.3301853377927887	0.27382973555106216
0.9998503795685486	0.6070294533786683	0.2802545659370677	0.3256121184796894
0.9999363505673577	0.527921341900659	0.3577448758303128	0.29168424525229614
0.9999156990074951	0.8117933764085312	0.40336657285382377	0.31834374136680443
0.9999175118624903	0.5588974957445639	0.36664280090479306	0.24300960491930018
0.9999036184186149	0.6623426043341806	0.2848135984320077	0.2927165439443806
0.9999085366495739	0.7956903895990968	0.36956638153790206	0.3153087710228356
0.9999198858972449	0.629909635572569	0.23890777265348387	0.2221190300041993
0.9998896480349687	0.6432812818834691	0.2883513519479781	0.24677150198673228
0.9999393223589174	0.5598527230795711	0.2560161213060475	0.23897814696159694
0.9999761123304619	0.8488790559122912	0.41271313556536554	0.2675684729555444
0.9999720641266189	0.7429625720367148	0.34844729462055674	0.27372112434105805
0.9999174867300121	0.604292124091933	0.2159278864869377	0.268803451186405
0.9999647312062612	0.8109804765738254	0.388982155305776	0.24190206494863276
0.9999237889833151	0.8271092700176126	0.40433628312518693	0.3583031157814992
0.999902099231012	0.6524281829178872	0.3139285168759276	0.2772013560202843
0.999957491992437	0.7119425838019297	0.3577125715487942	0.2872435062714699
0.9999118619279959	0.5185971099573448	0.24887519897789298	0.2236420655749474
0.999864489006408	0.6955925126871797	0.34404518696221126	0.3540169702021969
0.9998579425737837	0.6819301782793039	0.3369344714411014	0.3558089784094943
0.9999404753457918	0.6386331564209795	0.24043326732735462	0.24233172542017836
0.9998754308827181	0.588529429979143	0.31403388901596896	0.33101532128652406
0.9999026666907889	0.7075300049460179	0.3374499672484313	0.2658942818157728
0.9999120729650621	0.6490005693627919	0.3185437012166391	0.2294376936996206
0.9998695918829641	0.560814506880009	0.33085334615668416	0.2883680879337557
0.9998901207505254	0.49780614029118303	0.3413264435783433	0.2742293515128579
0.999907235594726	0.6820480669102815	0.32653402708931384	0.350244921099357
0.9999516182769038	0.6088278425161927	0.3463357320351132	0.2144591742957552
0.9999207606118383	0.6281679230677488	0.27598382900091745	0.23699711628656758
0.9998738514721648	0.6520598873854201	0.3216647538786196	0.3509496761543475
0.999934875899759	0.6080950162765576	0.32280175483430007	0.2556023502962399
0.9999105465138072	0.5054212657147188	0.33146589881619765	0.24448922964570263
0.9998784017951294	0.6017889924295141	0.28284610065487836	0.35103757610520553
0.9999244702505014	0.8018773190046704	0.40758178191661315	0.3808877389072625
0.9999407017683649	0.5644325227694083	0.33394819251419555	0.20113403714162195
0.9999563955692723	0.6883372574496582	0.2653476420923116	0.22805989075113808
0.9998897406338699	0.5120207902374432	0.364230026574046	0.34379218370779474
0.9998890631951468	0.556035123907647	0.34898485174125926	0.23500944643470825
0.9999348869781045	0.580118763496848	0.45521342198016523	0.3281633580450714
0.9999560095156692	0.6549728026592235	0.25464968053141	0.248252060986343
0.999908196359082	0.6087720658926529	0.42104337486140064	0.35381723335485676
0.9999503092864581	0.6321375604835355	0.3822787603993516	0.2373952030789658
0.9999522704947504	0.6998215852409568	0.43004150289433285	0.27104260517472134
0.9999351797850439	0.7227554990553635	0.40932102495455064	0.4708558782585161
0.9998673829328225	0.4995147995714001	0.23627995233456617	0.3118365651193305
0.999908941123379	0.5128942971354306	0.23187466605734486	0.24501758598398446
0.999960577777548	0.769782020752348	0.35400598476038864	0.22609991426976395
0.9999162711606375	0.7331839296127132	0.34161144567330615	0.2540257103600606
0.9999448374536738	0.6544224345845051	0.22803452002863744	0.27510651532636043
0.9999050015078238	0.5116502779649555	0.3104566711352476	0.2503004371108187
0.9999167759567099	0.5763257235927793	0.23769821092333906	0.3070698330212881
0.9999653567114961	0.6308673122179423	0.40374051431577923	0.2263305436299909
0.9999389503516576	0.5940168784110296	0.3662559902143499	0.29921223954962156
0.9999342054194441	0.6842013973995743	0.314695057779274	0.2729697587979748
0.9999126641041056	0.5495757020452576	0.2113773666856609	0.22538173885424043
0.9999542909174212	0.6182907765850548	0.3895189470568847	0.23103185479157154
0.999938041577169	0.5926566522047697	0.2806373972855762	0.23167375902223444
0.9999302486190184	0.6242896807416899	0.24384432949463514	0.20998448746910306
0.9998964306661997	0.6093739799163499	0.3295456611750842	0.24068108574981226
0.9999215704370089	0.738995196690885	0.3617938774199489	0.26376403616681776
0.9999408568612462	0.6100822021354977	0.30492951904750054	0.18219465596214354
0.9998649028344511	0.6758081674649495	0.3150055184235877	0.3961446168350635
0.9999491888800965	0.6462201886836689	0.22667857403195069	0.21786313638175106
0.9999365999617518	0.6307516496999478	0.36686555611886723	0.2471107490272005
0.9999343256732264	0.7857982035074512	0.3811329209971926	0.36487500745403073
0.9999050969348374	0.6967491558077178	0.3781277099239369	0.2847216985848628
0.9999545747064661	0.6440023385637624	0.3046436953726128	0.2213859391466807
0.9999231976656602	0.5361948552481797	0.3387954126005177	0.27704215908231117
0.9999484768729322	0.7271623254813939	0.39292377641502546	0.3956516843471247
0.999956020909045	0.6789767209143417	0.32619984209740427	0.21204326829603065
0.9999589875299162	0.807130975499858	0.3750273548283833	0.28235108082067817
0.9999615933887201	0.7846085117838644	0.3574716751620186	0.2340571875741221
0.9999294750911004	0.5623019369818628	0.33365521759049127	0.27816962883269136
0.9999004247019971	0.6753895825444148	0.30498707687047005	0.34932089052486315
0.9999703188462966	0.810410033499366	0.361539000282226	0.2729684368013105
0.9999270834362293	0.648047101935397	0.3793396373469077	0.2444900199883322
0.9998693546053781	0.7019111427536703	0.31400353379046386	0.4267961931382995
0.9999280864439404	0.6375875875254069	0.2606284488888378	0.2070394222656806
0.9999006872327021	0.6745712477550044	0.3152586008018994	0.27091010465850773
0.9999157980526394	0.6197981094087195	0.3034791315759857	0.23986117177928998
0.9999013162078533	0.6404563343760789	0.2777144587922736	0.3117962309586559
0.9999506860765699	0.7382184673805888	0.31567633987222016	0.27086236355087423
0.999906098937814	0.6844670531546062	0.3052655749068956	0.23004859759679788
0.9999137429248607	0.58047141999555	0.30623756512872446	0.21880598290898698
0.9999382636025047	0.7658074212480159	0.3757828763738966	0.3521689982440221
0.9998711310798689	0.5974663658919741	0.25600009593821765	0.3397648124882718
0.9999298409893174	0.5581355854823736	0.3905542067966031	0.3795848502871226
0.999945899650987	0.7048831253174821	0.34942951596932414	0.3531910744174589
0.9998985556628953	0.5305877525491769	0.2820976979223476	0.2267759830294077
0.9999320038068155	0.5610593501525274	0.30676667738817726	0.21838420888362334
0.999961839525546	0.5928913683022259	0.3998834241554443	0.2174450824460183
0.9999145557377555	0.49517927627341074	0.33208385445434846	0.2821460601267777
0.9999557436325491	0.5636112982319205	0.3940881671821746	0.21638872459678435
0.9999127968704334	0.5632965439706235	0.3374422086990212	0.24383813418788555
0.9998876491058644	0.6984696002169114	0.32837400015439655	0.33264377563547914
0.9999639822016397	0.7854096039675483	0.37547876014093184	0.30797990503189515
0.9999435971813598	0.5987892976662056	0.3824698280870566	0.2283706748953635
0.9999293780824112	0.6301926111371715	0.34537803448886345	0.2723894746132877
0.9999240274339614	0.5904642773005941	0.2570281330265731	0.268291991195269
0.9998946955570006	0.5591621673294801	0.31545562963608664	0.2624917351635051
0.999893464425756	0.6689112068293697	0.3197836926097019	0.3324941779504798
0.999873751191634	0.5393596857616002	0.23907523606570263	0.29547395485403954
0.9999622444972133	0.6577503439733396	0.42152094375237736	0.2957526800325254
0.9999194753458472	0.5696708837884861	0.27291881790217415	0.26080002862782853
0.9999703465670635	0.7939208790287224	0.3549655764290887	0.2741165548733421
0.9999296397966324	0.6369627073717248	0.2774009614238918	0.2413791525368843
0.999907988849704	0.6585132675710041	0.27899357354262505	0.22385516496423383
0.9999717652167691	0.6923841366833576	0.30673953341718224	0.1767548483640464
0.999898582026458	0.6815450246393553	0.3288834251350871	0.29567360042697116
0.9998792146431602	0.5542482128612347	0.2336366252577592	0.3052098650879365
0.9999497187895594	0.5847140070643297	0.3852786408315225	0.20912161463054466
0.9998796719552691	0.5390355123511227	0.2850821421864821	0.27813364506618504
0.9999562323163257	0.7542259435609796	0.35754491744063693	0.23668224764180035
0.9999558243027459	0.6006517166035287	0.37873355110099993	0.23876031124131677
0.9999450292309883	0.6862640030577697	0.28404929779878507	0.2910654403551849
0.999963358073038	0.7423703938657333	0.40668516504982405	0.20637607632500232
0.9999499627089564	0.6524563657423288	0.2618736285235264	0.23850450920561309
0.9999423221894257	0.6398924761843586	0.40289523185391357	0.3532897436187651
0.9999397052358646	0.693299564429527	0.28867576553237534	0.30776115414697747
0.9999298468752786	0.7421766225078188	0.38056869610499994	0.3750525051086981
0.9999683867224113	0.6873627489622331	0.28433556263033166	0.17106907170842045
0.9999218303255353	0.5266935348966227	0.2575251016737308	0.23076041354275253
0.9999755477721339	0.7485476093205428	0.41011186652555975	0.2556003218301294
0.999890223121069	0.533746869500688	0.2933066464408951	0.3087257533704996
0.9998838612560293	0.6201962054623885	0.31095228954213594	0.37639373187547226
0.9998919294469414	0.5190759593141278	0.3209299898615554	0.30268183832122125
0.9999381853834786	0.596910858445843	0.23478414454463195	0.1869599137111377
0.9999465391995529	0.6897977014234286	0.38060413522813236	0.26310693859522377
0.9999055449598419	0.6568975100567273	0.36420845545132374	0.27561774449793214
0.9999418789901595	0.7230064828874447	0.2989362472134837	0.3374492004492401
0.9999655975581122	0.6728486985090916	0.42428408763545006	0.2618567169786099
0.999929833663472	0.5954213220080026	0.35382289783768095	0.3564488036588564
0.9999437605826738	0.7993686645525478	0.38669061818167555	0.3627746193851717
0.9998828880735046	0.6814694224224426	0.38347365475268064	0.4689529627841601
0.9999135961245059	0.6027003468452714	0.27421729847023324	0.23600992180978628
0.999958231991975	0.8187559716793738	0.4096742230351166	0.27929925913427484
0.9999713072223504	0.6407992815874292	0.4285578608968738	0.2388033588892763
0.9998882601975364	0.537003316544567	0.2740595584923197	0.3075433858373316
0.9998921093049917	0.6567774968663544	0.31588180661153464	0.34350900250914973
0.9998814487534095	0.5998711450980442	0.307572624599819	0.279325600220737
0.9998825605081725	0.48577305431048784	0.18393944470159493	0.21939126736754508
0.9999578421397853	0.5958655628725013	0.38854097111732916	0.2291261874030539
0.9999143807995134	0.5663747179683719	0.25865352175456646	0.21153827975847853
0.9999385058031112	0.5825819697667688	0.3044053568629704	0.2791093101491474
0.9998557533542797	0.6236555181856567	0.33045319335602685	0.4020017083913532
0.9999202908395328	0.6938870266369982	0.3290160447795084	0.23654065865909707
0.9998694520952621	0.6741213671419354	0.35922250303187553	0.3850150554418612
0.999941214474167	0.7358690432923278	0.33391301096172565	0.30759103723123465
0.9999617811248971	0.6759385834892896	0.3922734859687901	0.2551132229388878
0.9999412878495332	0.615732505630811	0.3436946192808051	0.25101038359736544
0.9999210654147703	0.5687736116045345	0.32158090702617387	0.3298721003293478
0.9999376389332436	0.6229795419292492	0.36251135299898235	0.2747635796164408
0.9999245184040307	0.8321063576648724	0.4152556947192475	0.2894960105187334
0.999934769627401	0.7257491271875889	0.3433495097628064	0.32584620977695194
0.9998940661036335	0.557289970651781	0.27194617155205747	0.25906620229584393
0.9999041104783597	0.6720837286009459	0.3279820613602878	0.30064777939857434
0.9999097392486754	0.5664146233916566	0.34692243251958765	0.27297033756362815
0.9999357290108879	0.6981486296382498	0.34188150730919076	0.382097954724674
0.999956583131772	0.6104323286477698	0.3763325982739092	0.21509396397939962
0.9999303603448358	0.8192322694812528	0.46711210876251535	0.3836604283132715
0.9999429926050649	0.5999007593009426	0.3708436739271333	0.23496641647154562
0.9998950362778216	0.5494385758791496	0.21937072567951546	0.30132215209422597
0.9999671227370055	0.7165451693286963	0.3958736634220837	0.2288738623698244
0.9999690615415773	0.6176876897904687	0.4511741490675374	0.23005773406526278
0.9998819267244491	0.6583993609342912	0.33527233698313974	0.36689870219970006
0.9999459407335174	0.6608155708523856	0.24177542253347403	0.26860051027076265
0.9998820709483714	0.6980956820624096	0.3341573584256867	0.38136095475325
0.9998882866050094	0.7260286416645868	0.35236032093307085	0.46596133898775366
0.9999066323189447	0.6487408513647032	0.35137752857165877	0.35331117567388587
0.9999271401124524	0.5997341840030851	0.26933755916898067	0.28660087783491295
0.9999456586756037	0.5878599198583	0.32451757072248216	0.25606410917849404
0.9999436436360658	0.6091614936766241	0.2723742373275065	0.2608269156190958
0.9999406763442527	0.6401262685126927	0.35433779897749834	0.30031603108037525
0.9998883950888071	0.6497664854711149	0.27562291919654275	0.30238560114409835
0.9999420383414273	0.6752479909013783	0.3027362557661626	0.27045844534045616
0.9999269296971351	0.610695606755374	0.32208752675733393	0.3563800466998365
0.9999362662988859	0.6790318935361251	0.3207540762449243	0.2565353277940688
0.9999582057256315	0.7278700501447364	0.3162937504782797	0.20921161709660716
0.9999184234900368	0.8134687550110837	0.41736053802144885	0.3342587242077831
0.9999543598658226	0.6137643175488114	0.35568847753438537	0.17016073126784031
0.9999108018041579	0.6910907143788978	0.31012728026395836	0.2871012492500577
0.9998977726812306	0.7815944379222837	0.38630113599549953	0.3497292046111362
0.9999020483739394	0.5080070515810463	0.2498691184322587	0.2685975467543369
0.9999282109317127	0.5201245211007074	0.3437351176294461	0.30531626367499043
0.999942216158231	0.5667597876802337	0.35612727165230945	0.23999082566630117
0.9998725640948202	0.5204786608531985	0.20367088008743822	0.24885366612965942
0.9998991566162176	0.5325858734675343	0.2182173953086204	0.22700494661457157
0.9998761643653415	0.5769275586031749	0.30182925375421094	0.2868788319180781
0.9999651856048097	0.6614727947236403	0.3330353115226822	0.18525307248726938
0.9999332807463324	0.6126260806231143	0.3176676958753202	0.2389520158282285
0.9999736147171425	0.676740158691068	0.508177962705215	0.4222204291220315
0.9999011559240749	0.5172521163335269	0.26373234920293503	0.2713767101390511
0.9998996941155205	0.6109175607941926	0.30345004412667176	0.30492423550349856
0.9999425193356091	0.7987048153184944	0.37263379578953054	0.5935310768878618
0.9998887084116332	0.5968887324597336	0.23798670991209148	0.2935579715470578
0.9998894910585816	0.5261458886947998	0.23279570558748844	0.28311414585405503
0.9999793331486683	0.8149642051231111	0.373146396217574	0.25526430127372496
0.9999587657726906	0.6800684963284804	0.40378676273711567	0.23692426403233713
0.9999159743459604	0.7852006219646663	0.37558062171171547	0.30532917075345517
0.9998991152176928	0.6214015797500734	0.29578987631315923	0.26331745508468424
0.9999290136244593	0.6569149068930473	0.29447877413579293	0.2553107226697818
0.9998765771928232	0.4847440316922164	0.24332944959299155	0.31392577456648946
0.9999697650170727	0.8150680529260838	0.3846595607675081	0.24280113807025877
0.999887410110634	0.6657688747858288	0.3016188185141821	0.33267719356911357
0.9999481274929795	0.7252055752223057	0.35157875442766257	0.3027354906288577
0.9999756096040756	0.7301570525656824	0.3173252845642017	0.17097258259794457
0.9999035057487117	0.6433771012290472	0.2852831235342937	0.23999527251657476
0.9999181975717054	0.6326229934593807	0.42857429829807486	0.28968711371094247
0.9998987174004713	0.561315814769119	0.3481291781162994	0.40152747296229147
0.9999715000412016	0.7022734198967558	0.3920085233783887	0.2652567363607933
0.9999509033878426	0.7736230051606321	0.3559053479658793	0.2841713201023346
0.9999044743917443	0.5087768937722926	0.3249148728791402	0.23646528601490654
0.9998782045814777	0.5713251997034126	0.3250514871937567	0.31211334302757854
0.9999104548625414	0.5319338925615823	0.25667686479874696	0.23654008211017513
0.9999502486399438	0.8064594645650088	0.39934533086429275	0.2847858144057418
0.9999153480747037	0.6818238172159905	0.3624316141098607	0.3232884265144811
0.9999238467143592	0.537419256264668	0.34658999497792264	0.24771045764736901
0.9999111029796831	0.6515075812601335	0.43750423620687157	0.3162816933422108
0.9999682467657146	0.8404738387232848	0.40916293796650127	0.2807739745466914
0.9999065198489385	0.7090222608930196	0.3478359817200429	0.31628999212181885
0.9999573894012375	0.7786819355702966	0.40323916613246047	0.2589087665289269
0.9999618021066267	0.7725640810817835	0.37693129445552687	0.23366516497848083
0.9999578374904535	0.7908716245701891	0.384542590506686	0.22653881215248112
0.9998971092367321	0.665660527143169	0.3140965569426898	0.3084702870747339
0.9999346903008304	0.6983394940536037	0.3483778096323104	0.30117765235029986
0.9999641145355816	0.8672978001093922	0.5015675057059806	0.38447965830571845
0.9999634463356774	0.8496103734904269	0.42896182894165713	0.3214468369050407
0.9999444787447143	0.6184725370599661	0.3273562803713563	0.22209335600262833
0.9999509863707274	0.6568851204280135	0.4011171990929237	0.27110204795934
0.9998781854420609	0.5440370435991029	0.28610809939114784	0.27481102231349785
0.9999094948364557	0.7385039025372107	0.36699716073882604	0.2931744358372375
0.9999080277283307	0.6131592171544934	0.27165642779015814	0.22810879649815238
0.9999099252366301	0.70902214327739	0.41725794275659667	0.2788264304799289
0.9998964545050459	0.5791594506860198	0.32378485599173173	0.28410797068871363
0.9999337796319897	0.5959302159803123	0.28845719479378484	0.2259340025964566
0.9999228517842899	0.6692697729617804	0.27558690372100497	0.20762298057635492
0.9999623456429693	0.7016024365405547	0.5047530825840139	0.3877366984338546
0.999885572678135	0.5992822888759363	0.2826164197640885	0.2689561641145516
0.9999215442054358	0.5776338307867414	0.2879124097908178	0.29574989434875837
0.9999197720743852	0.47705386399755323	0.27233567108753653	0.22224877356848405
0.9999461740265568	0.6292455574958087	0.25399676506273294	0.26118131933023764
0.9999464262414308	0.5840891840003565	0.35488364428427444	0.27667947044397834
0.9999559597372103	0.607909542223606	0.3112036079027696	0.21906026272649926
0.9999416631936663	0.7051352222499068	0.3799229333019575	0.3568169119619088
0.9999567997167877	0.7244229656021853	0.3132810998684018	0.21349422260528278
0.9999602686508263	0.8176163000634695	0.3869573145526985	0.2799033638989639
0.9998996464610879	0.5941281258509002	0.2949191297204881	0.22768856686250213
0.9999068762094941	0.5550957086424065	0.25449448032345273	0.2761243126213266
0.9999705936267981	0.6805328452106832	0.3612657849776052	0.28136065373410063
0.9998937135570769	0.5534929682440121	0.28109810606724844	0.27732186554557203
0.9999554352038199	0.7265608173260687	0.3035634856102643	0.24156459716222536
0.9999076892736078	0.6708501941700878	0.31873823281588065	0.325373006644765
0.9999198359412098	0.677662877902862	0.37696276338453244	0.29768768903916315
0.9999326460145991	0.6263979037002746	0.3821132991224759	0.31305483496936654
0.9999238861594767	0.5991888097315454	0.34409337830236364	0.3005884345759182
0.9999546943187255	0.5931204408065023	0.38156088943731636	0.23053548373501978
0.9999411025013198	0.6223462847293287	0.3104712052520941	0.28276933712932284
0.9998967962795211	0.6075117886749661	0.2509692996311645	0.21515662356613055
0.9999111656965416	0.6410105227038523	0.30012317029151075	0.2907067259878939
0.9999578576089945	0.6431392356507739	0.28306268765602555	0.22006076435584548
0.9999106183344366	0.6937639758068159	0.36612194360837735	0.2555737088082965
0.9999134512441613	0.6335278724586503	0.2444491089215212	0.24805616404719216
0.9999688474676975	0.844482201916436	0.4039859256850233	0.26829957115495773
0.9999053461266485	0.5574224006957618	0.3561202023106195	0.29267181340941173
0.9999151083866246	0.594617190039307	0.2289176835255571	0.3140693853895463
0.9998944555962785	0.5648144519673918	0.24590833933200418	0.23241914221665871
0.9998970987511148	0.6588464185712101	0.2848042625596955	0.2891432572747092
0.9999345737800586	0.6829811268694774	0.3572289597125465	0.3476297014748721
0.9999402204587641	0.7848663903282806	0.3858125837989437	0.45944819305020856
0.9999256338944937	0.590821182842288	0.27879929241131085	0.26870562839877327
0.9999607611579673	0.7177803393778309	0.3514249611952854	0.2112003441194532
0.9999132241591178	0.6218720438508395	0.25091374508885056	0.23220117114524327
0.9999315756359801	0.554449001250097	0.24671923352609254	0.20860402963116967
0.9999315219211433	0.7515438071598426	0.3289507451387037	0.3879413703178091
0.9998800786618943	0.5413964629048035	0.21185056371190752	0.30062939176778564
0.9998886199614879	0.5121483942566202	0.2615114389057844	0.2667471149820298
0.999900821491301	0.7080293403562784	0.3266543391739364	0.33118451183117437
0.9999286512274869	0.5632274630371925	0.301143768507132	0.306547753641463
0.999871623582715	0.5825646644308159	0.24010333611401719	0.3451572119156531
0.9999299010239688	0.6259435788716626	0.32387921986913576	0.2393867185755455
0.9999405706098067	0.6968137110514083	0.29023520152883175	0.2683364384556671
0.999941258912406	0.6232327929994657	0.3485058575734918	0.2477254464240683
0.9999383648683895	0.7573625925632007	0.355636431613733	0.33356694581134294
0.9999284600068739	0.7548557163285042	0.3350630151722358	0.32082958416290547
0.9999613407521807	0.7670154279070285	0.3633477181561512	0.2259647004729759
0.9999223983817687	0.7631403834576537	0.34864727049985167	0.2645445542102829
0.9999004570665075	0.5468689648088415	0.2616626114869238	0.26822970208346414
0.9999131143832701	0.5925691076290438	0.2513046372204791	0.23508852635391067
0.9999179541186196	0.5164431390471609	0.33312700253112143	0.3714678111275763
0.9999481347698708	0.5789455127894592	0.3929875894546812	0.2662482626358849
0.9998833282224676	0.6194367249719347	0.25598154860105077	0.3087664106010852
0.9999172272959873	0.5094080688950741	0.32802634753922355	0.2983944874890469
0.9999053794260269	0.6733610073928767	0.29050448233772136	0.26908964552536346
0.999880841489026	0.5333439320778913	0.34108366678688035	0.2949540782400863
0.999953105600494	0.8085410862250675	0.3690726702431826	0.2853740433653713
0.999953082793432	0.7518203153969959	0.35778006179266336	0.2360415859331153
0.9999534717951849	0.6436409347453925	0.27714647311279655	0.19344770101624778
0.9999454478501633	0.694422225150726	0.30342315600599595	0.32677620718157685
0.9998795275625678	0.6493414727795975	0.32791404564406323	0.333689768395222
0.9998898074591008	0.6231661248564754	0.2729741768757044	0.27921447572280045
0.999919206623031	0.700185021006134	0.32975749383867003	0.25850021788747396
0.9998976424816512	0.6011806166516674	0.35412966947710667	0.26460430504785637
0.9998919588607045	0.520397676817751	0.25858527920748414	0.2549130166471329
0.9999331519565988	0.6968699609530004	0.3266715315597363	0.2879598158815893
0.999925503430715	0.7688917531727595	0.3511257680825894	0.31898381361646894
0.9999401990957876	0.7684954580176327	0.3874691815451669	0.4210582592698975
0.9999323231389319	0.6812599561644767	0.30554169548581495	0.2951208784793624
0.9998459061751657	0.5791167361240139	0.24795694665279516	0.3366171996196712
0.999916795820234	0.7051222372677771	0.37335052691891046	0.28045417711232834
0.9998915960674765	0.6439012860520225	0.27709695392529493	0.29000098378550465
0.9998985980602111	0.5092690648855396	0.3119767754870482	0.24943124180145707
0.9999605216308594	0.8449997974200409	0.41977016520884125	0.3085458461791271
0.9999598908633608	0.651046938109512	0.2358821593465334	0.1691676060470254
0.999889692998223	0.6399457715654865	0.2946318843684039	0.3258017996740047
0.9999506966946284	0.6593158307180743	0.33665378043353866	0.25355364522119167
0.9999459442589695	0.6420657095618122	0.3802639622724922	0.22875085288510477
0.999948826946157	0.7308935671284698	0.3363921804398049	0.2848993716113306
0.999953417604099	0.7258612455606607	0.30155037774250404	0.3036125387814233
0.9999498857126993	0.5358965831696019	0.3124840220836647	0.17830407299088774
0.9999543080154397	0.6547338766949661	0.29753937033532246	0.1714317347118548
0.9999107723051414	0.5352464532766038	0.2482762345725246	0.2581431780922818
0.9999112501108001	0.6091116401175606	0.23985322767499087	0.28530843678945367
0.9999160188280983	0.7295223475563024	0.3712216208424307	0.31452560413726866
0.9999436274971196	0.6640797650136966	0.24684716173990412	0.2890798862762991
0.9999034756458542	0.6785733340307902	0.34759166292404187	0.24789426771928832
0.9998836263397074	0.5814646864361911	0.23836683454594879	0.3058253198188686
0.999891875303515	0.4557953358279181	0.24999784206815506	0.21556535467922858
0.9999323423173877	0.775392261719563	0.36784428975056005	0.37803168531588277
0.9998879081187417	0.44667271281281284	0.2544295586724995	0.21751674247891328
0.9999490175385299	0.615605058897202	0.2721681308251567	0.2080922534368886
0.9999315849834497	0.5240677942976327	0.34370879910755653	0.28718952144405663
0.9998794445950966	0.5944703928908751	0.3510569857842322	0.44713403593136897
0.9999693090883182	0.82263630257494	0.3908887866002271	0.2810398196759925
0.9999360531834359	0.6234215361105724	0.4324826389363533	0.39721907352966956
0.9998986416962924	0.6303477694045552	0.3627136833809221	0.23870168322050236
0.9998695227506953	0.5758900308962456	0.3280628366004069	0.30220751594226336
0.9999050687052465	0.6243302951817611	0.3167688110373154	0.24346256624547133
0.9999588121571097	0.7494521127895648	0.33168823662120545	0.20744092826325528
0.999890493737066	0.5758504241754179	0.2324449790802707	0.3162193673312258
0.9999251433835297	0.6737734371182268	0.4336501331011049	0.36833400945950834
0.9999267329474452	0.6709676518683176	0.361344852335089	0.37853737270614285
0.9999688606269309	0.7408892948244635	0.35259422705084603	0.22305142653020424
0.999897248894593	0.5101561274299861	0.21405001867349902	0.2904228219355277
0.9999566029766924	0.8275849415785186	0.3996279911029197	0.23674495818053998
0.9999686630856656	0.6361309333451277	0.3725334787689171	0.16104732357339854
0.999921725314074	0.5993363044556766	0.23502294421316813	0.20208575772378054
0.9998973911281601	0.6612330707875379	0.3102692735919131	0.24872476699307003
0.999913860663887	0.5276880133206043	0.35110308470851975	0.2543504422359627
0.9998739829166222	0.6414572494251347	0.4134299679469523	0.38583362069606
0.9999550910791271	0.810812499665279	0.39007922583157034	0.22699267508285015
0.9999068190447834	0.543516665845745	0.2128106105836812	0.2190127080702095
0.9999375081543728	0.7659746650078153	0.371655550219617	0.37484176692558036
0.9999401462626734	0.6900642612059872	0.33227537754265324	0.338159948735654
0.9999197245931495	0.5084662591559852	0.3305347863040443	0.3361538292064751
0.9999013426158807	0.6020285768925171	0.34352218161607434	0.25029598156861854
0.9999094514064913	0.5410326094706569	0.34328444207836306	0.2962487145846462
0.9999278702441756	0.7057011007703844	0.3448071676743362	0.3545455021428863
0.9999403565806523	0.5999902929412251	0.5020038054466583	0.3859079132319245
0.9998754930725068	0.658929059935785	0.3349059223359188	0.4724621331205953
0.9998957536680426	0.7776274994292168	0.4021064220932581	0.2611279581336533
0.9999084241179771	0.6239132636470834	0.2891698593366012	0.25085246310928305
0.9999423301975703	0.7148718688476123	0.30713481547207877	0.3229735455811315
0.9998808397991407	0.5567468738838081	0.32058119207875224	0.27699280087294975
0.9999635058359777	0.6425267220772106	0.31061694511332794	0.19427922959923363
0.9999134985682157	0.5772246525141111	0.24709979687684	0.2904967592995334
0.9999217846973935	0.7917219982450595	0.3925449028336151	0.3445355394273155
0.999926721647574	0.5362441722835918	0.3388536353229617	0.3167089096851672
0.9999319952850548	0.6582838393852798	0.3498322767358394	0.3310195317159483
0.9999556829448664	0.6665882600049216	0.2833169700704828	0.24065665670217026
0.9998728762708243	0.49555723891181647	0.29660434524450574	0.258781887324435
0.9999653232262267	0.6467805279994513	0.3659664599863087	0.16125876429240724
0.9999573599785276	0.6363874927156159	0.3947498740927362	0.24125847033363682
0.9999635699013862	0.7477650053667483	0.3331066069845308	0.17567160562544287
0.9999739143980598	0.6713432639964972	0.38426075574321417	0.23135910036151827
0.9998869372658242	0.5976873452840146	0.30238697001534015	0.26845393624560876
0.9999465563003315	0.5736069046585252	0.40574808281258506	0.26104156901970366
0.9999653455211538	0.7231812612703087	0.31244787488416964	0.16872552704723506