0.2423654574056164	0.28271371806914225	0.3088926345676702	0.2920481398434865
0.3576248243871015	0.26407415657918193	0.36842230046786845	0.31033921971788725
0.3534813525721593	0.2908291987035503	0.29540640038271365	0.41123708068286546
0.45026738909491454	0.36601017094053373	0.3566382093454137	0.38833320449777625
0.3252577879731614	0.22846171526479028	0.2668529908687342	0.23441989918282116
0.3371652919691621	0.32895718148950104	0.32601586422099715	0.344293197554156
0.256264600994746	0.2252567355401559	0.24990506294586073	0.26841747027236773
0.2449887173630612	0.317544811635007	0.28067226720410776	0.31688438918341333
0.2653977205248835	0.2917218963620865	0.3647430953074997	0.3172367211695399
0.2732264205556977	0.3417956847089691	0.3622046269617716	0.32906582025450515
0.35484582105166895	0.20819202961928623	0.24716611262369925	0.25173156100935906
0.3716633240192586	0.23421190629718475	0.24497343310267342	0.278761552143195
0.24392326965147132	0.2665106405116402	0.2760869581560953	0.2615000549052769
0.392489227221788	0.3646465191951016	0.4070317561703602	0.3615760435474095
0.3094845605748684	0.25807754847793085	0.25983368198209805	0.26994446747675493
0.2974303762133214	0.273082510911738	0.29336658700238244	0.24958806528340516
0.3527981818676664	0.2632587542224465	0.25619446989334194	0.28291264059323784
0.28362328526894415	0.20893569581524452	0.24834400544357715	0.24928352387698854
0.20098311001384078	0.2455180031164993	0.2577507451890922	0.26722115800970836
0.2672522321631686	0.3281904410298012	0.31964698361313737	0.3196615276536655
0.34248122887407245	0.27936095363562874	0.33851086589064094	0.30373648543216114
0.26685655135771186	0.20236128337497575	0.21107905858239404	0.26639495403511143
0.24258173931973792	0.26769333852099975	0.34926823679244673	0.2908576358562291
0.40037768118219846	0.2211371869411438	0.19202308309923233	0.20810589375492733
0.3318274882956708	0.22848632537140304	0.2551137653919378	0.24601566103166447
0.29757168387332544	0.29746252418706304	0.3606584334582955	0.2782416858961272
0.3384003051579328	0.2802906552056425	0.2992228847095622	0.2949035965647033
0.29746760155320245	0.23285827068982484	0.3089501409203086	0.34363239136890694
0.36471154636550307	0.32212948729039387	0.3432247185468668	0.28956583628891686
0.2676843001986699	0.27588557868392033	0.298726928331708	0.28214617783791435
0.3299556911871313	0.2590426388063165	0.32993636059869247	0.3536748944014892
0.32125358302881624	0.25850233355364993	0.31101782161719166	0.33115840235748273
0.23581548089460203	0.2634607008971892	0.31916134940770136	0.29343262766418465
0.3046283488957272	0.2428564078550283	0.3001103766299466	0.31931370040787366
0.2395100449386831	0.29844968931959254	0.26202919718306655	0.26926667816195166
0.23632766114869774	0.2156331552283232	0.23386301384521044	0.23357785533977593
0.48712341967752965	0.24980549775690325	0.24670835093415916	0.27401404709642185
0.32266717452836596	0.3018070536568688	0.3553062359094316	0.35849434835034155
0.18571844234232035	0.23079738813808034	0.2711354980935761	0.2401968773323313
0.3798476276574849	0.2412569242910314	0.2517031272914912	0.25518899631159486
0.3105470868212878	0.2942324831638214	0.34612463343143923	0.3326514936380174
0.3225337593062156	0.26510021586201243	0.2991734609404352	0.2959022526192701
0.2596871443352644	0.2733441985623881	0.2606375054105008	0.33545848643722204
0.29588517973756767	0.2355933801141525	0.30272092455935723	0.2532593802000578
0.29838620007806393	0.3176411944333265	0.33321583737947186	0.3090933111269649
0.24310105304822766	0.2646596384741069	0.29817312586392286	0.28197258933811825
0.2953949328226786	0.32612110038252407	0.3209489709966257	0.30491120641713015
0.3273479335326188	0.24945891959383693	0.2615136194804114	0.24203941170711474
0.2694401979586807	0.3023646047792933	0.31570544090946384	0.27156640861889014
0.3166097552983973	0.24298054846181685	0.30094427236634996	0.29009574013664663
0.2336297298848419	0.30783059372829946	0.28834374621769077	0.3403830093951995
0.24723492193339033	0.279911118204201	0.28902242713812865	0.32545361637810016
0.2493122444948664	0.25447024164355486	0.2517300416748902	0.33161566391040864
0.26472873448771916	0.2338670898578303	0.24493957471854805	0.25941522827251484
0.22189458771881107	0.2331228641945519	0.30028923043292033	0.28237067034098096
0.34905381912858363	0.29307532945911696	0.3222543818202702	0.35194354867682565
0.2766799336439377	0.3052903826302241	0.3017103948066365	0.2857794348515622
0.27274415341305663	0.3325623902129257	0.3291829515842885	0.3190571039685342
0.3861779380031764	0.3166610567033224	0.3292077552055671	0.31506926710149447
0.3357842998054824	0.3293947412523774	0.35567844399957255	0.3414242637808398
0.23644974613058217	0.27135022474917586	0.31830037661468813	0.3068380136658858
0.29493632296765493	0.31524136254216173	0.2557559900931715	0.28448684856127215
0.33828054327308005	0.26902886049236163	0.28310488203522133	0.32828049903450063
0.2714878457014606	0.30858277362484576	0.3224519579147128	0.3060396413161921
0.31197401965916005	0.26413167924102277	0.3231078768572903	0.2745904375280468
0.2853148650763696	0.2889317708509729	0.3460561800205005	0.29012076449184016
0.31766201047953085	0.2712106213492922	0.2938994639458312	0.32168441505837675
0.28516214938888607	0.3361086207064787	0.32661202796423533	0.3660269117628621
0.2956084380837823	0.2853224683009099	0.30095435787742103	0.3147920853032816
0.30157730859149934	0.28675175048838225	0.26946180954925697	0.3769553636067951
0.2542763110035754	0.27273295790909324	0.2761059469817812	0.3046443632078873
0.25447736159967166	0.27696546975253566	0.2519827367754726	0.25750402391600086
0.320020607039263	0.26006522558256545	0.26446229138321947	0.23805056712536188
0.31505860768533184	0.286358228675751	0.3561018242154329	0.278618624407675
0.2972096879575902	0.2902593454401104	0.3246181928105397	0.3241699163754397
0.45032711786764723	0.31391906134834324	0.24281024099371867	0.3039015648576888
0.3850069203514616	0.1870504556561126	0.2216664080419752	0.27454631816617614
0.2766982289743647	0.3454127488685739	0.3685880612093668	0.30246290094723044
0.30326286666588137	0.2599302012088321	0.22128752927052156	0.271985814319964
0.24485835319075316	0.2742761610922554	0.30845547522390737	0.32883775544173405
0.20328272366945535	0.28302938211424883	0.30348580583666573	0.2761811267957033
0.1803901416088129	0.2599733631321468	0.26366973096567003	0.24463068694555073
0.29201427014684034	0.23773287779247484	0.28228956647556463	0.2581494352211403
0.3095058431110457	0.3071311516115089	0.3285628728880274	0.30520103482703637
0.2793874987817719	0.30943886092689643	0.2775265782732054	0.25575871306942777
0.3017394445999975	0.34711398626559714	0.34214661048663475	0.36622254849785874
0.2862844083337265	0.2942815222464335	0.26512546670579334	0.2997465251946644
0.2867970096797434	0.2933396019132265	0.3063218271109428	0.34639663699938916
0.26121347701499753	0.2584195747590076	0.28175633419572227	0.24677449564130916
0.2858521945172509	0.2317806700004449	0.2609002288208404	0.24988434735881565
0.3957040522305055	0.2479941795464212	0.2852821284543692	0.27575494776405546
0.33908333401292595	0.344481797483193	0.3115602727406491	0.34769109656430963
0.3710655371914825	0.23683289892544007	0.27699948030874977	0.3037127823320259
0.382992199837141	0.22731323298562467	0.25680339758506504	0.32662259250784326
0.3087280130830762	0.27480363701451255	0.2681913923635674	0.32425081861149424
0.3526802623016595	0.3292051016390706	0.3001219261736437	0.2613853388895017
0.23098298127618674	0.27262986400694067	0.24381225172512633	0.2844674969476157
0.24827798924960714	0.2262350032783822	0.23092821285221574	0.23873872813937583
0.32529855668511237	0.3943395805805343	0.3348658974023057	0.3335580321869147
0.2897313818096607	0.27021929858009636	0.32749234383506887	0.2917918128923757
0.3524665521208995	0.2868984732708882	0.30916810074141976	0.3377325364384649
0.34871694859610386	0.24620855307833778	0.2872246723306212	0.32577878525109866
0.39803399699410696	0.291246798980463	0.29580550361018937	0.28008675582695775
0.3397553374076413	0.22683427643582796	0.2715943624113375	0.2957885715051407
0.37531469032807585	0.30010257103553906	0.3355829370254658	0.31764298152293335
0.3230954540237302	0.2089984084791214	0.25865120463367336	0.2302184529800928
0.35030189849609417	0.33183940549139646	0.3296597491745805	0.42287825649499605
0.2223376997471895	0.34271003516588994	0.3433832268412892	0.29047262638452626
0.29088941658241896	0.33131872698838016	0.28647255587184595	0.32610289368637657
0.2989342986876761	0.3345228212271176	0.3266384000504089	0.29297648936423315
0.2679064117063621	0.32002303082852557	0.2666348181262059	0.2646998345865413
0.32367641380711737	0.29920624783709515	0.27920210092280356	0.2986730783971252
0.2764693731993058	0.26461234633525454	0.28796762430109507	0.2824623758127483
0.33087609115345595	0.22159924355304822	0.2655625486521971	0.2808638987964365
0.22919941907480945	0.2436760276823714	0.25298620172850783	0.23700934212132793
0.2911620832280053	0.27119723059060524	0.26844801319565215	0.31446547324726204
0.3705363171901662	0.23379236339348017	0.25739301743026055	0.2684139274442667
0.301512070674695	0.2578533799096859	0.27151170273088726	0.29298124576792833
0.2849658110080722	0.35327396066786665	0.3458540050466158	0.4410981058224178
0.2507549233759812	0.24664978082814712	0.23327244454518317	0.28652135817264757
0.26219385655075356	0.32102739471486275	0.33297126409191774	0.2508555862261438
0.3015129856723761	0.2960424177684491	0.35440737912581083	0.3124633225502421
0.3186337996553067	0.3147270961484463	0.3218203491629823	0.2900593476919609
0.3145182374922293	0.24134073408857523	0.2758421427364707	0.2855495586755898
0.3095729032802303	0.3206721805042773	0.36193557734486537	0.34722205720504506
0.4013798937734433	0.1923921100600892	0.27886591706617614	0.24747445816174327
0.26332011026444235	0.2777827482322768	0.2722683404111864	0.33100312051973657
0.3250907535980631	0.27608502634149623	0.28898618273638416	0.2738230263006956
0.2741817718279499	0.3190162735041769	0.3349498513999479	0.26913825583763207
0.2723901903358273	0.217614629937927	0.24462519609900465	0.2373252151222224
0.2209349592931409	0.2561314169592247	0.29502084371560033	0.32097603561324484
0.27777729411860286	0.3655056787192726	0.4268703536955485	0.4191262352159232
0.2775283434965911	0.2782019465733789	0.3149160676736117	0.24784938061509607
0.25845606932411136	0.22609314773951025	0.22895998500716988	0.2475498180340049
0.2808208264407272	0.2963064121045759	0.3022284239035744	0.2585611925966353
0.2933687690405737	0.280957999954834	0.29590776935353696	0.3041921402586399
0.2740227494604182	0.3198518916763195	0.29233729523124485	0.25935693247223607
0.30642013279840674	0.24320095407342038	0.2449538175560122	0.2757134561967399
0.281831065161349	0.2857280887692092	0.3103172208044975	0.2861660703220199
0.26034712636672824	0.26981111511844824	0.2466504475007687	0.2781298894939283
0.2893867991171164	0.2674050533172718	0.3285326594764309	0.2957525355390914
0.3302327146531219	0.2553884484954921	0.3036802003574991	0.2746065144148874
0.23602327059275635	0.26683378469530855	0.27306673371626605	0.2828595264724558
0.33724391862256536	0.24590177651431522	0.27008063304443924	0.3019537071479406
0.3244587877132791	0.2957070785474414	0.39594729053964095	0.3648592872098843
0.28477133147132233	0.27132682065936686	0.3101546511076346	0.3232661299027173
0.2756885220965233	0.24143926120353748	0.27685326250539843	0.2488896433369788
0.33164639929325507	0.3158370770762398	0.2866239536991324	0.33006958713501383
0.31648501582472677	0.30346404444591374	0.39019262150721196	0.276880569572057
0.21931870024384653	0.2901053539349007	0.2890138931518024	0.31802660394956817
0.3954523374353445	0.3106777799193935	0.30595762039555335	0.3501826391050323
0.3786206848658579	0.2363418475947761	0.2706257426858151	0.2856182815232397
0.3692226525190395	0.2685246994123313	0.3116288822090747	0.35152883757146985
0.3495562243975673	0.22722620433434076	0.2714275483213613	0.22743927326479457
0.3108902529040522	0.29938845667921504	0.4019245585995538	0.32987292248586664
0.34675526652287497	0.2670435097798728	0.2813621446036634	0.28104445385493443
0.3174458346528843	0.2980800843659976	0.3105255089784114	0.3498699863437034
0.2365015716921021	0.25070223383470297	0.28800436125484535	0.25106152235839474
0.2525320252001927	0.2984990798916882	0.2978811546447958	0.3458020672911281
0.2718041553870012	0.3026898531705078	0.3320874251910514	0.32811763266192934
0.20713397445332551	0.329975521126322	0.3057162952865302	0.31551638342239263
0.2798191671470798	0.30977430541621065	0.37941578705034845	0.3209081818743937
0.27400602574647304	0.22549458117663249	0.2359800161507283	0.3120271260771791
0.4774925783472943	0.38816806892216427	0.36300078801224633	0.32499427237024137
0.36984730053554604	0.3460540519626953	0.34273863811623106	0.3365604043284219
0.21694788504140392	0.2556492031566515	0.33197550891930183	0.29250781847917745
0.2520906202118621	0.34793488613349316	0.35112439286771635	0.3164777270195024
0.2583223112148049	0.32376731407948084	0.2874326202719153	0.2892002606882126
0.31902172894319747	0.3041618110986244	0.2914551216696617	0.2977558205033765
0.23775188050272747	0.28401861631256897	0.2540152248145451	0.25292299948280167
0.3354502716166208	0.25543740116524993	0.2698731006059357	0.23260728735877612
0.3312342627721548	0.2730254542327545	0.28790451566595765	0.3383965209279012
0.2679836694695541	0.26890716349515514	0.26487461654994604	0.329915288762898
0.25023644948939394	0.3277479800750142	0.3492922905108908	0.31688015194013464
0.29538364583856525	0.25555115865339295	0.2520429283995757	0.27270237070231174
0.28235885306198144	0.30498141603841317	0.2786821694586903	0.284934214649701
0.25242452134712706	0.3181034896061678	0.3311369765413419	0.3494356337802779
0.2748723853885134	0.2742245409050002	0.2826890486176276	0.3413254702454537
0.2987651462450935	0.3425129745612302	0.3286486009428639	0.34085879123354335
0.2992389814836519	0.3027748298015789	0.32024964200671663	0.3611340420253099
0.2923011362353355	0.3222130621180036	0.2911934495401156	0.2979994974341864
0.24312668533014975	0.2551510737808511	0.2621297224426972	0.2445731485685217
0.35274490318804563	0.29509323689438427	0.3663565090520206	0.31392069261008393
0.25896450706866014	0.2538041305408238	0.3027430611151451	0.2622295973941397
0.25026796286853703	0.239806701497805	0.2426716891560595	0.23578676219883168
0.31122086077810646	0.25966413036542063	0.254556500398363	0.2619048079908632
0.4294197975313515	0.24578833652028376	0.28533613917427986	0.2590293558210787
0.2633958628332462	0.30317448249436607	0.30975595828118313	0.36142223701635645
0.3287048544955874	0.35964625615339474	0.337862736591753	0.39432354937285174
0.2728444723716424	0.25950781700037306	0.27053849596774926	0.2961848071840702
0.2653186977675258	0.2369924337363106	0.20931003450645475	0.22774356288893427
0.3821753400053367	0.35909817357916807	0.3845373331652852	0.3166107539860775
0.3058332629232936	0.2608181549359345	0.27244561052933197	0.3627883458769258
0.3555857917820505	0.20143792598912424	0.2262971062344581	0.2511606855690165
0.34428315714564156	0.28499889060019423	0.2853094569454085	0.302441890709444
0.4237032975307262	0.32995169756054216	0.39971685801949053	0.4409899746193956
0.4144822825701867	0.33014537501414176	0.3025803048827689	0.4209314143946283
0.33721790871749524	0.3422189220738674	0.3296776623220938	0.35616092815921035
0.2959883939653453	0.1996110563308761	0.2441890927585472	0.24764476570423796
0.35758914123022145	0.305466712197951	0.2899546934496572	0.342320545128765
0.24912062241958985	0.3043736979130978	0.29192065668063283	0.29669491167382944
0.23929088530143236	0.2769797823877248	0.3179967209334782	0.3376773968914227
0.3862070649763597	0.1766879249581081	0.2037133629520786	0.24603907118600474
0.3825114827106475	0.22028839957246482	0.2445088478757886	0.2753906218032957
0.3145432320428233	0.33092039044673205	0.40804774626870743	0.3599813529151014
0.3366877399150324	0.2513420062460122	0.25582134963673775	0.28387711683179045
0.25311028758633913	0.27237883315868433	0.27128366883184263	0.24680799620172092
0.37397007124596343	0.24554785828266978	0.24426262614435917	0.264308361942402
0.23158735712370834	0.2438314692389271	0.2738285990306206	0.302746414794382
0.2694033314469988	0.24502494629634367	0.2666392036696912	0.26124593961385734
0.4070680917397284	0.36143180329220204	0.41138200494790844	0.44486997649399307
0.3649076867304324	0.2396077089836178	0.2534224628510677	0.28026010282640934
0.28008772495394796	0.31926761641496687	0.2906958015588901	0.33731150703435314
0.38585110939810274	0.3688338369085531	0.4352694166460332	0.4600300982549185
0.4206599259690434	0.21581898656278242	0.26298906424010604	0.2768339524929952
0.6525845532711918	0.5206396098913266	0.41155685571211725	0.48518761750763123
0.29274687893156887	0.2231935693748871	0.2602405768560787	0.33277729177913623
0.38333402805862804	0.2845164610962874	0.2659143398555468	0.30117101797704354
0.24827413852143929	0.25001380836443443	0.28542926041252714	0.24705251099208894
0.35787849609854866	0.3729819199195224	0.43622992082913015	0.39231256741322557
0.24865991321083658	0.29437308709038096	0.30626638499313147	0.2826023615885055
0.41571389561009425	0.4473382034972884	0.4221672459579558	0.46884896651535996
0.3038182155346673	0.1921958375373442	0.21230714668003134	0.23866807309122082
0.3952000633308032	0.1938653396362845	0.2028967606374901	0.2274263647195145
0.2611063871078951	0.27237360370246383	0.28575995178067093	0.26227818742574865
0.45476351032324447	0.404682226090208	0.28025018544701574	0.3084476133647931
0.2717336173692799	0.2576972524310667	0.25892495304818913	0.30065973799507856
0.2615098351660158	0.23789594483959986	0.23626763638334536	0.22653963837374486
0.3445768717061288	0.29910171063450713	0.3097845506722881	0.405838079075242
0.36843113551344936	0.25656874941723323	0.2717790052669365	0.2460175310375986
0.2558751640760202	0.3245142799236991	0.3716729637347724	0.29959151343102
0.2839352184792875	0.28141156084782076	0.3038855672759452	0.2980181671531185
0.23340291016595915	0.29009173461238735	0.3341272092039813	0.24802155464542203
0.26520784132797376	0.24220503520636466	0.233924505662969	0.2384129415793309
0.3047810732410263	0.3498016609208258	0.33343199615763724	0.30212856328161997
0.2880784874644359	0.3095002279297144	0.348445445725822	0.31966704408999647
0.364002593331544	0.23276950174591118	0.23866529143828824	0.2789278776879408
0.362187053061385	0.19916049562350605	0.25555796867349917	0.24685308383619556
0.22477369742507997	0.24766953016713708	0.34632532543945854	0.2744282394206613
0.36384054877940136	0.369925004383598	0.39583308146932505	0.44824350671232055
0.23468079363842764	0.28075122251190077	0.3001858344487751	0.30535417977939694
0.6662415031819692	0.4998192308183153	0.4127145691782927	0.47062122114151855
0.20149634438067268	0.2687612232181921	0.270205748158041	0.2560027487033192
0.30556840282510755	0.2833905680687979	0.29347280577455237	0.24268563110520852
0.29208103699606236	0.2714312713047013	0.27724892634883314	0.31071759963502177
0.2856412197568869	0.21463040904509115	0.30291595411543804	0.25354073456706816
0.27690520986867206	0.2584253423973098	0.30375399790812435	0.29427846133333224
0.3324339182912353	0.28068505027077423	0.27739832854023205	0.2899984397047969
0.2364737149509957	0.20640935361327406	0.21171441176266118	0.230995958759617
0.3152670072132087	0.3133059376178669	0.388144604809089	0.33454310520756736
0.24843407638810056	0.20621104109312474	0.2646547203396852	0.23267261485068758
0.4270236404477442	0.18049445665536426	0.20865650009001943	0.24266746277709236
0.323929470535318	0.29598938306134964	0.2891917091715026	0.28238307800619045
0.34161226429586	0.3665442598780407	0.33329656529670354	0.3212458740608131
0.2502095486910788	0.30513447324326604	0.2867351509505891	0.2645707267549721
0.28175618144825043	0.2466293267221838	0.2612055814253012	0.24873443717064395
0.33866264235860366	0.3095146387118155	0.3096227157930138	0.34668118498393036
0.2785873225074834	0.3210531818535705	0.30365085102006495	0.35400318266732667
0.2536450644872151	0.2918401367429892	0.2515855272975115	0.34380477341876753
0.23369713534068778	0.3401236672336857	0.26176077713429186	0.30177069560064423
0.2935248044974737	0.19411137839876086	0.21851509833115318	0.23675880155075713
0.2871333364032877	0.23272848561428014	0.2122678370478417	0.2184793320935918
0.3525152166889957	0.37241764324349713	0.3806861834870255	0.3590458341248645
0.2588178196763174	0.20902155423247568	0.26228230222696114	0.28081710768475276
0.2151599761837209	0.24235371112349133	0.2521339123065784	0.2388945703185496
0.24867094041045115	0.3231558655538459	0.241460785509229	0.3121433549451294
0.3168164252447176	0.28640270679870655	0.34299064174547206	0.29090558066574307
0.2570775417715424	0.35194554868442685	0.26661189158453574	0.32012844553089354
0.2377329768700365	0.2705309474556177	0.2637502023545231	0.23485974569748114
0.3031737663004404	0.22930373092126768	0.2497435691779773	0.3043923378046318
0.4150327869026328	0.276715215631698	0.22987047534943028	0.24383550239637025
0.2545862427854696	0.29980290648604463	0.2895939635828483	0.2660672828480868
0.22469057223816508	0.24885008333654213	0.3054325457497457	0.2662816336790199
0.2763897459505928	0.26824909579961104	0.34481984337022703	0.32335799630459494
0.2830447234696449	0.2477181370878309	0.24449306876196095	0.269874399801669
0.2974600377154155	0.341803477000955	0.3291504876693305	0.39311762816393264
0.3421702780651497	0.2794134564678302	0.3322125256993537	0.31653494906492863
0.3254278664970216	0.266863095261065	0.29968268464051323	0.2956437131077252
0.23039457230712065	0.3275144665682652	0.3057135195375849	0.30187926214099237
0.4048294391585226	0.3388140011201659	0.34615816315037845	0.3471704764522485
0.2466408917190857	0.29718362855167824	0.3138332426227922	0.25710648419430376
0.2263772184364634	0.2705408053030765	0.26077217619564796	0.2891376726708205
0.22734644434420054	0.2596892176037245	0.28071662608089876	0.28493098255000404
0.30670873170761087	0.26304429222346837	0.28442529170536884	0.23581494974774872
0.3346766479503278	0.3765907495581764	0.34264204549968086	0.38399808244936073
0.38774549042691836	0.2288107787998528	0.2408896249013329	0.24967834120423515
0.33899256269594363	0.22603507154669433	0.2485027378009481	0.2563346568471829
0.40745092689913043	0.29113685584872906	0.28164599208960595	0.27505435821788593
0.3106648424347288	0.3006091593771637	0.3337559484186861	0.32283402369535275
0.31125954848507936	0.29919306097752235	0.34534613179361207	0.33008550503840894
0.29283128287607574	0.2972127722905274	0.32303634000509673	0.27464032808487593
0.3302562658995227	0.32803928244549074	0.322462843297187	0.2932489010465535
0.18571625595024283	0.24467818620155146	0.2827369304156874	0.25690759939949637
0.3267731482836228	0.22353355133467068	0.23542046424771307	0.2666365804037676
0.37134929675926454	0.24405434402322423	0.24836429325838338	0.2632405341997435
0.2871872364806038	0.29715522940978545	0.34155056625813207	0.3127502375794976
0.25256285323191463	0.2213103870043332	0.20058449452302013	0.2694061646278298
0.32606312588530123	0.3595476874221973	0.37229510926667214	0.39781707362416696
0.24300346968338074	0.2946516823627604	0.33845154250485754	0.33852465986310604
0.2927899321025845	0.2443108006702504	0.2630017739848958	0.25194767016771075
0.2493479292368823	0.2165704863876478	0.19788190631831157	0.23858013826973087
0.29388197592022935	0.3173164963555613	0.43924450593823094	0.30933808989550754
0.3415571615792054	0.25893485625995316	0.302914351717764	0.3456612812727725
0.2810072460162932	0.2809028684153866	0.2842800894018993	0.28944610368180057
0.35508394633459667	0.3251351617773111	0.3608930402123117	0.34030110314350387
0.24262353125756678	0.307098118446231	0.25757842727130104	0.3295147575330646
0.39631404684488275	0.28087045555925944	0.2964740184092577	0.27990987181310256
0.36010065472159514	0.23579473334437256	0.2320146276738839	0.23907399006240856
0.4105502841165785	0.1903572340969372	0.20017676015559113	0.18386716341288054
0.2754086698506148	0.3289628180630689	0.4085120109008183	0.343846586678605
0.28800168468804455	0.3761340200701408	0.35351248155974363	0.3441855738804656
0.3091245053552732	0.33927867171457277	0.33328270361263324	0.3531266076644078
0.2817704297333101	0.3169388502036528	0.27283254491164666	0.3744938434007758
0.2919183589000258	0.2719770602843727	0.36126656294093235	0.3016813509714704
0.3335689345883168	0.2747246790814276	0.322192218600165	0.3506015930784292
0.5139537243678239	0.3129767761238982	0.413103517161973	0.400358910851083
0.2898214841220101	0.21162036930783215	0.23824088886889164	0.22034481162705272
0.2517210049990553	0.26814371722702063	0.2642734153967591	0.26885238419235513
0.29345576054143147	0.31954852807510103	0.2982453091384945	0.26017381424040786
0.2190815681628887	0.28897106994185234	0.3423945818001054	0.301617215093692
0.3795219136327438	0.3443266577236042	0.3170906563806693	0.3348715199572248
0.46303461528485745	0.4828042895838473	0.3401306608709203	0.38901025285687163
0.2721691094751975	0.30642815214525976	0.315001995713684	0.3523135434927638
0.3655935941785679	0.2927866201522702	0.2801965080144095	0.31440510055031873
0.2906404306209225	0.23211545297038988	0.2455247575149534	0.2626980365226341
0.30270547919201096	0.2207198754197823	0.2220049147957624	0.22667159275183643
0.30687876064131864	0.28660460757521883	0.272662299128459	0.343030786171748
0.3927357569881671	0.22710642091840047	0.23317599475029513	0.28070709926004417
0.25600498134571403	0.20488153556139393	0.19574430827573933	0.22301044591801078
0.34022934796746046	0.28643506873764596	0.2978807785713921	0.3627135408587359
0.3855602026414307	0.28195883631289953	0.33197598965176967	0.3532685513083921
0.26132419353328384	0.31246822175028094	0.2896593618881344	0.3209178103489973
0.34047679896211724	0.24564266437611054	0.28014226590516006	0.33604946893829446
0.26852996939789	0.2941655459442742	0.24781227672787326	0.2882885959340347
0.23636722978454236	0.2755357815998317	0.30016917019882094	0.3055047358262335
0.3384441310018397	0.31538509837047396	0.3702380886799988	0.36228852999810046
0.38915774042764084	0.2440025911944857	0.2739292153400228	0.27926951492285296
0.25012337766193754	0.2886662536237104	0.2609713718872101	0.32020827920889844
0.2030048958548585	0.25371115365582403	0.2985694267771215	0.260581216697766
0.3043806813377381	0.2847696792131959	0.2666924872058378	0.33066279772690577
0.29510106289982785	0.2314296044511072	0.23821567191056742	0.2728531776913994
0.21048963310383387	0.2723527250465645	0.2738358732419055	0.2869404007797481
0.3087750143508415	0.3282437414997854	0.3360526026516116	0.3570620593345742
0.29737499245957927	0.2660488109704036	0.2677990536037155	0.2604620650289494
0.25088777960412245	0.3046090919044578	0.27297789168120357	0.30298649813693884
0.2437854850058208	0.2908264424799365	0.2861031483076945	0.28044607967628427
0.2833173331955406	0.22386141541915514	0.24961438320643728	0.3073983142987764
0.20912529727277995	0.2504916503933858	0.2626053248009814	0.2782657944116972
0.275638312165198	0.3161934297424658	0.35549793769298454	0.32599606317064533
0.43339110247642443	0.21593106284821914	0.222058172486376	0.25669092118316217
0.4075177296947081	0.21118242156800415	0.23392839562051349	0.27353936946962
0.29871283441028773	0.313845550111026	0.32774613147912157	0.38117215986611713
0.2802520255486076	0.22564759013862473	0.24703724961440982	0.2469688644370077
0.28387133829784394	0.25385612291067766	0.3118777760195039	0.3014335557880296
0.26762680619860163	0.23746672355890805	0.23982204429221204	0.25129854067052704
0.4698104928666942	0.3601159608607237	0.36978799115426286	0.36293159704682587
0.31041856580058497	0.2707673137121521	0.2790338474064372	0.26351441840268547
0.3131123717784662	0.40834393034603794	0.2849433121215211	0.27837127801038203
0.3115963050958374	0.33771801141027646	0.3284309230772253	0.34072335517946745
0.2776665964072639	0.25218484395174623	0.3518821349249241	0.3636526863352692
0.291165320663918	0.28329317318325353	0.27524601829976325	0.36318031448172156
0.30509644843797296	0.24345467416600608	0.2518113845951512	0.22284313741466266
0.34507302458758515	0.2530694684945747	0.29355993633468797	0.32003397004173784
0.22899410684781937	0.3056688973470079	0.3000920749978152	0.26521876288658663
0.2756941033740869	0.2793261166695744	0.337886941566481	0.3011324851696123
0.2953223534183469	0.211097171239861	0.2118706817514443	0.22569213316740652
0.25743783404505083	0.2904940783291694	0.2817231517398126	0.29630815225811336
0.3266842120652488	0.29228905091501917	0.28808007372987543	0.2702451082089052
0.2313460868112848	0.24928745149784148	0.2468626595132994	0.29702497871222344
0.33275091346639535	0.27154827313789387	0.24243538676292958	0.23642152977040887
0.4639272053622491	0.4319853580686356	0.42642626577864357	0.44142167927115494
0.3659101798307115	0.23594744000838277	0.24984771932422165	0.25410554838718885
0.27279156233250984	0.2939311955030459	0.3248194339580139	0.32679917538242215
0.3058202560217416	0.30650341084268534	0.3568596003842383	0.31837112721188515
0.30389945926827744	0.2482025486101041	0.26974871898213554	0.2996873580381085
0.32997771933048015	0.3081667055998687	0.35399805960767955	0.32233181049173937
0.40671710499606745	0.2586753261819593	0.26270914567961695	0.2996287593748232
0.3316087512889298	0.34321455973031845	0.3559918248163668	0.316983154738989
0.35234255429114175	0.32466971018899365	0.31740243184250405	0.35176243381028294
0.27931095967338254	0.24848454614682672	0.2940355016350561	0.27635169838117624
0.3033685949420358	0.22432075175968746	0.2446042903434531	0.23842859420899118
0.3878956147783232	0.38884750095534437	0.3196097067818947	0.32510955067557934
0.3832064483012657	0.23813996945262236	0.2583778330110635	0.26769943123745354
0.2792945779773491	0.24855043507522362	0.24720861199001923	0.2691752929943276
0.23858052125811646	0.2758604035966083	0.3077892988927202	0.40119519197175063
0.26499573901135726	0.26124414172980226	0.2571114573741395	0.24797066360425096
0.26703206541363783	0.3042826230324769	0.25806719334430495	0.35779743235971956
0.3461741649653191	0.23706440385355396	0.2595924746604237	0.2298817368588489
0.3314242178337169	0.37011974627446803	0.32786787975596204	0.3742014987125296
0.23561906120211423	0.292210371939043	0.2601290568521695	0.3076809040713642
0.2972086490466176	0.32947046342229713	0.300677622040007	0.422049687803132
0.2558434191839135	0.25374437590510485	0.31292907704561596	0.2772229254353505
0.38923009130499375	0.3070460196481661	0.3303122951498002	0.33134232883302295
0.25509431425991885	0.29537061130042314	0.3195886462559114	0.2910335374692288
0.28886582705991615	0.27709114782755784	0.28555702566854496	0.2866103610904242
0.3704067357492097	0.3225202490995083	0.30504422090530825	0.3437169866409133
0.34247944835320615	0.19996222555135207	0.25492743289318615	0.2432357956274466
0.4565219374805254	0.2498507928077604	0.21833182309899526	0.2606503626147555
0.24994648997564187	0.24631863701915796	0.2969201670636467	0.255416511748093
0.22089330395417128	0.28814984255433473	0.3306635827808514	0.2787757082613769
0.33828192960238473	0.3054605386806895	0.2999678442511541	0.3892289530073313
0.31401007687014354	0.26079881098724916	0.3622921313860908	0.27935759491122636
0.3209808152465601	0.32308788593438154	0.3080290933175579	0.3729340769276051
0.2328264824836756	0.3037769074333063	0.24996607852027977	0.23821175793408272
0.27617138971552857	0.23154625310261323	0.24102782884558485	0.29392771540797724
0.36302741560591845	0.23953790943217312	0.247395442851524	0.2910314077759343
0.22464604080595274	0.24389800130538677	0.32400546548051196	0.3010925499680058
0.33943183754258577	0.18533830335147974	0.21253747318282246	0.22216155939113721
0.30388890700269433	0.2946544150057766	0.3372807866306937	0.3251469688654355
0.3048935218966622	0.3180604917335915	0.3251588692946628	0.30790624890111984
0.1910928688130829	0.2916195443232227	0.2342360403828248	0.24935579084754814
0.21837597271821985	0.2810799987190548	0.26109410838203106	0.2848519518509524
0.3588241019948911	0.25882179925228505	0.23838656547133602	0.26556472469362913
0.29160807512773096	0.3133526698439943	0.3124998085602991	0.3846827773016106
0.283176931615286	0.25351637609844874	0.28683198831923673	0.24180662130020836
0.32382207434041504	0.23438251783891262	0.2963720767690921	0.28044835686112474
0.34232178589605217	0.24558818788361847	0.3009930625949592	0.2630333986106264
0.3081668056703898	0.314894658294839	0.4040703004606887	0.3404943282170371
0.35923618359036047	0.24540052634420806	0.2798245218503068	0.3616286535177083
0.288363772115677	0.27722534007794014	0.2915548286102576	0.2562851174840072
0.23896045548092743	0.22016969123787083	0.3588935086724444	0.33803719429467155
0.3505216031166518	0.29172013673776315	0.31556941573791447	0.270407104222346
0.2777470498853889	0.3435460113736928	0.28894740661734764	0.3103034451181339
0.35050843594451536	0.2711710910397065	0.2873570318319483	0.30847547083785276
0.3807653034231532	0.2912683832249813	0.27596669786341516	0.3118995620590401
0.3966010570656038	0.2675194663247633	0.257612887985483	0.2707416747909397
0.4003736324957203	0.1759536877655084	0.21254592813393672	0.23650089443524985
0.26935178401401466	0.35184994720898294	0.4110030370145703	0.37020167944654275
0.2266762982685901	0.2858488091366111	0.2535402216383895	0.2849907814800761
0.26876353613697435	0.23036764241468624	0.2655308232045539	0.2574183898757073
0.26869475561299866	0.2860245319101188	0.2749609653674791	0.2800957451698132
0.21064614213979563	0.2552878500296523	0.29933741748542864	0.25194857832933515
0.3401688261413903	0.3287333725551474	0.3808165414752586	0.31159499572593496
0.2788631429576845	0.266324011525418	0.2801034845821554	0.32412067454249704
0.3665477256840364	0.22190026327544674	0.25204718913965807	0.25282444089851963
0.24303153575145614	0.29239757410021533	0.242603595621429	0.27943354167839785
0.29968941442784974	0.25641554355955637	0.2427981692503845	0.27603197986797423
0.2866561512061707	0.23862056394764652	0.2601161235293216	0.22563990896819347
0.34085360122401365	0.3046584653781228	0.3090266672249018	0.3487396467982365
0.26097273150531547	0.2857173877372627	0.3396219516373525	0.2835521728548014
0.5376492385138241	0.22526133604222684	0.24824143822884462	0.24197705498456815
0.2815765018051587	0.31113846098786074	0.2901038926609678	0.33829570762215466
0.26427237250375346	0.3091694258006063	0.4010690888575155	0.25833387131588276
0.37439997468397	0.21627262583862725	0.2367853667586537	0.2550798728683303
0.3026672835881822	0.2996067521503888	0.3154921784378399	0.34943019617101995
0.3038550520436758	0.1929928965032464	0.2203974419025719	0.24676172323399942
0.4036879229523206	0.2578175840198217	0.24524886372718685	0.2477689556885262
0.3678390454623146	0.33700982929278656	0.3978289501986415	0.36059587085221806
0.28260575901337415	0.23865402081540252	0.26744683792132784	0.23090316567936703
0.277013569784436	0.3311854795647783	0.2756886770425863	0.26951439300869867
0.3225833849717416	0.25685541864249967	0.2546402315123955	0.26387307240597097
0.33918489029183596	0.2478695231475982	0.3008740327376485	0.29974690710523316
0.24099788551998247	0.28613959923046967	0.3653392666951862	0.26423548389479173
0.3810114426299042	0.2569561209677412	0.3487682565445842	0.3439483130717432
0.3273291269815121	0.25810409688427427	0.29979581968093894	0.36760827933264417
0.3398099589277446	0.23775747777890974	0.2531243505173789	0.2351207710938562
0.2812963997278979	0.29728588051101357	0.3359195640650027	0.2825276983319646
0.369594177542374	0.29998053878296455	0.31784924494691774	0.36389256065446196
0.36957167323374535	0.22002917803921626	0.26147699625611937	0.2558609534509031
0.30961589995006	0.2970282431661035	0.4644834702458179	0.3110003317053039
0.26029377436693124	0.33234218956420547	0.31462124378621803	0.3386527948966795
0.3216164194543564	0.3383962120082373	0.3035287319720408	0.38582708185148457
0.35512003214347365	0.23625744986059813	0.257067321850715	0.2641625949241851
0.31629441457931834	0.3143990677871118	0.341738126809312	0.35730929813779566
0.42961135711885695	0.43542901864483635	0.41428380002890436	0.4699356306468298
0.3052492142157137	0.3488549131663223	0.37944861824600346	0.30091761709592924
0.36088147372545415	0.22001485354488573	0.2435237641623067	0.2652362848637743
0.29552516165532894	0.28344016408723777	0.27835938911980956	0.22913827433978728
0.2633081302812047	0.35054744232536345	0.37270743039544074	0.3138745483185964
0.32908294166958285	0.3265743062972598	0.2926703343376878	0.29433886259477104
0.25451991843280186	0.3061519297058349	0.2555889686109458	0.3035392093672723
0.3270735867040755	0.28782561101287046	0.2660698515039663	0.2388587005961071
0.26190961747739105	0.2975338403692623	0.3076694899820002	0.27043108008703304
0.3605285140891357	0.24224296200804088	0.2567273291087466	0.24624967723714375
0.25267143195392694	0.22928104325835832	0.2234106893385073	0.2564831770814556
0.30533026379371725	0.21365346151817285	0.24224980323429968	0.2475561252498155
0.28381343157489347	0.28214555969236793	0.34028283049362285	0.29409857570624504
0.3157403559191152	0.27496704749699274	0.314784186919404	0.3451317896335403
0.3635687803140385	0.1939484349099268	0.2079674713417574	0.23421184791915717
0.39921904635307126	0.3107597426546626	0.3202713239737865	0.3088306609781413
0.1991530971581553	0.24944816282766852	0.3184782442589767	0.34661431931198666
0.30459547846459195	0.23072889674197916	0.22990598928367745	0.22767522221765932
0.23143244506188138	0.24353151812183868	0.26538407780243406	0.27436016054993106
0.3437602561255215	0.3270187313588326	0.30331971400342	0.3182688065251671
0.5942170350466479	0.4949375086526393	0.421032670690873	0.4286760805399654
0.2551227569790963	0.30248890470164863	0.26619560725406466	0.33702229478866214
0.31083344969184085	0.24024687847672996	0.2648749275083914	0.27307970019669703
0.21420640490184079	0.27435451661465815	0.2655661800327134	0.2828395698407101
0.25128267354978234	0.28902235389671477	0.2796065085564845	0.3272778644415846
0.22986657601986343	0.28582553691505536	0.2727326211453451	0.29970474762062754
0.3920847466862689	0.4003260624439188	0.35048236316482734	0.3424543441445397
0.34791764004873793	0.2627935417531763	0.2744339414110782	0.29116679946230084
0.2605208627695611	0.29805632425492895	0.3005305784202531	0.30588676297064643
0.3169385894313697	0.30354484689245576	0.3528416329486272	0.3005775804042457
0.3178794277181377	0.2845884118103235	0.31561459798685604	0.3059640404463266
0.33335909112355266	0.2762423955131229	0.25977410733415535	0.2961936631604879
0.2686857974285481	0.3127319647197341	0.3574347865999548	0.25794747102882976
0.24449798836697606	0.26738139454464316	0.25262004467511984	0.2727119345982431
0.4559669198098734	0.3632803536954617	0.3602320930128929	0.36961324076593643
0.45051579662449054	0.33263983070492315	0.3700729900740927	0.3770956801788012
0.3159187968133221	0.27362166123264026	0.3078204864347967	0.3066596334392073
0.20192315205225247	0.27370335668314094	0.258721585053454	0.3338064452571368
0.28508331339458254	0.2857875233773176	0.2722521846043056	0.3277872943201387
0.2409573522845583	0.29788023334482006	0.3309608866875112	0.25733058814917986
0.308118381384593	0.2878461659171284	0.31279801955909253	0.3130881844270717
0.2693539767376483	0.2107682782820925	0.22124070289490688	0.28562892279368085
0.22422538035125666	0.23159403110268073	0.2623589543509126	0.29866593651049295
0.3799047368107617	0.19186560385027077	0.22579718933669293	0.24444625603982575
0.3924753471628552	0.20351036480313417	0.20942083804441228	0.22897058321031902
0.2996872197887901	0.2635671998148244	0.3061054807217675	0.36774743028826895
0.3541440494656221	0.273203392569794	0.2948461404894842	0.27143105790459343
0.2966691826969905	0.2785795492593835	0.33833132172384256	0.39666678964446905
0.33184050559375966	0.3835522600548716	0.40527918848980915	0.30844892592769424
0.2945632996484729	0.3038403179103067	0.35878366576420573	0.294560076627279
0.3627302839549181	0.20776896440895556	0.28023963508026783	0.2564454135632645
0.2228825644400165	0.2710654803285233	0.29208840471876735	0.23338412857765545
0.25835139982743166	0.24789232663094665	0.250804037641772	0.27651141560293585
0.35013865009705875	0.2254771935454229	0.29152780519685256	0.2568851312833008
0.3172852512466911	0.24313253658416745	0.3101813433320187	0.2504145151000933
0.3044298796264085	0.2706067280915222	0.2947604582663291	0.2974758371177141
0.2952563696993523	0.20869752527270738	0.24911227257254864	0.24789835041991165
0.30025603503792586	0.30842676749625186	0.34075994658866215	0.2846016277272344
0.2704890720358282	0.21775287178403493	0.24681959126989206	0.22324765812303057
0.293383551248459	0.21377046115872975	0.2274314411489117	0.2204419743645714
0.31016794133630776	0.28374761877575455	0.28330683835945686	0.32191223870374835
0.3622133922174874	0.3184258635576729	0.32704274079714873	0.4592928367795281
0.2758900547258791	0.3075328170864108	0.34410403491430863	0.32177832772335113
0.271192862175751	0.3179767715676654	0.29413247541245474	0.3505711082961157
0.2883326340521339	0.23319025083495798	0.3063121470917144	0.2562104733578741
0.2549477616075945	0.24094780049329478	0.27580617212054714	0.2820867555044186
0.240000430529955	0.2883074102041028	0.2694257567234302	0.2472661048348156
0.2917317940660485	0.3279648668554802	0.30084661392382694	0.35501055516847
0.4066787020147199	0.2779513377672652	0.3057422843016145	0.36720476114821765
0.27361507785313754	0.294569098674259	0.25932569352166807	0.2734715735608466
0.3303329951486522	0.312061166294415	0.33497325820543705	0.3426840686946216
0.25508999402135135	0.24533046127470318	0.23881490297463986	0.2813209667032566
0.32707833419341115	0.20816940809389547	0.29044026339779433	0.2540769082601264
0.21767645879881856	0.32963039110651315	0.31180567165620615	0.3181706596694447
0.19618632158509075	0.2792090345389847	0.2731594291985018	0.27301317999871766
0.3130601677121163	0.29003405181011777	0.32772874334880386	0.36163123165695477
0.3277258692573127	0.31417994535804805	0.27539744526539506	0.35080704428541526
0.16510404781175322	0.32674389564273226	0.23656805070866016	0.25749193636130513
0.3024462959324936	0.27337181622982887	0.2649819964086983	0.2687577187200585
0.3239482014658781	0.2483069054164446	0.23229988893103215	0.3039892734363424
0.32224151983041976	0.31349952590722346	0.3120810709452201	0.2967784934971475
0.27540252706988194	0.2583805805914875	0.2567249479809887	0.3010968071023454
0.2923842637898234	0.29516712133702355	0.32841163290352116	0.33522057819246126
0.2106430800929615	0.2425124661589261	0.30919881471697674	0.30557176259961705
0.21146709718272422	0.27474789904756003	0.25900534369992534	0.27408055375539664
0.30722549865997106	0.2724339035927866	0.3488866760844153	0.3199700375341074
0.36334486520442627	0.26996614898820215	0.2918086228400602	0.3109741983521884
0.37292449239553166	0.25548060437004966	0.2892036491959577	0.32405526422806347
0.3755665356322081	0.3438008812573013	0.42104404521446614	0.41241120140820875
0.4305604259097986	0.3264452193493685	0.36938727758663276	0.4656535940378001
0.23676727456348237	0.3017354995825808	0.28875126634066317	0.32522920713915593
0.307951079585208	0.2425961360593617	0.2904058163058636	0.2905272384703831
0.20637557188196395	0.26304255773868007	0.26056159220725034	0.31833458700805267
0.3463594397240066	0.35791796181776653	0.31162692388243035	0.28090679200354035
0.31240195588997577	0.3131207666816746	0.3462803573081672	0.28481834715988613
0.4078317301836955	0.2861677015966491	0.27218664594433045	0.3133499372978111
0.34272699159902004	0.21875396058924995	0.24388090673908716	0.25985921554021063
0.28915587855028557	0.2784384130164294	0.3337214415527912	0.37694891924643376
0.2984927595039081	0.23199660649240644	0.24406279954623128	0.22813520325914566
0.31561203326265996	0.35646939875010597	0.39232021940439904	0.32941743172252325
0.38343053364636265	0.15846357212292708	0.20952118642980963	0.20994484344980863
0.3461929793401787	0.36096812655389643	0.43058022512682387	0.41768865379875386
0.3931111953913273	0.2434138714972051	0.25313535830397893	0.2744687212169966
0.3362485536638902	0.25800985570062906	0.3012363355782012	0.3452490301931671
0.28743362506129416	0.28695170279520454	0.3557531320883655	0.30323130917169694
0.35098432024254334	0.31627100898080696	0.3412191071920714	0.3584072381028912
0.38688574232131073	0.28788704215725863	0.3155546162856841	0.2688783131842495
0.20802320247970388	0.2551723022195405	0.3399019461204858	0.27173238731586713
0.281726079930773	0.20928698055604988	0.20579772901266025	0.2037792514059167
0.36757902752649807	0.19067383035515803	0.185029010348576	0.20396816295270848
0.3208363821460874	0.285366384519167	0.36341848986432135	0.3320455075290329
0.2996685774312961	0.21602070497588285	0.2258543318354624	0.21551926211151598
0.3698763418898226	0.21293203763826649	0.2618072192679585	0.28526208793610197
0.3854912140186685	0.2876150053562083	0.3197552658802621	0.40006166363783224
0.25781018130767813	0.28197519135273724	0.31010203664306046	0.31055664417127454
0.282754821037369	0.25963765589684823	0.29350687675391096	0.2938908240635738
0.3794234556147	0.23690478595642686	0.26032525267732126	0.3150190571082632
0.33660049787129925	0.3926903285700541	0.4275183076222635	0.3280416618936122
0.2624314160354689	0.26502470354150837	0.3141836659391749	0.26714281871854534
0.2799766073850226	0.25173197414402637	0.2787016581200564	0.29731303367524226
0.39198462650368393	0.3109736248145361	0.4089043242230238	0.374915859280506
0.37294407777488947	0.3192889813261709	0.379377471464829	0.38540195554587026
0.25631563249336214	0.3543274550993177	0.30282696625610234	0.2725956430870965
0.2597011955063064	0.20846028788933094	0.25969691622351065	0.25303120376351046
0.23315898831325527	0.25973154745124366	0.31504318069037734	0.24298691286980958
0.20673066584109018	0.21170605437589843	0.20756815950822488	0.20583129770112737
0.28221616295713087	0.22622356780980787	0.2433351979724082	0.22820697881058907
0.2796365706118283	0.3284973910947273	0.2889088273324554	0.28762315811927297
0.25919067983759303	0.30350935794118195	0.28573231212298994	0.3267244883114773
0.24840375893637404	0.2869287299940312	0.2700311758731312	0.32400565024000944
0.2885415229232513	0.3067410296519985	0.39400658544247547	0.3409460119838241
0.2840588590814336	0.32501479224285296	0.33637116483816687	0.3130714310653855
0.3267840208473712	0.3475260131861103	0.3471902014363897	0.4081347158958183
0.27068151614033775	0.30011054862108427	0.34283244319150785	0.2753718222199811
0.43863945487501227	0.3145139151276641	0.3438342473939337	0.36681426017985247
0.26823609117752184	0.24989117300867117	0.2608378166190994	0.2745373263599434
0.3525494682677195	0.33027908181977833	0.3977065294717219	0.4029904029491133
0.265607908213663	0.2757456147331761	0.299643022988644	0.27174368993540926
0.27958381339295424	0.245170335102838	0.2699181637368857	0.30603358934902714
0.3767322085764174	0.22618802582027406	0.23510988624878573	0.24525424661255293
0.37257912754819156	0.23374094526886247	0.24893357755554535	0.28778055513403505
0.3528344069637904	0.2887585877438513	0.31600283147102093	0.3378468771209
0.23378024028312558	0.29543027292494634	0.2899761521233186	0.286006391230974
0.2985611687700997	0.2883827293942873	0.2986865899992277	0.34991659936289177
0.4342348238128654	0.3324303054384091	0.3227095476704278	0.35298733018556566
0.2990922714750885	0.22894127034690032	0.2776720847827601	0.30598317752860227
0.23622049399519865	0.27107148806226516	0.30086524322468544	0.3071879683378508
0.274114458464	0.2932131657271646	0.2803645562366873	0.2992582867564368
0.20791006689789904	0.28887291309769736	0.3915367346657967	0.32663497745145825
0.2553115835311569	0.24884326568344	0.36172159213720495	0.2798299045044788
0.254889881064404	0.20488772423367255	0.23435221232994197	0.21810864105804872
0.2706284476012939	0.3328975878693097	0.3634970677429338	0.36047339234328324
0.29394622654190505	0.33423292209837563	0.33572662122450997	0.4461304434033049
0.29656635444277474	0.24185630922789653	0.24949519349618463	0.2531395195023951
0.40620529758454854	0.21054488311458142	0.20195950385380018	0.24140683539792646
0.26660533111993256	0.2498600221144192	0.27292693642097265	0.2611333643806563
0.4069283331177999	0.24720588599532295	0.272203091226442	0.25775940833826955
0.29959226318467813	0.2513616867832561	0.2576388632674874	0.2800317943112266
0.2685609199107579	0.32144710021859696	0.35214453120157413	0.2549936155961635
0.30203119810436263	0.2520153987044376	0.29130868386585396	0.31869271775771224
0.38044093256795164	0.32029301276682115	0.29267630599365013	0.32456960232710275
0.31605021488656027	0.23673049638755875	0.29812808019924514	0.2420914538250031
0.37462367518529943	0.36736934821448197	0.43496271633975864	0.40490021211291505
0.2900848088714646	0.23730980571698773	0.2605675754140468	0.28738758142688786
0.254047931763199	0.31484522284172894	0.2920856806934443	0.28536379628384095
0.35645555080507135	0.37005060466023215	0.39031390219988116	0.41782024286714065
0.217987198277038	0.2665944964166493	0.2988400723462524	0.277694860684998
0.2599011353735621	0.296373375571085	0.30509380406985365	0.33591455161245903
0.28205841973920387	0.2400684759923901	0.22457530690482305	0.24631784716340674
0.394335273224962	0.22641647315154018	0.24701266703949962	0.22346137991631118
0.3431524680867175	0.2738689131172207	0.22612213540613632	0.23714926093360364
0.20606898966193604	0.2621487305674463	0.2917628281436631	0.2713940873382412
0.3730745817758969	0.22432732948521622	0.27167502695051077	0.26672967876551534
0.3891682628560431	0.36613708694982344	0.4923072744462841	0.3965191569889291
0.2518517492150476	0.3150606357404301	0.2919814332847398	0.34200610913683993
0.34970894703294464	0.2600099672694648	0.2599428386796057	0.2606653440706957
0.22254349776261056	0.28650871374373504	0.26494912902411094	0.2863880298713056
0.5203938572633933	0.34204352744058614	0.3513914353483895	0.3571871369209789
0.43933219280049485	0.3851304499947411	0.4138569859972793	0.3544502379865715
0.22656401325055517	0.2569357880547131	0.2326948078478968	0.2503932656579868
0.3165208158095255	0.3050409486411826	0.40319342370898326	0.3353328815187131
0.2922501860709164	0.34175052712559534	0.33186108378647067	0.3051943512371532
0.2720569176908453	0.3394429998617475	0.3093542817665381	0.3376924404650843
0.3117794272859492	0.28168679805385466	0.32539766672081183	0.30588941973331735
0.24497350670814677	0.2752157347863303	0.34376344539660264	0.3292088772111493
0.27537419670204794	0.3445221994445298	0.328641274860586	0.2675548654807839
0.326233077596073	0.23516183367973154	0.23394218451095106	0.23961074764254955
0.23792052795647242	0.2562536499476412	0.26160569588295113	0.28552644096112406
0.3602918242962564	0.3607108358003464	0.37522539430998253	0.34412694347311035
0.2839029688091096	0.25364189862639225	0.2559392292726052	0.24753338707011843
0.2682205258222171	0.26610112760631655	0.31955678220496087	0.30975342589152377
0.3962548879725951	0.3403326441234657	0.3297714060189066	0.347898598231743
0.384320970001151	0.39002563533063295	0.44839797105398843	0.36885937511980676
0.30401250494482546	0.21748957332950408	0.27656034376989097	0.29868976464783825
0.2488158759453583	0.2075669224376338	0.24914304246473545	0.22086029365721058
0.3491956126233258	0.30358863156300553	0.32670657518371454	0.3494508130530441
0.2462543899563636	0.30901602832718655	0.2840929802676235	0.2771333267355577
0.4153759970424515	0.2993226981229779	0.2942936555291893	0.3106191827101219
0.22173102683189075	0.21022090034916063	0.25502097104147525	0.2706365254989468
0.35999617733812506	0.3318173257544885	0.30334807369646183	0.3327526232488626
0.3432465364895803	0.25479777637341955	0.2535773685542267	0.3493337277376993
0.3888089214555194	0.24404649495948927	0.2889858430401489	0.2888976204379615
0.3753324572872319	0.28894448703258147	0.3405838209645391	0.3173455202821553
0.2659620460497164	0.3131901966261257	0.3502811520949129	0.3168279499177992
0.1976392666549927	0.26016694064164053	0.27741223236714146	0.23676726263961803
0.33366839382983154	0.23815803103592742	0.2648089412673106	0.270412801353578
0.3242158610166821	0.31799296181821646	0.3296682761029224	0.3835140738267803
0.2187498000695471	0.23293720790262828	0.2620630725222006	0.2861554722381503
0.2690448249208667	0.25474186295361284	0.34588022783810884	0.28366943949483275
0.21288030293064814	0.2737638037834659	0.24629691152370783	0.2631570744699494
0.35763703136310193	0.22656514372193906	0.24824469529223653	0.24645409626206957
0.3194716575585544	0.2494563779584749	0.2658121483740173	0.2877544294920508
0.3049394537053934	0.2951265447050815	0.27405699648760784	0.29947487235521975
0.1835259112043684	0.2704386507998458	0.24243878944751113	0.25263944910141983
0.3354339967471968	0.22099707300084398	0.22263276927944298	0.2261254534813854
0.2485227948504149	0.24306294031227008	0.24998794157853751	0.29215475802019586
0.20977175958508934	0.27129639262957184	0.30547976459676185	0.2565711075182121
0.2709506354614754	0.32764074839455	0.338173830654317	0.3499021070478688
0.3173112004794834	0.310349569416563	0.3830271226704996	0.34422194834759756
0.257022955303176	0.23105609632162008	0.242700402490108	0.21943908265751064
0.4740856620121702	0.32773200662551444	0.3311168533663593	0.4116265013559772
0.22445684128050522	0.2176479131726432	0.2417495915187643	0.21834089177081553
0.31498827586372247	0.28587533353377204	0.2952159505318319	0.30357496612790236
0.35273917809638167	0.29966894396770133	0.3061751136708085	0.30536072044825563
0.3430662177561167	0.3093112791628151	0.401949988878838	0.3486886086888585
0.2726371064859156	0.22678518234023196	0.2437180282539442	0.2507415666693223
0.27536266525993275	0.25545207160325933	0.26618959387121055	0.34493656073765877
0.3687382326139394	0.28034155606640826	0.3166788584477379	0.31614026883492535
0.3139671829061848	0.2101771719132246	0.22599160012568775	0.2860920398904697
0.35361057785157013	0.2487529564571846	0.2705283566017452	0.2553694298403294
0.3450414974291117	0.24494614617571667	0.2629897276018031	0.28690003187043545
0.2939534379797639	0.24366686149763303	0.21296576735887643	0.2542712134035677
0.2688053205249476	0.30533889442951573	0.37871124416363994	0.297557187695264
0.3498455969571653	0.20451623168477998	0.25841346586656727	0.28313168315812587
0.3641476918067784	0.2784590501211258	0.30982198076600526	0.35260446167527765
0.5374139159940586	0.34067228550236034	0.4148388347103187	0.4314455030110572
0.2314062756788114	0.2831019328813027	0.27377478991390475	0.2889785734026738
0.26596831049359554	0.28303032988514476	0.29446296536906885	0.3057388040681916
0.2687217653431353	0.28758142846563184	0.29913898610860773	0.2558958679474047
0.24607660484984653	0.324065481542727	0.35979542953134014	0.28788464235601285
0.2981536914987866	0.24756749609285764	0.30284201208267947	0.25200542646359836
0.2806018136581896	0.3386060600821631	0.32753475639967927	0.36571771040456375
0.2634134241263805	0.27308426723702756	0.2894560031475085	0.2874456143920062
0.3397947997755725	0.2768588016837304	0.3244749258490578	0.2945257886585984
0.35158410251880945	0.33515715250647704	0.30249682008213435	0.30468770821219976
0.3658788325816717	0.2660683147126016	0.27593427113413693	0.2649980924876129
0.3329689232590819	0.26848618418052966	0.33157493361644563	0.33443197112126155
0.21516709379407475	0.28594687155905346	0.25246791936081736	0.2912657348180492
0.2596608308030754	0.2305106875462162	0.24537127311162454	0.2744400904499156
0.39490339319877393	0.213812194889791	0.2271180959322959	0.24144979718785364
0.2487994588344603	0.2870336300004884	0.278292673448034	0.32026645708719015
0.36210565791323646	0.22271438078457956	0.261007701277008	0.27279101189774235
0.2757774028989605	0.28734194103917127	0.2996367347113005	0.34839888766320987
0.30126522107825165	0.34777336260532427	0.38549844227583346	0.3080682981369654
0.35560153142698436	0.27385885189393994	0.2734736482344423	0.24373166741947558
0.32167230478474423	0.24427109954860174	0.25682446634397643	0.26899061988940076
0.31687298495050814	0.3066848692543555	0.30552261740379844	0.31138249341308954
0.2200189041013079	0.26109725463808237	0.23691453637581253	0.2753988771349116
0.24085111831366016	0.30331976447518716	0.323508909720406	0.2795691738986333
0.30665179268025705	0.39849891375945384	0.36357242339846696	0.33778728707873507
0.2584694602271794	0.28225266521708386	0.31657796110562125	0.2861933647279306
0.39012908945477315	0.22710880745091738	0.3076938871080465	0.27524344873331513
0.2388307117113476	0.2627545466877928	0.28923401669887294	0.3215316684182148
0.37052625415302953	0.2205979517160395	0.24241697476072804	0.29598365804693905
0.22982025672043382	0.2424407099658992	0.2452733625328404	0.2918719205732992
0.24668632807684274	0.3196895906213344	0.3045449866382427	0.307972120676892
0.27685473128697735	0.20356456076060758	0.23684735780827804	0.21316589435010594
0.2928095671372512	0.3278509879292157	0.3214039983854253	0.37146130251459786
0.29568682821242015	0.2983184056340243	0.2849103642671408	0.2761776427968217
0.33951644960802907	0.2406922289719262	0.23745093683634566	0.27865519483745954
0.2814767512352261	0.24521314414018208	0.2889345975329007	0.35945994918879115
0.33111884926903584	0.23216546448042072	0.2678661093145087	0.3219927761205565
0.37481163187533206	0.20070498688247773	0.22838896167006364	0.3140726543544872
0.25837767879131335	0.2459399628857879	0.24753124737716492	0.24841483452161756
0.34510600338262987	0.27974358186769205	0.29303181846612114	0.3068407862637247
0.23286907465458875	0.21554671018586882	0.20670378283139754	0.25313080297632407
0.36592892303758234	0.2564529700560234	0.2672059534148438	0.28216907213161696
0.26873206555468476	0.25522792616216483	0.25139057698718076	0.251874307635618
0.342773832836843	0.31461934641674033	0.42160179759119176	0.4653461881371663
0.2612994985512842	0.17874533928536152	0.22175848107360172	0.19991786515668114
0.2218941355412081	0.2521185785152895	0.2620344324663368	0.23751404198640325
0.3972894932097581	0.1993778049591416	0.21035439006138412	0.2593138402707232
0.2573048927109855	0.25459386466677064	0.29477661593968096	0.27829123615615253
0.3119760362989086	0.3554687520728856	0.3315735003150767	0.3281544886263936
0.3184898738910237	0.26667798263550685	0.29327905245772923	0.32998952250619273
0.19654517856162038	0.23894315969846322	0.24860938092536358	0.24458130905252218
0.3552975069767909	0.2656428624763723	0.25549934956764525	0.28421481002514637
0.3258336829720365	0.31446199759904153	0.3630666140941478	0.32109411167374324
0.2944254691953667	0.23631503947897822	0.2700159612353979	0.250173584577658
0.4111484493024539	0.2694334792846736	0.22237555701221254	0.2662529442149564
0.3055224465632015	0.27343637209795	0.3081884734894081	0.2842854813816534
0.3602491175959457	0.2661974158680802	0.2929416239555024	0.267295431976465
0.4086016440296056	0.3461831068887892	0.39282645110934716	0.3951357189723724
0.28456435802912344	0.2511286859056111	0.2582648644970211	0.29361067000859203
0.3904406303870363	0.24932644877703442	0.26616736338127744	0.3169771081142036
0.3894089315963666	0.16688833808485729	0.21064159988618725	0.20266456449026132
0.2291141278768008	0.27253453539829364	0.3153141569415321	0.3274424193636566
0.26619594380591716	0.3277373825879022	0.3241755283887302	0.33386120272089154
0.33846583977577693	0.3429304663235896	0.32824533044737103	0.372308085777771
0.19842749010335325	0.24614131296560132	0.270337645627651	0.2536122695805978
0.38610572813476074	0.22253894192339865	0.2546413617201091	0.22433348847364917
0.2429627919313032	0.25492963176103006	0.2705210584117476	0.3155665341126324
0.29679760633766256	0.24046058601650647	0.28904271094277595	0.2748716350547819
0.4255902481589522	0.3448669490592908	0.3321295933364747	0.3384297400669971
0.28956964294313087	0.2918796368440804	0.3167631924738337	0.3156922076682078
0.41556367673137895	0.37774156148342525	0.35399253386842827	0.3578664777291139
0.31043739691001526	0.2635831375163362	0.26793996709044754	0.32153822761096507
0.362177877032236	0.22996426432955316	0.28225480455043966	0.25859968991730625
0.32479281978667157	0.2592312310896899	0.250483023622947	0.25970652351570883
0.31151480860137093	0.29328940147840515	0.2610292344330038	0.2847368233121881
0.3168651082886898	0.2588761772598872	0.29001493166804276	0.3121536586319695
0.40611515981397267	0.33809729197436955	0.43299795653044076	0.33966161655822624
0.31047664601920527	0.29000766985252785	0.30604544413230017	0.3317141999393454
0.2408834377030047	0.29951517307245473	0.2610440478289116	0.262600744975266
0.34164601810426165	0.3536059788523221	0.33995126989547	0.3378205669379835
0.29698446914451393	0.2780498351590282	0.30332192607135317	0.3014498819314749
0.33194621664449575	0.2774285686885574	0.31752549246212	0.33539913280443845
0.33747895841038195	0.22891367215413286	0.26015720326322966	0.25233362302797036
0.43494519510249513	0.3089315077525403	0.3020020762822861	0.3636181502362373
0.3358911332949689	0.27209582881885136	0.28026887117068683	0.25900566053634394
0.22722038421794694	0.25622381403333055	0.32639502276642535	0.34370083613316366
0.3814551894696542	0.21697641740239695	0.20825163493448692	0.2920417154684014
0.38611692788814106	0.1781755014214411	0.20991539355529354	0.23893605404908647
0.3191256193857387	0.40287441360007387	0.3571109389166687	0.3587795259705154
0.231680456477822	0.23143716624749172	0.2638469008516967	0.25439786314106294
0.3239043087485623	0.3126375656100664	0.33429853671736126	0.3848455123131981
0.4034601275666538	0.4434415132620718	0.49384116468241934	0.4420322419235737
0.28149409628815325	0.36216759335682186	0.3493924367131251	0.3669681711920006
0.2688836009268431	0.2626798027876684	0.26681981511511793	0.28094172352381963
0.3034603452811568	0.24460935258196412	0.2909603368590604	0.30995988296227245
0.26531905133091377	0.22025634585661658	0.23367256571767023	0.27355624582553706
0.32137841419794766	0.24140349173999176	0.27782877933642847	0.2811982715472417
0.24394463892223262	0.2855735810339569	0.27804282941757713	0.32785751133681834
0.27252613633835143	0.264785283820767	0.2873733428837171	0.261890688147138
0.2770873018898635	0.28947909322191007	0.32773610010304943	0.29359892305650587
0.2655574789884364	0.24145379808825648	0.2539493903487543	0.2880474675917309
0.314640074341845	0.24197995434678968	0.2857317916040544	0.26786130529827223
0.37203814508779376	0.37511766610179614	0.4085470893566316	0.42735101921630697
0.3302866402064661	0.24596488787936718	0.23695046906497857	0.2505762933100672
0.2731175782972421	0.3367239964463204	0.302199037357717	0.3057308715959866
0.34958688465620735	0.3562382702327251	0.5045724502129804	0.35598421672500463
0.19362727528666746	0.3072042524144546	0.24855839679147684	0.22053691038871617
0.3138722312739737	0.27001052944588794	0.2581860805716218	0.25124612964310494
0.3265564237501537	0.2523524272685377	0.2659662052286375	0.3309913872131756
0.2414115545599357	0.2674526571211149	0.2949523695994705	0.242913582562647
0.19656254376613627	0.2822425184545628	0.3411438430272405	0.2665372389217112
0.302815633805644	0.31617959982594135	0.2822897236659389	0.31454130792679685
0.3193002239592744	0.20610644544985726	0.23272229102616024	0.23686015055039655
0.30836742385751026	0.2520480652429777	0.29399479675102075	0.2752364459130382
0.5236553051017773	0.25095973939293154	0.22052317036322258	0.28378469135018614
0.21634097894699905	0.2962566344289505	0.31010289163563737	0.37492964020358405
0.2573209095264068	0.31082294514865955	0.3084665736501537	0.3216943884302774
0.36824149572596643	0.3282839500163936	0.360269834694123	0.368129111411527
0.20654377960947504	0.3123836310440409	0.3040857907375849	0.266822598604293
0.2060229942873925	0.26668194763142855	0.2760834336530152	0.2812870896925568
0.3700256740502605	0.19127697210683997	0.2066759052230357	0.22604281494288514
0.36521673189000065	0.24024003455268989	0.2490742254555485	0.25909937056798543
0.36296177739761554	0.3173923459718222	0.383422122520481	0.38607298505206533
0.26954336411673324	0.25613734886049566	0.30043987385552945	0.2591030754580005
0.26089992525483735	0.2770452823554507	0.325207635225637	0.30093786389962107
0.2565575803421653	0.3034497935809068	0.3346195923979888	0.3612243704877219
0.3758773142465233	0.2344791663961228	0.24103878141957483	0.2834288316450137
0.281498050317228	0.30395038895701976	0.32306185810675897	0.3194124849456449
0.31477680909657685	0.25043451768396985	0.30193721605847323	0.318916102698624
0.2860985777804474	0.19656691640316337	0.2097402371435042	0.1872829646708316
0.2464061487752328	0.309065388591843	0.3267814591137048	0.27383494482921994
0.38763473182870184	0.31773383907303854	0.29704840122702497	0.326568871737325
0.3290561458076295	0.3508505128177967	0.30194112925573446	0.35347564479711074
0.3721695830654688	0.2262331811208695	0.22812202298621476	0.24673198402116495
0.3322594295249827	0.2669335341893188	0.3249705280820902	0.2806694046189701
0.2588982769530528	0.277683984770124	0.3241010683834475	0.30827614224888505
0.29331451368682204	0.2940136456514646	0.37283215560094396	0.3196591831147217
0.21696351432378574	0.28573051568020064	0.24625361098580162	0.25611579211623275
0.35625308000895195	0.25517584866294196	0.3976295334077538	0.2995591303218166
0.32415205714980316	0.3612954170914095	0.3833763502667283	0.43756937554383185
0.28934767727184113	0.24698839770979716	0.24822689744374188	0.2686899922674575
0.46792575316219903	0.31976200909325875	0.39023133824548983	0.44938191656786786
0.37392358545007887	0.2230562833722468	0.26655500974680046	0.2604709084345998
0.3407733021571696	0.36136267811638	0.32704622867194066	0.3390092978627517
0.3958708459766044	0.2401438654893285	0.25231539805569064	0.2682869639828845
0.36714675629502735	0.24721690128388993	0.29996102431487454	0.26021900524799646
0.3630933593211649	0.23907102001024183	0.26440174827182467	0.3200929362052158
0.26211764410262545	0.3256294980869235	0.2953653964702785	0.32482565784640527
0.29743368600797726	0.26962190610163483	0.28082835739530226	0.3136094895590678
0.44618139927058625	0.372472447818386	0.33874685699563234	0.3731304600045186
0.4207758931480152	0.2821869451652992	0.31711284309447	0.29170804166703673
0.32605525590864765	0.23330322072461973	0.25969241944742966	0.2562397990275813
0.37429101479061494	0.23920893207579763	0.28390474080455474	0.2695005951295765
0.2928725850733234	0.3136033741490825	0.27990243111776036	0.30780375504085244
0.3217338549114051	0.37217690927643415	0.34241912829270554	0.3039494728663307
0.23154806685434715	0.3087470957525446	0.27218520462245804	0.28173315053498127
0.3644330309154186	0.3268525942014744	0.3228970125048477	0.3119027239445122
0.3055105444368778	0.3458825707722632	0.31480346778554685	0.3103036581635023
0.21709626597851078	0.30135422803648715	0.28752325665914225	0.2960676974564839
0.2666543103069746	0.3005214736486908	0.28158720562621226	0.32140017128582044
0.5136438462809497	0.3108332219794084	0.27088896313745786	0.30951498060384797
0.2260359749968499	0.30502108351632257	0.2980811257200512	0.28220548256251177
0.26131571318812646	0.2794776150051321	0.25112793910191145	0.24830023403768728
0.22720623853383837	0.23958148867319548	0.24362433911965437	0.25633224930409426
0.2173994278411519	0.23308644438592632	0.2477495906368723	0.24122454646703373
0.33567099898909886	0.21571293840960304	0.23684036650593082	0.2692341338254675
0.283569200462382	0.22210960283937667	0.2474747271914737	0.26566053278301194
0.3552066426231516	0.2598687773619597	0.28546566035670995	0.2693816336156355
0.2926864706492546	0.22713200652479532	0.26984233540513397	0.2682110547813799
0.372889662489885	0.265506163013553	0.26384277888203306	0.2767064334408343
0.23577454330873784	0.3049014168093529	0.297511797894266	0.25105322440583633
0.20398037855283505	0.25262094292811615	0.3427758871670021	0.34219427311735356
0.3427392902408676	0.23642191557838493	0.24576242957486857	0.2371924933931294
0.2559761856262501	0.29401665599997784	0.2695007033373987	0.27045285620058657
0.2880438061266752	0.2331397770305047	0.2572225633258521	0.2784640570290864
0.27946253007907557	0.31419364486884216	0.33372052149112524	0.32698945572251226
0.3832425288569803	0.2923467040936301	0.33589736546021526	0.35336033815321005
0.3118337617428264	0.26939084902310356	0.2696874619664604	0.28254917722696077
0.2941909998909293	0.27239951363438275	0.285622615791276	0.3132462133629226
0.35496076857360465	0.20835352632635307	0.23267950514783908	0.24678577519721492
0.27870196229994615	0.22058830820696504	0.29012410728455384	0.2896927487744175
0.2201003292035159	0.2863193475115121	0.30275497559720477	0.26460171327303433
0.2664458918189494	0.3280131290983862	0.2730109877780463	0.2784253113644562
0.28107693559558133	0.2193932685744299	0.24980603468470175	0.2706130741842847
0.33681240724712413	0.2976940762341016	0.3095258409691881	0.32315978187592526
0.22120766706082984	0.30150369224549856	0.29493127689840976	0.26097835816473486
0.37870367938445726	0.21525837016543334	0.27449667777568815	0.2918690104290541
0.28206984507787347	0.28930928495144104	0.35069658325283026	0.30187269284296603
0.20985990428917578	0.24875430149737845	0.2667461582092911	0.2851955075592628
0.1831866461404105	0.24867665726007246	0.2829362265967837	0.283392282881499
0.2607639704435365	0.2888748316803266	0.31596033556594955	0.3002081605143445
0.3115792791416116	0.2791857408667839	0.3253800444702171	0.31013470052544395
0.34285555958005215	0.30160452208794364	0.30907671512234974	0.29987281237574454
0.22165864603104649	0.2541454546503545	0.25148006368133313	0.31011077938905857
0.3317179095422725	0.2316424127070668	0.2541053852247583	0.24842222426249172
0.2485796814356993	0.2412120084675311	0.26995756494677975	0.2763101817168889
0.218833042957477	0.24337543799413003	0.24890038324997707	0.23229842335324216
0.3116359403832324	0.2936023549345521	0.28226637750460104	0.2886440181229594
0.2571371024246323	0.39471207820483506	0.28214979583145217	0.2736095869344975
0.3011871255408642	0.3193040615111568	0.3091707335091256	0.33406528482573283
0.25367160584621967	0.3616674664968931	0.3089606468758272	0.36453130717025795
0.25435418929478004	0.25758451512601044	0.2677514295298305	0.28794571703245936
0.2908399639431711	0.3520226249648881	0.3110091824517863	0.30628032095426627
0.2899284094332332	0.30368747076305375	0.30835430401449077	0.3013276032768414
0.2720842048254794	0.23690928776455533	0.2972330216044546	0.28279571323604147
0.3188322772369222	0.24573188970616874	0.31728594367833524	0.31034190469085354
0.3294112473861951	0.29076558459472274	0.3172388645553212	0.2942992696745753
0.3113200418118854	0.297189592544376	0.4086376596067675	0.33715175547799203
0.3350789283304201	0.2392005375536677	0.26860336125407963	0.2621604689079248
0.33456034186658457	0.3187943064798	0.3260791169718975	0.3082784668166762
0.20669015031994264	0.2898548605976408	0.2987602351499844	0.2564524998297637
0.23260316996437347	0.304374629244919	0.26714345193783173	0.31202559460514007
0.3212596808965523	0.28654831263686736	0.2668001590052705	0.27579141419886527
0.33504979995305234	0.23021885320848665	0.24840021511460916	0.2517616164240297
0.31370525815306505	0.30493018511554665	0.3528371407254768	0.3668181855854171
0.2707463559941413	0.2881474841666792	0.30315368313580404	0.32227103914917815
0.25114631731470966	0.2905238160959318	0.28441920940941423	0.3488748873435874
0.2546386522695262	0.30822496733955873	0.3257410045153905	0.3109811785277959
0.3640900755800719	0.2642567510760051	0.30060664289682093	0.3564945162544095
0.3277099332153465	0.22896038910824662	0.29170572615239765	0.30855726206918277
0.24738085951807182	0.20607302664293484	0.25564860762635605	0.2275289921467938
0.2695277491155719	0.23904113936281532	0.23659885827838628	0.24151712767855035
0.37787361196116726	0.33749885352206926	0.3794858130458326	0.33975581620739626
0.24469519330439313	0.28165581256617234	0.3095167855804143	0.3332833590680889
0.29401545156696457	0.2921845112208001	0.34572427496536273	0.38149170598081644
0.2942144924899227	0.29175265036815684	0.2841398381628402	0.31725333056105487
0.24092230854356209	0.289381574032077	0.27420519813933597	0.3305842431587824
0.28660030446935064	0.2792399932799545	0.3758305689180882	0.316272464638137
0.33410759057309203	0.31524068698331764	0.3924096114948832	0.346175298042149
0.3540936136637624	0.26120559855969744	0.28878301229066056	0.2992292998022994
0.27088054330231504	0.28060724691924777	0.2949892207060547	0.28823004891739995
0.3659426556430026	0.3152502448914996	0.29486804730755295	0.28484840116558385
0.37563492733383347	0.3028444415915008	0.3571612841639977	0.3465094489933236
0.24458486091233567	0.2844661494424841	0.3961210014406319	0.3428705898022214
0.26244059751043575	0.2839587594157019	0.3420336120871535	0.2445868671479713
0.4181421796405632	0.2647030365161036	0.308299253272874	0.2902639061283535
0.21315543184000024	0.20105301507375156	0.20449689326309603	0.19829235659090128
0.2610735537034064	0.31328338609286716	0.34617729220994364	0.3161464428977002
0.3441012976492662	0.2427532012622715	0.2607186963092828	0.2765165846314857
0.3379074874763571	0.2474398751676467	0.25951205072784383	0.26393340303017004
0.301832489740878	0.26518097240159183	0.26513629955417184	0.23897315715642156
0.24765037508619728	0.23953608846563001	0.28291730856008185	0.39331122651119343
0.28234760220141625	0.21428745247286315	0.22258208889239772	0.20337099164166475
0.2850102973194661	0.2354172844709888	0.2297628589905439	0.26157848620570334
0.218225093232734	0.28098547824711695	0.28579973680392146	0.24189620486665742
0.2196595149478203	0.3146820412432313	0.288562790894846	0.29642181422813213
0.2962340179215471	0.3727841608223573	0.2990825600744154	0.4050602463672587
0.2358308351537671	0.2773551185018864	0.2425873221048813	0.3003712695529568
0.31977227402556047	0.3142887009692828	0.2896066315334535	0.381666032633237
0.2607226786838961	0.28479282462971506	0.2812617462076763	0.3095547216360455
0.20643233977493478	0.2703775569200142	0.255258936009238	0.27576389098496634
0.33995941186816503	0.28120553784432023	0.28043507705430454	0.30569354385514386
0.20005317208469106	0.26962176680812283	0.27569008375592613	0.2510992150574826
0.27233045174149806	0.2363286844785966	0.27091765755876795	0.2511679829535332
0.2934857186405061	0.26139292462840036	0.30397486049126304	0.26028145463742836
0.4798932584901125	0.40802354863475987	0.438929330329927	0.36897297309862
0.3961485485324974	0.21467328431226024	0.24318864188967024	0.2877119893035618
0.3979485925140524	0.2844317341236806	0.30903152520396915	0.3592470675219561
0.31108596478110123	0.28182749753219943	0.3169767806832313	0.2786563574837526
0.32986697146904453	0.29301033726450587	0.35517575900462967	0.3301277248882458
0.2540162514175709	0.2853039306946411	0.39807324762818735	0.2815194744171761
0.3166761898893863	0.24552808903384785	0.222763079930122	0.2549641206241476
0.23544185929080932	0.30824802883802704	0.30275917595343155	0.33097503741122863
0.4083061290999709	0.31893085752201716	0.33212590109360185	0.2821289668055229
0.3383975847788859	0.3287244544061719	0.32793820714138994	0.34680934678667286
0.2913463051770892	0.19875158765444667	0.25413452402953707	0.2644854016187132
0.20481051622865906	0.25966706956538893	0.28647526882762836	0.2554326771376815
0.37258162012471696	0.23915791224302488	0.27566121336233523	0.2692734381200294
0.3477118229488335	0.1931291834420063	0.1976984791396415	0.21721875380798028
0.1984107768737335	0.25886444636316974	0.2814636738225202	0.2532469587866019
0.2715756705327084	0.32076483943618384	0.31607144948184984	0.3443012915387643
0.2981198851208225	0.2597856405623753	0.2622190321847075	0.3070184020577709
0.43057712583173374	0.38348186862817124	0.29103203462960153	0.35912363300040157
0.3712232371621399	0.24442153245309994	0.2602806452856328	0.33608576584208505
0.1698876734530591	0.316669750037326	0.2564744570687882	0.2687023764295811
0.33972425266966644	0.24534078569975226	0.29261012812144616	0.28640946882050594
0.31946915595799796	0.25233156046155725	0.26480573750527575	0.3090537986039047
0.26784403461157635	0.263503127831291	0.264318682553769	0.2775827955271505
0.26404280609716346	0.3083400712053854	0.36666214968140715	0.3140647683777209
0.2935110636282007	0.27453489136452386	0.25269526506824014	0.24564972277739797
0.3505338623205443	0.3256200433920791	0.36701508709596004	0.3319069055751792
0.4499502103809661	0.25366831141414276	0.26827142170315976	0.33443686052064703
0.401630930336978	0.3574746292051389	0.3640799348656341	0.40014415467321074
0.3273748602209423	0.3243678580891588	0.35100910039864747	0.33119404283384796
0.25327553838245664	0.2895176389135806	0.29840608062315394	0.3068305165669543
0.2801650330426645	0.2649331166436886	0.24832228509320883	0.2768484818542889
0.2579425759857169	0.30254666198716423	0.29619866408461243	0.3143593952031865
0.2935976882532811	0.17965804266889168	0.229594388422101	0.25133273450480126
0.21418920079183126	0.2862673467973313	0.3080770306324815	0.2688812435897283
0.34974638222317245	0.3593057283512773	0.36090355780469163	0.3970717307140951
0.2902067306295622	0.24088274091207845	0.243183691655403	0.24981129686979076
0.29718224653869585	0.26033361088669627	0.3121803136246032	0.29241708987041937
0.26871544016561244	0.2130513760177795	0.24681069497811245	0.22504622063205137
0.2505236249469315	0.2943644240686266	0.2898005154156107	0.295766953794788
0.35184718153119476	0.2045093905876921	0.19640134188478262	0.23821736161229198
0.3386005286729991	0.24312961339869055	0.24286336527744187	0.26427202728615795
0.29406151769963385	0.21367031030172326	0.2636351951805197	0.21954682028391306
0.3718107943092684	0.1914426687133191	0.21281890321209226	0.2481491250610178
0.21637740750290568	0.2924557036521549	0.34653236674625437	0.31858475835823263
0.3768701045277126	0.2332373729767538	0.29068013938820236	0.2713851834067564
0.2825599994938374	0.21328268460216562	0.22434932162641583	0.21859040393077994