0.9998478373408854	0.9856788366682435	0.8920298406601667	0.7677831531701244
0.9997730189917001	0.968355978731267	0.7955964241980046	0.7290193508159021
0.9997464418404436	0.9593893131667566	0.8480625826843409	0.7984928699754339
0.9997079370439922	0.9578968284222287	0.8619997773050669	0.8120200010817
0.9997642915920342	0.9739377537868478	0.8281234777508432	0.6844494868383371
0.9997512014175667	0.9742987911219068	0.9412013900799276	0.8092410330959617
0.9998727223741507	0.981623177996587	0.8865044762810881	0.785736546409471
0.9995653806197796	0.9390588891684095	0.8412738340472933	0.7100191970593256
0.9996896059659167	0.9667521567646592	0.9082228014293047	0.736177721098025
0.9996815043863215	0.9742654071573045	0.9071463538071219	0.7262622958007215
0.9998675912468771	0.9858992597971841	0.925938825376172	0.7948281552880041
0.9999299694258444	0.9898046701931573	0.9349056369510795	0.902550271195853
0.9996030039733387	0.9600156754714503	0.7931751433777698	0.645592673224721
0.9996099717273663	0.9587198155289726	0.8383163307018461	0.7251912542880573
0.9998663676693856	0.9807539903086512	0.8616849060382442	0.7625939449939313
0.999855584008202	0.9767834407857077	0.8725258940350357	0.803851042444211
0.9998649864858604	0.9825553756284996	0.8830257996829869	0.7086945118425948
0.9998939028452586	0.9852637251389301	0.9009513867463874	0.7373816839036013
0.9996779466325301	0.9689898912131673	0.8208308391638584	0.5985845839937932
0.9997996724078798	0.9716927197636306	0.8404948180596926	0.7689099244878693
0.9998826194115783	0.9875696828613125	0.9383726230343986	0.8610049787707121
0.9998809195133058	0.9850403379127868	0.9015213853886174	0.7432566860194267
0.9997627038860588	0.9815046683581354	0.9041802866872583	0.723691359104184
0.9999879942080105	0.9986963252552721	0.9917536814079478	0.9818215184334864
0.9999033977252193	0.9862386498401967	0.9200464422236061	0.8634131558213666
0.999797036239658	0.9713544034156244	0.9170818978213092	0.8755920804013028
0.9996859050354853	0.976452823818668	0.8467888956839091	0.6059989291133377
0.9998453483310195	0.9891743122905481	0.929161949032512	0.7923201502177997
0.9995854065494186	0.9541562955176359	0.7876211504215946	0.6850977220909436
0.9997771038719024	0.9841334425384838	0.910069569700415	0.759545604048509
0.9999047268515435	0.986492405119525	0.928742145889169	0.8687699610153
0.9999100339888529	0.9867569700921578	0.9110712758203175	0.8793406662423403
0.9998002225314169	0.9776235621645785	0.8701770610687244	0.741019619038597
0.9996992878887038	0.9726644422626942	0.858327324300337	0.6334556726774817
0.9996466213931026	0.9662227919802014	0.7966959826995508	0.6720583541752256
0.9999341940592374	0.9924478297311287	0.9456132850429763	0.8269190480678279
0.9999733303068846	0.9987599897137579	0.9913545949745735	0.9782434205015653
0.9998595250077915	0.9812939308681987	0.9215127622025222	0.8979047860165704
0.9997948646312613	0.9746636350559732	0.8431184444292233	0.6829222845846994
0.999924998143236	0.9934368781897455	0.9508712669201813	0.8782656463173666
0.9998787461208758	0.9881788766988256	0.9380913776215065	0.830763764112673
0.9999020919248689	0.9885179694221975	0.9341820714441351	0.8284265232911181
0.999881869712144	0.9876490032224151	0.9175318300666045	0.7805680949647984
0.9997909895737572	0.9774851278910928	0.8740070096237257	0.6830983648811823
0.9997788225745112	0.9637105504450645	0.9161360079525257	0.8254109740875031
0.9997862106860689	0.9763401759001701	0.8762391429677054	0.7668233708770146
0.9997667647733312	0.9734686333991694	0.8950739270850655	0.681028092065723
0.9999079569615834	0.9861540715225348	0.947315838090078	0.9156092482481334
0.9996191437443185	0.9502568878865654	0.8410733331041812	0.6950500007180973
0.9998911582751021	0.9934116172752306	0.9612360292814938	0.865958731918295
0.9996552883335682	0.958372361471616	0.771187530140285	0.6741766620074892
0.9996531683970157	0.9670818168840849	0.8552577598021379	0.6551016488845429
0.9999311383888658	0.9918904570887734	0.9645232624225802	0.8989272329060235
0.9998838289957767	0.9833231048982537	0.9141469037450866	0.8530439701846596
0.9997630360100935	0.9688603607400784	0.8109414099881513	0.7357225000395753
0.9994445090957229	0.9347779970284451	0.6670252046617869	0.564916943887264
0.9997101364808623	0.9649074989887435	0.8705163127030398	0.7927727986312777
0.9994622887692215	0.9522634711613824	0.7104940513492289	0.5882552566104559
0.9996495374649831	0.956253131464404	0.7493715434064213	0.6128814739622463
0.9997902543438143	0.9690222026196262	0.8195113415850748	0.7604205978916303
0.9998246310271022	0.9740855884107199	0.8339525517459694	0.7442789753595007
0.9994841291657391	0.9449306403611875	0.7261598379570671	0.6206944319781262
0.9998970667857291	0.9915081235531289	0.93863145275221	0.8627804676019067
0.9996844523105153	0.972975485208152	0.9180796434385308	0.7631565126552625
0.9997590867194328	0.9708557950487378	0.8127852847935271	0.6139682343270043
0.9998093764509068	0.9836929683169615	0.953594633624236	0.8387665386296388
0.9998658530048197	0.9812144082770662	0.8691080987608014	0.8054963394241402
0.9997656170155725	0.9768493711031742	0.8497976025944667	0.76066337695618
0.9996855562162362	0.9546027721005316	0.7610169571768999	0.7031414351401696
0.9995196420883533	0.9438804106562614	0.7354464561135119	0.6461030082336819
0.9994802053548283	0.9389531856634346	0.6851638599959176	0.5519933253005451
0.999844989838574	0.9835694131456718	0.9306422122141763	0.8251160920190612
0.9997285075839673	0.9737410487424688	0.8595246008037045	0.6211890014261595
0.9998346544887865	0.9774300152554859	0.8474960301718699	0.7406074731993864
0.9997928475101718	0.9811183415183314	0.9434818716287383	0.8421554559782515
0.9999415147595526	0.9962831092483051	0.9742607579054302	0.9126567025576275
0.9999565689584857	0.9971331119853074	0.9809187632488887	0.9355931174108253
0.9997470317974254	0.9774661706358563	0.8725898885204971	0.8062450477550085
0.9998293854989708	0.97765241192566	0.8640144115950642	0.8133271139376635
0.999760906413484	0.9671839164494843	0.881205361283649	0.7462268829437695
0.9997240650150512	0.9693214412672694	0.8044966645430566	0.7019171975739169
0.999689897533715	0.9700932624152565	0.8302524948679957	0.6623957828560862
0.9998780048858054	0.9810832143063182	0.892550964990712	0.8178987052382505
0.9997006450595698	0.9573456310493021	0.7650850923684549	0.6787193728890587
0.9996903475191509	0.9612803393639504	0.7859031815327918	0.6106963651981044
0.9997898615553346	0.9793603094076331	0.9019413690345425	0.833894993119417
0.9997329081890124	0.966462441643133	0.8141925705656321	0.6432550954167605
0.9998347281464653	0.9863115803642833	0.9051585748462301	0.7886903467096825
0.999633748635414	0.9640289981800615	0.8325592308854022	0.6186849080458264
0.9998610549842677	0.9816869770703942	0.8736426781260551	0.792669504441834
0.9999497840418999	0.9916417405235617	0.9633325593864904	0.9109939591527682
0.9999020879389343	0.9908517550444875	0.9359708209137708	0.8874076593746002
0.9997894988608277	0.9723704469511517	0.9164536347012953	0.8264209935242213
0.999937729480527	0.9909783638472933	0.9295960750295029	0.822112608563532
0.9996532508301168	0.9513915268055506	0.8313026182450373	0.6447049866885192
0.9999488910361825	0.9937953619729502	0.963223426790065	0.8700681454539496
0.9998007502297346	0.9717262930266741	0.8855271057765363	0.7611391727739544
0.9998968936259209	0.9869177656974384	0.9239696583281851	0.7863186495632702
0.9996579097140843	0.9607634785024451	0.8590967658058835	0.8259354680892037
0.9998746776724804	0.9788398605131964	0.8786518445210932	0.8352830160681121
0.9998561004334615	0.9813746059697528	0.9178679648690558	0.8993466533923964
0.9997780832399874	0.9724868331382128	0.8407369922364276	0.7629470600064043
0.9999543456211006	0.9927679556261738	0.9726214658246413	0.922053359994854
0.9998003141386014	0.9744183957051407	0.8465271161375454	0.7015219173955631
0.9995664729305103	0.9491058818600551	0.7576060023096616	0.5909740845466148
0.9998355664814419	0.9896884196515376	0.9349009142864548	0.7687381620334921
0.9997802861109197	0.9779816806447595	0.8591114793984862	0.8483958615953068
0.9998596927288621	0.9791621679819326	0.8546285261001431	0.7459832059988262
0.9997510032382965	0.9675029999813387	0.9015491244014584	0.8153777322711677
0.999706909260841	0.9701778871969802	0.8825385256520191	0.8133209981299585
0.9995794945152743	0.9582220467331801	0.7834929364753502	0.6141153163593815
0.9998293909452599	0.9798097607268322	0.8835982312415614	0.8183100070397863
0.9997741081014633	0.9709981284537138	0.9072239430576403	0.7459532613760198
0.9998612566963714	0.9815452379615136	0.8867921772510475	0.6650699912840294
0.9997771712630569	0.9776218427993717	0.9095519541496186	0.7651870185751061
0.9996855324016883	0.9666809675902223	0.831792955048814	0.5983576104231864
0.9998172256211936	0.9877980432154333	0.941791792380349	0.8340620154163588
0.9998214145120806	0.9829979492355949	0.9072817554089393	0.7573050362364164
0.9997316812015332	0.9595324670302886	0.854590353166273	0.7623442103627818
0.9996514624345276	0.9678396014958401	0.832523813286969	0.5564944881577142
0.9998114668808573	0.9760727362273748	0.8427720174050758	0.6941143221631507
0.9998184089462802	0.9779367950382047	0.9176771177322948	0.764353726564797
0.9998602280891044	0.9840810350764787	0.9037097113685942	0.8741162548252432
0.9997953382072308	0.9743441478175109	0.8212355889813328	0.7300374218837214
0.9998357089636772	0.9870715245745249	0.9327721569156975	0.8333597218321807
0.9998956959381298	0.9869634985399498	0.9162882788112695	0.7588243758009072
0.9998355205200677	0.9790889658223824	0.931457379424274	0.8076895588026888
0.9999198648002041	0.9879381478348112	0.9131807492926101	0.8104261118960784
0.9995986258264639	0.9568822645917819	0.7722155468789293	0.5465183839588555
0.9999416766047936	0.9943771607011024	0.9658700471117294	0.8778651905227018
0.9997712529443202	0.9647215251935066	0.8590077929877336	0.755463994273047
0.999889051650526	0.9716767485977844	0.8254632626740753	0.7797640870108515
0.9996263495212785	0.9636955831207835	0.8184175685413844	0.5789786088563846
0.9999094477511764	0.9869493739475875	0.9440048887012715	0.851772636917606
0.999760900756227	0.9680941093341175	0.8701213314747774	0.6476258627106591
0.9995812304339515	0.960808607665691	0.8087607235950321	0.578459365239365
0.9998157173175813	0.9749058939974711	0.8729241111503668	0.7653449480638708
0.9997916718504682	0.9781770823138558	0.868870267193753	0.6748774451909657
0.9997680990464644	0.9821381280610458	0.9199184371216603	0.7775704623920237
0.999690763858488	0.9725514701125236	0.8609610189162106	0.6204936483994657
0.9998383206450292	0.9797814138245026	0.8787188015629942	0.8185406692015549
0.9998311844282346	0.9765388434233457	0.8503188712755049	0.6922007781115755
0.9996497454119606	0.9595157744157734	0.7797526052504058	0.640578029966745
0.9998240132308803	0.979582098114643	0.8855112672610801	0.8436333424552843
0.9998436670303636	0.9854417433872574	0.8996798056634618	0.8110112619722574
0.9997989342615774	0.9867717069417242	0.9353257760464533	0.8296166305967424
0.9998157418047058	0.97297094253796	0.8749213102556872	0.8003630777610201
0.9998399896683299	0.9859618337444066	0.9529081369641351	0.8644961848323418
0.9998083179836571	0.9727026832468857	0.928500189520737	0.8631740461797894
0.9997259707930678	0.9639214296588279	0.8700077778238647	0.782953542941777
0.9994599457294061	0.9312064425404579	0.7698959775458655	0.6241011230841566
0.9999664669913203	0.9956913614411927	0.9683472395688798	0.9016936423048412
0.9997848323787609	0.9810772906185945	0.9010238798677762	0.8688397407711649
0.9997897826451085	0.9839510143796323	0.9029387108015073	0.7526098666932822
0.9997649542511529	0.9632688350968269	0.8516506039881391	0.8013381761010552
0.9999311593602894	0.9917219847972356	0.9719454577635115	0.9193996780248781
0.9998092681442167	0.9724296799214392	0.9299226154233482	0.8538399380424033
0.9997175099650384	0.9783468777705125	0.8745739080745023	0.6917679447330211
0.9995884159614854	0.954895574878746	0.8453372510889073	0.6866985953619564
0.9997445554875032	0.9775975737715656	0.9111581208545553	0.7486640921161013
0.9996637735277641	0.9737978200455382	0.8614021092179417	0.686569660837348
0.9997314387069394	0.9595880322244483	0.8217125504725334	0.7210500583799547
0.9998735214170709	0.9851404354162201	0.9275774748747246	0.8062719778551248
0.9995406679843699	0.9292021743001728	0.8374219974714828	0.7828169788530335
0.9998251286239501	0.9582603099218703	0.8075719343611611	0.7402425527801951
0.9996627952540589	0.9639957807574859	0.8076759988845238	0.6451193059768475
0.9997159331065414	0.9518138844573424	0.8780531528634156	0.7158765416363189
0.9997687502697377	0.9808589053010042	0.8874952965914853	0.7652082580789104
0.9995150883547897	0.9423783125869295	0.7090549471830476	0.5710402345890977
0.9996941734633946	0.9583703695072441	0.8170268413676194	0.7279511645635934
0.9999180516976368	0.9869033026852402	0.9109044183212606	0.8013604023962715
0.9999047063105987	0.9847502024938548	0.89741778961073	0.8323341465091659
0.999670673206532	0.9670466905283375	0.8533595346747633	0.6624634007250567
0.9998253796271684	0.9767624096090108	0.8402919709423581	0.7501585750645402
0.9997307447189576	0.970455756617095	0.8414595935743343	0.6154939442328246
0.9996220149027952	0.9512960957336939	0.8433172837338039	0.6888015388235492
0.9996198323949169	0.9509656313766767	0.8536521408688046	0.716315963211669
0.9998230443472526	0.9848709334490101	0.907948703464532	0.7996309784163851
0.9999043370148006	0.9784355345982155	0.8811157310224401	0.6331536142535342
0.9997067742357975	0.9657111374323897	0.8351193656424253	0.6665608133368249
0.9996014436785157	0.9552161416576838	0.792902217646537	0.6562621510299912
0.9997507215114612	0.9694872459229358	0.8345324738255291	0.6364626427574677
0.9998584128654432	0.989064150724117	0.9034784022913268	0.8771861989043392
0.9998340662462291	0.980989646199818	0.9079257251022901	0.7853076525919007
0.9998281293722193	0.9827573733320448	0.8859806218725189	0.7177416273373647
0.9997456810572095	0.9698135281414864	0.8264287422395662	0.6181256228991403
0.9999094599456111	0.9878681653765607	0.9199272709656052	0.7517476377406839
0.9997660707447348	0.9805067523891433	0.8606118046517921	0.7827387292029389
0.9996814212193613	0.9468397274182918	0.7933447319967384	0.7433875472044471
0.9999151152470857	0.986487793993613	0.9064186086774073	0.8366716623651999
0.9999421335760665	0.9917884395125739	0.9428700673342498	0.8163490361649471
0.999663674084075	0.9657434208037429	0.9037731681899415	0.7951914848070896
0.9998169161487667	0.9849228628489978	0.9232101455463937	0.7636743553479884
0.9999546243718156	0.9968907380841361	0.9793956581019597	0.9371419949096254
0.9998001743366055	0.9732125491126239	0.8885179732415144	0.8530665851921281
0.9998421635005047	0.9816368903752412	0.9222119376779504	0.8757277908754135
0.999669978616557	0.9593364265248566	0.8397420033158829	0.7370840478804891
0.9997571893082685	0.9667926116926153	0.8212536785300446	0.7413706751541581
0.9998784518196608	0.9827058347986547	0.9015744408502026	0.8116105120401919
0.9998994258165348	0.9835853021389185	0.8895915055527092	0.8010419276371267
0.9997200340563899	0.9713461300175056	0.8736097616354287	0.7393490688218588
0.9996831272055049	0.9668737316009353	0.8776962776411668	0.7055172707776282
0.9999557669431166	0.994756965921789	0.9635178727881235	0.8891961175990839
0.999904174378676	0.987059301975798	0.9401893315239493	0.8872621750180579
0.9996597166102804	0.9420629203108855	0.8457471099569772	0.7474056201310582
0.9999100700956833	0.9888530627360475	0.9503362541493073	0.830521237427226
0.999759339802632	0.9845206783833907	0.9152163495382385	0.7724298888131484
0.9999236425479058	0.9910348325093365	0.9548663082679086	0.8845097365144835
0.9997834476859646	0.9712257052289353	0.887191969102714	0.737671742357338
0.9999105250926398	0.9896436692521826	0.9553727138221177	0.8612786815082801
0.9997851697874202	0.9655531123165865	0.8533524415104476	0.7910455365890292
0.9998591414392815	0.9821838118772347	0.9141637128240284	0.8852281733572356
0.9997701943593839	0.9748424115285477	0.8600621809220238	0.8043441128199621
0.9997965765365139	0.9756584366599153	0.9365950100523505	0.8679561159126113
0.9999378813923945	0.9935934684209837	0.9735309411994674	0.9409848285144929
0.9996448850158033	0.9688429929348629	0.9282028753782079	0.8589946470287455
0.9999160710191553	0.9921544279961563	0.9452548699354489	0.8333804844981022
0.9999183899778173	0.9880322426329571	0.9119540088329154	0.7812515876487689
0.9996108517652424	0.9568913710661834	0.7654288788573802	0.6126942234225641
0.9999386247096556	0.9824254490268187	0.9121748355249443	0.822828346133798
0.9996112365668037	0.9522036894871537	0.7663274794177862	0.6321078672068335
0.9996020358439761	0.950266102764822	0.8420147688613727	0.8136254048983472
0.9999550704058331	0.9935601767509629	0.9537806571239175	0.8863886599216679
0.9999608250481438	0.9955922765648904	0.9657709500587396	0.8988653303271585
0.9996417754644712	0.9687272517947071	0.8260880872859967	0.589334972856975
0.999973704781324	0.9962639597598554	0.9700418659849127	0.9408383178044314
0.9997459563971964	0.9730573021590466	0.8965559156018659	0.7600038280259186
0.9998059119746658	0.9733084127292876	0.8378835571397274	0.6866157572739572
0.9995047317862894	0.9496680234805124	0.7428338208726635	0.5478771061018205
0.9999494643180348	0.9936261198834796	0.9696877637299327	0.9087065544822961
0.999554575294251	0.9513906368824379	0.7296828614317635	0.630352646166577
0.9994962631907909	0.9511444740442868	0.7205744344151397	0.615570878378408
0.9995170443910317	0.9503299462048479	0.7101716002732553	0.6276429704772698
0.999884577243068	0.9835575538927909	0.8803362512801465	0.8024237677241556
0.9996225135204371	0.9550340451017035	0.9167149134906211	0.7846861545976853
0.9997041388977439	0.9614321873510189	0.8380199850514843	0.8040512360342493
0.999901401317426	0.9886207709201974	0.9684360490412778	0.9111014017261483
0.999917349858759	0.9914953066786817	0.957486510523774	0.8819162648311338
0.999709209723071	0.9581993295113238	0.894837681564745	0.7361946024462962
0.99980908473721	0.9724134093302362	0.9276347277948509	0.8749076987793967
0.9996085902461402	0.95614284098517	0.7698424592697183	0.5377085250309855
0.9994839034018874	0.918499955192806	0.8697994858194544	0.8125095600125987
0.9997969142806531	0.9733443548628478	0.882302704745175	0.7496570441356617
0.9998821565327313	0.9820409097469381	0.8958587769010173	0.8324545762072467
0.9997590775816831	0.979550698297622	0.8769779611134801	0.7743291013415
0.9999145149479988	0.9889198996306235	0.9300530996379882	0.8510437101812977
0.9996164110062575	0.950666514755354	0.8468813522445607	0.6702162400045212
0.9996728926663849	0.959362328126869	0.7860344347282644	0.6141567062829062
0.9999182891517869	0.986843030897006	0.9083098863635078	0.8527760772828711
0.9997052218717793	0.954340014492895	0.8068945954037539	0.7300375068154309
0.999950417182908	0.9944155690780102	0.9636511788318758	0.8778857426597416
0.9999551846754817	0.9966801771032469	0.9791403450596978	0.933869990227817
0.9998348608690417	0.9742182045500616	0.8730763884144281	0.7785926626684816
0.9997082927715567	0.9729582782188219	0.9358881203741798	0.835516774397952
0.9998506252983779	0.9789968930901962	0.8671329114810389	0.7908459808605963
0.999779593527233	0.9730534830829132	0.8335705204457833	0.6393432182566163
0.9995435718090524	0.9632344047503737	0.7911784036103987	0.5501517258550636
0.9998975392110171	0.9795114227354444	0.9054152011834535	0.7489959289000788
0.9996005144391362	0.9597695531616457	0.7784287058985555	0.7116808782666453
0.9997556675679415	0.9662157033509015	0.8209410173164232	0.7358538736414953
0.9999369160353593	0.9909083662799726	0.93811876010652	0.836356983482328
0.9999665185491234	0.994412151548827	0.9605743407124729	0.8754311029118933
0.9995865918988203	0.9476261005984604	0.8560233574959003	0.7323183662792463
0.9998788869120289	0.983697178254515	0.8948458885640757	0.7990841866870959
0.9998119597513928	0.9765450722931888	0.8663119700111132	0.7230759374963734
0.9998617738209752	0.9713708417408161	0.8322166103369332	0.5979945730431733
0.9998315724151119	0.9758646371304951	0.905461214251803	0.8500623390118065
0.9996824327149721	0.969977004119173	0.8573532193151076	0.6292026679431927
0.99979095147955	0.9716514153956222	0.8326223692635389	0.6296066200997429
0.9998473707595289	0.9821660898247694	0.8899084691339443	0.698909380684565
0.9999755807997109	0.9939192034918487	0.9674865632171031	0.8884966617976966
0.9997348228096151	0.9628553597616332	0.9130179737814437	0.8178160457468561
0.9997315561509568	0.9735358333846884	0.8690662505662722	0.7018835315098539
0.9996684308026569	0.9540413719730412	0.798245390139807	0.6901925516132655
0.9998695671123308	0.9867762044646246	0.9269178123769912	0.8096921113159654
0.9997107464094097	0.9721425310174213	0.875398414984009	0.8283842127491132
0.9998697799131047	0.9819682674021155	0.9188357162169686	0.8421422740837745
0.9997845705915857	0.9713424271311741	0.9337787555518022	0.8574237266410958
0.9997669601234909	0.972885319149375	0.8824178201000134	0.7379262171977032
0.9998439550898115	0.9842448922421749	0.9645262432422042	0.915420945333569
0.999611623828065	0.9592485716749198	0.8009739065794305	0.5702185983230035
0.9997077330866287	0.9579206375363906	0.8331335367104501	0.7158890588743307
0.999806780127389	0.9741703593541661	0.898513016755304	0.7688996850407618
0.9997679255005375	0.963604495052987	0.8741502503116678	0.7616465511382853
0.999699244788771	0.9538995379317315	0.8821899231044332	0.8441098155962711
0.9999472607013656	0.9932479543468308	0.9649480798511286	0.9220028834350957
0.9998120489144262	0.9759481198685303	0.8574571241349086	0.6383599112344946
0.9999609349603774	0.9935465849609251	0.9612399629098662	0.9088330544239965
0.9998192777163587	0.9707351637248236	0.9108724962309069	0.7983062041928084
0.9998709589943549	0.9895200098368943	0.9315493584736622	0.8359550796290453
0.9997858942065482	0.967859265616291	0.881902262644985	0.7941057142372464
0.9998047741274377	0.9790577159287049	0.8832312256477474	0.8632508705121552
0.9997024466738077	0.9632890214223753	0.8065529436067653	0.6331497905190477
0.9999026010046446	0.9878952386325953	0.9114531303483443	0.745751943808054
0.9999108952124123	0.9900247731127662	0.9463234888092549	0.8595469049102216
0.999877019083397	0.9749005617134041	0.8385801849212078	0.7022837909526096
0.9998816741680101	0.9822311658496746	0.884110483942103	0.7865680174090438
0.9996232073794558	0.9439090329418581	0.8479667751575023	0.7785521339679101
0.999766714323814	0.9764653004562758	0.9227253809330045	0.8128581952038819
0.9998156762056184	0.9834621803013722	0.9072475049440051	0.7534419900670521
0.9998909079959203	0.9846680011190352	0.9011557817627525	0.7466732733497511
0.999859517667358	0.9853739407616109	0.9368105252399248	0.8102713650721167
0.9998301490513999	0.9845919774530396	0.9404620827385847	0.8327706056590999
0.9995769278245795	0.9496225633033387	0.7350953803573581	0.5829643004480417
0.9997417087193222	0.9634619537165323	0.8575346775019664	0.7362631779152892
0.9996944839198205	0.9693711274316802	0.8677673395377163	0.6524443365848261
0.9997907979181864	0.9885175202015302	0.9488523514099377	0.8349807832743417
0.9999259645691785	0.9948370943178956	0.9722357442508578	0.9026252738975071
0.9999856628197821	0.9969540036438059	0.986527484465145	0.9568797997105084
0.9996228449853021	0.9681461065844581	0.9197477087329082	0.7214423571426088
0.999672181004481	0.9588559079648188	0.7964221371946347	0.7339472807958208
0.9997006038039021	0.9762262336424419	0.9304152999389435	0.8128592318955729
0.999758879874046	0.9804307737236846	0.9125292079889952	0.7562279600529428
0.9997858310006292	0.9846806036906571	0.9013394251904986	0.8037628081881348
0.9997616444857044	0.9712577816941462	0.9147989218681053	0.8132041818760061
0.9998611213422458	0.9793006909374851	0.8568425653658917	0.7616406230345542
0.999774892007583	0.973316547657445	0.8382905601173468	0.6295447296033888
0.9997815479033512	0.980207691737146	0.8777401942799338	0.7144784874625669
0.9997656131482693	0.9745833436744201	0.9393045936370586	0.824944271668844
0.9997619584780091	0.9815625807779728	0.9061401083514317	0.7208807850678988
0.999719533490341	0.9570347130143982	0.7320762621905222	0.6419371316547314
0.9996028043642828	0.9402652478248339	0.7928192499525091	0.7427756355669414
0.9996714860645433	0.9765418808180162	0.9088546812255817	0.7179341835227664
0.9998552860898561	0.9779033971748414	0.8578122116334552	0.68300842323564
0.9998772511439721	0.9895846350303087	0.9360082672313282	0.7935037429515497
0.9998979677620567	0.984799324952739	0.9218604202236491	0.8592743494658717
0.9998188979326892	0.9729119701095743	0.8120667033963459	0.759785260530166
0.999950669422703	0.9923643222168754	0.9526714195139244	0.9089480390963308
0.99984384251385	0.9812920570649731	0.8750260564766854	0.7373457319118553
0.9997313100580943	0.9626093013197571	0.7773856182199907	0.6767494170030104
0.9996851380357731	0.9653371990055588	0.7734725481290027	0.6367738818123014
0.999685334384425	0.9748113320578864	0.8983948129287418	0.6990240840729017
0.9999089663274704	0.9865565303660088	0.9151290027149558	0.8703545749096011
0.9998831613295804	0.9788360851228465	0.888250235360836	0.7082118988037212
0.9997682701184057	0.9810189867296149	0.8868325647655201	0.741346505147958
0.9998341603164078	0.9843524035799677	0.9407770508908774	0.8865753529077731
0.9999172451252815	0.9889260178315433	0.9238951350391857	0.8768863474850958
0.9998414867864048	0.9728521423520541	0.8670458107368164	0.6843645977882353
0.9998125077440059	0.98191422689069	0.9089975789930127	0.7369542413212449
0.9997945163969635	0.9701828773486699	0.9281247077811302	0.8515521257381803
0.999857895429063	0.9862129589665944	0.920668679669667	0.7535709133606984
0.999587841222131	0.9439514434959744	0.7516275918452342	0.6575027250707537
0.9998410954235745	0.9775483247528859	0.9079406645260156	0.8833595923452187
0.9998312186346966	0.9756666093877099	0.9011758462441715	0.8082936031893713
0.9997293832744427	0.9597440495957196	0.8754244216792447	0.7519700566477734
0.9997609160839174	0.9643626655536657	0.8875407880289989	0.7913999474715788
0.9998568564762161	0.9843178270491698	0.9112043299532878	0.7669603121131064
0.9997767415077444	0.9772237334553786	0.8597659001547048	0.718015419363507
0.9997796060891133	0.9634902930236965	0.8657958403167082	0.7875107203990418
0.9999471618585967	0.9948206055456439	0.9672535208875556	0.8915692687869168
0.9998381331417535	0.9891658156052255	0.9433414091393427	0.812668717803445
0.9998531586221678	0.9773535337414315	0.8616874998132413	0.7465141378825201
0.99986607923801	0.9859871189232816	0.9116337278548536	0.75655524641564
0.9998308233788091	0.9860709111433598	0.9129256043276605	0.7988705110848944
0.9997676736162905	0.9714652796913618	0.8355092464938463	0.7604872776433225
0.9994960044451638	0.9495004227838099	0.7483676407878569	0.7284034900640285
0.9997864720827085	0.9870486638090135	0.9315252339750848	0.7709546729141166
0.9997535609149005	0.9711516111823169	0.8386015613471015	0.7416254688285032
0.9997136323682677	0.9705927910191896	0.9346422250588101	0.8178640527132315
0.999845815015843	0.9897704039426622	0.93532793466016	0.7922858475745577
0.9996551417577172	0.9684267337196909	0.8441360780417031	0.6521309564580623
0.9997826942315134	0.9730080910034868	0.8554129546734093	0.6337207288717325
0.9998973639057672	0.986121185983043	0.9141800802274239	0.8495501940516615
0.999665006734679	0.9547622658285169	0.8150196260982501	0.7219175002937013
0.9998578728725314	0.9742530449759831	0.8908848543093836	0.7987700586868203
0.9999193240444102	0.9912973096386343	0.952273549086428	0.872771143487927
0.9996501975847757	0.957701280387618	0.8555942895703856	0.6469959443274466
0.9998022387059842	0.9864282584741108	0.9478465218857287	0.8155081569184802
0.999752424966987	0.9670216021551663	0.8114339130823035	0.62912228181192
0.9998289683032048	0.9828547935766785	0.8981706841025254	0.7337076774072261
0.9996880183002708	0.9485762924000409	0.879531357053108	0.7590102551305867
0.9999104486685151	0.993538392130037	0.9618053266644336	0.8862410005749137
0.9998395929089187	0.9796149395168536	0.8613286855649741	0.810143186486813
0.9998315006275736	0.9804873701584607	0.9018478785891874	0.8782785498550596
0.9997476107692048	0.9681307243892381	0.799998271589796	0.707204734429456
0.9998902628551073	0.9805322200120433	0.9055303076609811	0.8300028311828742
0.9998857992792641	0.9836714361341365	0.9300362863718713	0.8679625753087885
0.9998661704318818	0.9842199661568782	0.9389679298844497	0.8427607726535948
0.9995861338471126	0.9540839706751089	0.829824671847196	0.6730764559502824
0.9998330783534934	0.9744709441432008	0.8566119016954384	0.7910778539362529
0.9999711103115487	0.9953317054603137	0.9621601198099459	0.9256864528046491
0.9997783482761886	0.9621542595344366	0.829905133684739	0.7384858828746682
0.9998415446919542	0.9799084612935332	0.8769685801455818	0.6798150402564064
0.9998015717147165	0.9687177357908024	0.864246445319473	0.7818846762394788
0.9996779507712059	0.9550783384699717	0.8777867673980357	0.6899400257105804
0.9997745913699201	0.9664155439705135	0.8548565837270211	0.7651146383223569
0.9998826167869355	0.9839045636176389	0.9133991084328408	0.7510067266271117
0.9998853568557303	0.9938980976002602	0.9602993403252197	0.8544923281538102
0.999583978635895	0.9498742875794335	0.7600724391155524	0.6645083638550373
0.9995845897182558	0.94271318700523	0.8291882518425773	0.6634552974420074
0.9997213831164679	0.9741511339858809	0.9030486696802498	0.740535779116747
0.9997473853881557	0.978998643763968	0.8668584908564118	0.6373293083490708
0.9997953115651643	0.9853613478837604	0.9450165431505856	0.8450100210410941
0.9997472704642194	0.982350420642963	0.9261440011566818	0.7354633345105497
0.9996085743755653	0.9592915909744061	0.7931499337146711	0.5552914770010731
0.9998743663456585	0.9858518998913371	0.9499684175474635	0.852336095855742
0.9999119170109033	0.9906167140360789	0.9409214931038135	0.8241251112881793
0.9999745109508889	0.9935785982044473	0.9664747504150841	0.8852341448933934
0.9997773158636202	0.9686230096087213	0.8951107435321938	0.8241285378220862
0.9995313596118691	0.9588360757403189	0.8265490033064237	0.6060622615697727
0.9998789302739332	0.9795993721780366	0.9204840757849951	0.8622703909810326
0.9998248359386148	0.9704522445395922	0.8685897686968761	0.7930432960831759
0.9997295286538892	0.9581100029116918	0.852357370566725	0.7119314125343238
0.9998346096668378	0.9737350674458105	0.8609668822461347	0.7837686448452461
0.9998961960543097	0.9853568167993847	0.9018862106081541	0.8327960689291216
0.9997758435075214	0.9837382504342864	0.8979049632065799	0.7042538404352122
0.9997796080914798	0.9819138821486867	0.8858096925022606	0.6710791710848215
0.9999396697549822	0.9934809705790885	0.9601012889422881	0.8885132147284893
0.9998177204182589	0.9808011265366186	0.8945353053016148	0.8809387879522937
0.9994697659850994	0.9340562844501574	0.6960842058734803	0.5816591546096354
0.9995665141966156	0.9531614551138353	0.8001550609695868	0.5693642340105932
0.9997799174033464	0.9645107531650333	0.8157214334819318	0.7330623723152835
0.999890108107039	0.9900779156393097	0.9491382041291003	0.8697103714743359
0.9997265488564409	0.9690132236052834	0.8892172032120338	0.852441756134512
0.9998907244098798	0.9857654890787959	0.9051843558872784	0.8062211915528265
0.999797810545092	0.9720639079697525	0.8007936837162056	0.6595359231649139
0.9999322956090082	0.9891421749134627	0.9449939004594268	0.8927730522743987
0.9997837355408601	0.9752652906660034	0.8635492591267814	0.8042828649202349
0.9998616698266336	0.9804609187604292	0.8644522467090499	0.7996425873804878
0.9997045676232713	0.970944929143309	0.8498519843932554	0.6162200643762855
0.9998673854264387	0.9846815131638773	0.9262179169196876	0.7859836061174
0.9999055659746258	0.9868644115070034	0.9172292146616073	0.8810031259148271
0.9996976646908874	0.9719171521235598	0.9283492943053459	0.8077922730830395
0.999845129415552	0.9804580402024266	0.8611226508640984	0.7023514885723877
0.9998012058188309	0.9718411751387389	0.8147370245038478	0.6575648811930379
0.9999706578025462	0.9955933413542715	0.9686964579578862	0.9213561885021054
0.9999186324453804	0.9890770685892032	0.9368365993249671	0.8086114189255351
0.9995365128256025	0.9301748204065656	0.8355659063750479	0.7011129251330495
0.9996820215370522	0.9522811350262108	0.8152939674116891	0.6840033833248212
0.9998357224042717	0.9783603034315486	0.8989790476604907	0.7769272157755567
0.9997948771468959	0.982874539816533	0.9352464050356537	0.7880425279956741
0.9996409589295999	0.9571635900028619	0.7878458087907564	0.6545520932239305
0.9997426947517507	0.9724074588763203	0.939447457050882	0.8710626714830141
0.9997893614175242	0.9886255200443669	0.9202874449767836	0.7263870845666727
0.9999502669873309	0.993052909803272	0.9409232665704216	0.8209637149911786
0.9996821868229541	0.9621774942717441	0.80292514123428	0.5920557213327751
0.9997820704930054	0.9760244474442492	0.8523891845384026	0.610868551087804
0.9998452678927914	0.9782606986527035	0.8792547710978781	0.731174473352145
0.9998511296942802	0.9754394086300793	0.8642862323956867	0.7939155053371838
0.9998208311032135	0.9877997839597548	0.9128715384261075	0.777718670506762
0.9999602739117781	0.9936278855868529	0.9551716195563341	0.8601749725610345
0.9997112948293886	0.956968225094739	0.8976378436036049	0.8051452099500196
0.9996232713009426	0.9532492448437787	0.822556094549333	0.6441878886426247
0.9999114664408983	0.9907555707027405	0.9532402261749082	0.8801390058881402
0.9996999311133219	0.9733867560209132	0.9117781776098903	0.7835533133046633
0.9999461311931347	0.9934784728950335	0.9589668350032724	0.8720404247892481
0.9999634951559373	0.9960314169855217	0.9765533357398205	0.9274867451249998
0.9998741193867547	0.9881631174901323	0.9428997438551715	0.8509306941443446
0.9999143334667498	0.9894842717087272	0.931706416880805	0.802273730394406
0.9996825103047411	0.9708567156386435	0.8381145442406922	0.6516568655202927
0.9999068230464537	0.9859717280227368	0.9050039592806075	0.7568811140218802
0.9998681233810391	0.9803085595557015	0.9307505362276246	0.8082628511099954
0.999728665662843	0.9735437304133094	0.8296759026891434	0.7563899795030028
0.9999132550696538	0.9884174290195002	0.9357579701940579	0.885681165999027
0.9997341990316452	0.9647092325766397	0.7775903765018789	0.6887080848284773
0.9999404083268251	0.9940151181467969	0.9560204661839544	0.8575125722892815
0.999782464279302	0.9749041057177014	0.868794041004167	0.8216903388358431
0.9998900714906946	0.9826565356266153	0.9298920836287508	0.8771604809410896
0.9999494484452377	0.9920905203405489	0.9463935207323806	0.8790402910121856
0.9998231664074244	0.973664152364185	0.8627607794447018	0.8053588532721202
0.9996021792017848	0.9614330491415917	0.7767082631578139	0.6638715938460912
0.9997265202997698	0.9651192173625673	0.8822243482868134	0.8270767358656042
0.9998614652898048	0.9821691367065666	0.923093474340815	0.8388473487707988
0.9997905460640096	0.9816486433469438	0.8844917456517766	0.8034234974560761
0.9998142014695147	0.9862262988814762	0.9547376770695656	0.9232060756562578
0.9996343372623918	0.9572727116266291	0.8005795490695405	0.6191173629492834
0.9999113122077321	0.992378864384234	0.9552658742593733	0.8723132652180613
0.9997716588379407	0.9737977833291566	0.8429292516727435	0.6437454174746589
0.9996792342873488	0.9619677186572198	0.8767113349628121	0.7458167206944524
0.9998367565467815	0.9786077004954474	0.8934620743456091	0.8769915802802912
0.9996440539628617	0.9450595390050202	0.8039683808911616	0.706755032212272
0.9999150460337771	0.9887243316825883	0.9389409612492428	0.881556003235243
0.9997050135172706	0.9717520900169916	0.890665518380965	0.7452258941693527
0.9999123361109329	0.9888263671452864	0.9577555300954321	0.894181078632737
0.9998198345998267	0.9740588253513773	0.8694624896613106	0.7838791918343107
0.9999314756091148	0.9913722093410803	0.9512347039778671	0.8571037712276797
0.9998177917329789	0.9785274011919689	0.8754504094228654	0.818955806888369
0.9997909076317907	0.9716181837145551	0.93119695573276	0.8511897730612198
0.9999453104353341	0.995242713011657	0.9630417808318875	0.880186688165153
0.9998384458453191	0.9791107792578909	0.927083774673877	0.8874238711101751
0.9997935444662372	0.9736968994679843	0.8543470471009562	0.7180337636833639
0.9999106370484837	0.9927999410282177	0.9680374628856344	0.8940134780145671
0.9997785576211542	0.9761183234378971	0.899081112394408	0.8078651209818412
0.9999005900258812	0.9862275509691617	0.9041707116762558	0.8594032115434151
0.9995970136951715	0.944149984046484	0.8747793254027864	0.8066898009968406
0.9995992539608245	0.94879931336992	0.7522249937208655	0.6840760657528029
0.9998726981194844	0.9894998388529501	0.9600263534400727	0.8584583734935702
0.9997376134926801	0.9677654643609738	0.8597709702777914	0.6950141943016462
0.9996929375217455	0.9638162872392773	0.8593632015095507	0.6490566338134531
0.9997519243636939	0.9625616275900448	0.7808796574965342	0.6222144567657514
0.9996927973700277	0.960123926210023	0.8940125188623959	0.8186869294800968
0.999903321661906	0.9876439223769258	0.9225694698750656	0.7594761517847374
0.9996854906989459	0.9675914434665155	0.8356423422444827	0.7636938807280071
0.9995728255766186	0.954108113811	0.7159837275414578	0.5728952562745786
0.9998030160969322	0.970271091200716	0.848251578577638	0.7820287474115027
0.9998759633543817	0.9806125363718828	0.93169613235481	0.8854678897970069
0.999772750076476	0.9726835267953048	0.8958920435219443	0.7568235599529572
0.9997948171933269	0.9713736838796394	0.86883121561855	0.7808755804023609
0.9999512854772595	0.9910398368595974	0.9651444179348535	0.9491732895238356
0.9997379320166749	0.9655721065812211	0.7934598298940336	0.7160527965714412
0.9995783455804108	0.9531840229867323	0.7435269646058373	0.6031891772366597
0.9996690411834178	0.9596795994619473	0.7824650068945619	0.6696451355984283
0.9998365559406451	0.9831844592296914	0.9328561595501709	0.7955140270039144
0.9997314426453193	0.9570066861791304	0.8498141004926713	0.7312933089656269
0.9998091476932562	0.9883575734061023	0.9350979689099586	0.8075560947306412
0.9998764648969914	0.981117017879924	0.89092440574622	0.8128300016104292
0.9997951976506305	0.9723902287214251	0.8396029469208339	0.7467100530178129
0.9999497823044511	0.9937571628439255	0.9520165764936216	0.8531235705340399
0.9999608041949719	0.9951732260861623	0.9659626516513368	0.8878439538264923
0.999866760582986	0.9863122770220155	0.9598842751381148	0.8821104903080992
0.9998989242068467	0.9859455137467521	0.9318201751745104	0.9060940040445654
0.9996938071749434	0.9473892510885847	0.8686540383608282	0.7323787442530901
0.9997074355667861	0.9533775001111707	0.817222323785173	0.7288079132005161
0.9997591322696447	0.9809161517759927	0.8916107446872844	0.7630452147284148
0.9998994181376604	0.9918221856411631	0.9563898194871154	0.8576293627139228
0.9997504373515911	0.9658717143891883	0.7832864823791454	0.7125125738199097
0.9998522333570676	0.9823065645202778	0.9116393816949584	0.79245554118435
0.9999048862917241	0.9877671354342532	0.9241711219727877	0.7951674246672412
0.9997957117671327	0.9714800360628238	0.8285344750724177	0.7343238847406786
0.9997632095343554	0.9684292232204639	0.8103647414228743	0.7352919470466214
0.999944642238666	0.9930297095791141	0.9518681001816578	0.8487712711332326
0.9998208564253139	0.973164038056979	0.8865896278047968	0.7824363547281216
0.9998265815600347	0.975723991079507	0.8910998891504474	0.7957986300263922
0.9999422898879335	0.9906564837230777	0.9360326716521626	0.8636967646513949
0.9997320303979828	0.9721202404101091	0.8469594431394838	0.8198475104449495
0.9998897500006404	0.9815552857501996	0.901499166146388	0.7601129664057783
0.9996380577885265	0.9675641650748764	0.8095400242259054	0.6563376186372609
0.9996530632177324	0.9578329467187221	0.8783707633163669	0.8344962683862011
0.9998024338906204	0.98286540730708	0.8969050433117854	0.7143864813729983
0.9997513848973266	0.9653040332714652	0.8747984773234696	0.7854415129889464
0.9996946109046815	0.9710480889790418	0.8491502807610833	0.6106067515955054
0.99966797224688	0.9559114082016849	0.889168062485651	0.7441387307823003
0.9999106845919518	0.9955186098990797	0.974786451729962	0.9226859675218929
0.9997287706691889	0.9628983682908483	0.8018788720798842	0.5955096830986596
0.9998096923555915	0.9814363274830346	0.9173454610716569	0.7560231881620385
0.9998383960617513	0.9817530918282297	0.9028908058546311	0.7754865355244275
0.9999369678871072	0.989730373762614	0.9409097057077453	0.9043301808729081
0.9996952073121546	0.9659499551631449	0.9157501312250181	0.7642477873825945
0.9996970960142537	0.9747689424838076	0.8765171106518728	0.7085810589127404
0.9998254163832286	0.9744296440184381	0.932327206713222	0.8731883941442303
0.9997208378096536	0.9637647183154322	0.8938953302890092	0.7894705860149084
0.9996957699086945	0.9617897959774948	0.8355593708812316	0.6803514180445135
0.9996600134860792	0.9569181118614231	0.7626304717666876	0.6035298462548053
0.9999382256753685	0.9903663013033128	0.9345677783436588	0.8471306959462029
0.999798903997149	0.9658197789164602	0.8761531258945487	0.776056676486569
0.9997291383355282	0.9808972080725874	0.881655900788138	0.7002678518519985
0.9997139721582164	0.9571645435363793	0.8807428963114575	0.789727323632665
0.9997910700463714	0.9801616849030608	0.8891077454835438	0.713472908638318
0.9997051320716918	0.964323818413691	0.8054975007237891	0.6872576654615284
0.9998173120898406	0.9756520686715592	0.924043961648089	0.7906399752986991
0.999823461248236	0.9766985674110077	0.8364881069695906	0.695977391722
0.9998568986511792	0.9872866914639119	0.9174827238457863	0.8809976203227464
0.9998157770819971	0.9786184607648853	0.914425387361721	0.8408738578983705
0.999929822001851	0.9859532387587697	0.9524341427107907	0.9264879403296179
0.9996013369270654	0.9587889820203832	0.7557302257754867	0.6473683409387716
0.9998768779109231	0.9824654111776112	0.9085149683530748	0.8299061518639106
0.9996856573031822	0.966278054325737	0.8160976822220364	0.7062330364892339
0.9995868941656157	0.9391270671614432	0.8338835740222142	0.7385254139685126
0.9997893889008291	0.9685181357278885	0.8518616697268936	0.7811891017985872
0.9999707787428342	0.9943928532592893	0.9570346599254923	0.8761241072715245
0.9999377537600103	0.9926744909972218	0.9558250998276859	0.8784143627183244
0.9997886087190789	0.9832693396986858	0.9237563740333712	0.7943876824987542
0.9998432530119268	0.9795062837083652	0.8617211085122506	0.6769305849332566
0.9995677008800241	0.9470683759074191	0.7501662449192531	0.7139714450217655
0.9999799813944242	0.9978606821501589	0.9813350512797575	0.9369601978467537
0.999872922234154	0.9794899597494267	0.9407028249501146	0.9033454248947701
0.9998898411296457	0.9846441852496034	0.9467732674203249	0.8879332117301648
0.9998738714505367	0.993513312639213	0.968055379584901	0.8860017836163798
0.9998208904445933	0.9683551852367853	0.882429715358405	0.7967944836365265
0.999789059064781	0.973888786014612	0.879664727007383	0.8583669010765099
0.9998814060537898	0.9814491065298113	0.8894257538400286	0.8371936212787399
0.999641550062605	0.9636862086129356	0.8307706650533708	0.6760244522612708
0.9998798770518649	0.9846720100328105	0.900314864288956	0.7489061957585086
0.99998512968791	0.997002382064617	0.9813425752469995	0.9470783853734729
0.9997697650775037	0.9777568198315812	0.8773709116567566	0.8535835620180013
0.9997636285528523	0.9709956273854959	0.8065204498340913	0.6963424743731488
0.9999584825453394	0.9928636256489596	0.9494444336396631	0.8258788589534469
0.9997609065289274	0.9654067595343264	0.7890216395750154	0.6994500783005098
0.9997589927671848	0.968287838952748	0.8553735805090704	0.7598718682286231
0.9996856194961009	0.9739650815089494	0.8803482940730681	0.6973867501653164
0.9998620360709258	0.9900713039529856	0.9486046138079173	0.8252887513377346
0.9996410456432089	0.9446363412581864	0.8221116926936136	0.7703328577595211
0.9998631332991365	0.981351185879091	0.9218708639490292	0.8592261817256872
0.9998617030604965	0.978389739106117	0.9086443753617204	0.8199735382543083
0.9995837702726005	0.9582554640487839	0.8206760544296439	0.6844888890385171
0.9998211119110512	0.989961485842569	0.9536707187269945	0.8967154392367913
0.9996968519837209	0.973166050454111	0.8788841330245613	0.7040512540261258
0.9999237700511656	0.9905537750255597	0.9493587089832439	0.8687628231308494
0.9997382249068513	0.96362136584963	0.7913554797249712	0.6600203622408544
0.9999431565373869	0.9917595440169096	0.9435430968254831	0.8440345427441297
0.9999364342439758	0.9909331356825878	0.9274431404385071	0.8375537023211526
0.9997290625192619	0.9609141134445229	0.8210734716455718	0.6859593947761211
0.9997491027554525	0.9734357165859868	0.8741822192252	0.6764333099976972
0.9997096303737162	0.9636628102504625	0.8729319471106295	0.7236371396090948
0.9997954601725556	0.9788014373271595	0.8722530523255406	0.7934339072077383
0.9996385815585711	0.9520272640871406	0.8172457192416134	0.7865341431504329
0.9997191692353393	0.9607343874855828	0.8712834440616047	0.7766607812951488
0.9995201161270033	0.9389968669461715	0.8094592854471716	0.6298979236976204
0.9995489321428542	0.9583207585101325	0.7904151721446654	0.6194799209463699
0.9998628490213529	0.9874617023351688	0.9260610271222972	0.7781374151604915
0.9997802758136799	0.9683419319430903	0.9330056074704569	0.8693860365499362
0.9998762743496201	0.9897308844007527	0.9199787354153984	0.7909271033728317
0.9995652584475047	0.9517495463478778	0.7781216922766292	0.5405199968873924
0.9999342968804837	0.9907638978089417	0.9526591001334448	0.9070635388952908
0.9998519182874475	0.9827118721390566	0.8863519830630084	0.6924839041836993
0.999527767937166	0.9446407952810422	0.7334188431178835	0.679137699332289
0.9997803559535209	0.971656297236618	0.9024930784003288	0.7713431302654048
0.999746152404149	0.9687522887653627	0.8824504307041506	0.8176619144383258
0.999823089247613	0.9728268008425709	0.8243208648390525	0.7574930580166547
0.9998333441693931	0.9814640873951139	0.8679761333946954	0.6842615737497472
0.9998425001214594	0.9740630758134838	0.8772906255185902	0.8021458315879421
0.9997473452998865	0.9637580188704493	0.8596994132658174	0.7713146739646454
0.9996745817073674	0.9539332145984072	0.8435259367547258	0.7527186565350096
0.9995789992541148	0.945594329442022	0.8101188284703928	0.6382229128303686
0.9998348127206289	0.9833346250852054	0.8888218896917923	0.7015454032102235
0.9997996033217427	0.9797988726005031	0.8889021891446978	0.7831013219981325
0.9997637622897332	0.9734882757313114	0.824148972953831	0.7888951422086572
0.9998360077404838	0.9797486503816805	0.9089522154560022	0.8015169043374759
0.9999507676759953	0.9937849220347633	0.9664263088010898	0.9132941350532494
0.9997737387240858	0.9706432587353762	0.8878444946453087	0.755584995500024
0.999902733670343	0.988527923389721	0.9129196358305744	0.7391940429620255
0.999736700620665	0.9654307994733615	0.7726577225193004	0.695247228364826
0.999683393806758	0.9543254508525932	0.8427196899250274	0.7087361893760685
0.9997965668440619	0.9739000059581916	0.853881563987781	0.6228315757513501
0.9994545256798991	0.9410209199420361	0.7404076772500991	0.6803320753664905
0.999783346267819	0.9804440962841943	0.8957822464969686	0.7175471709477044
0.9997507427600086	0.9744400649699524	0.9267150601710591	0.8844391361481584
0.999774145053218	0.9716453685848869	0.8226380092630502	0.6074548553862735
0.9997314519836268	0.9589912163457233	0.8829501213286971	0.7146875895601993
0.9998147966767081	0.9706410864579239	0.8901051599380662	0.8459091989616848
0.9998267847141166	0.9758049108513922	0.9170545815302865	0.7645468725512125
0.9996717798549248	0.9577556758601814	0.8007937281083815	0.746259294949123
0.9998694591190053	0.9867164427207462	0.9227771705175425	0.7688404030388626
0.99996943750302	0.9958080911635946	0.9679246339620353	0.9258580252398771
0.9999081853928382	0.9889209904396257	0.927834757255735	0.8447475757637651
0.9997902318641276	0.9800612230847779	0.8708835007914089	0.7030223718071218
0.9999163406597339	0.9879944699233518	0.9420526133853785	0.921600014786914
0.9998361169901248	0.9821223740908142	0.9268239380164787	0.9182701061945918
0.9997170679509176	0.9755859496194481	0.8710733364036201	0.7989148916467292
0.9998634678708461	0.9838326167933396	0.9029428837701374	0.7516456652223812
0.9997512333645627	0.9646850827841311	0.7980675419384876	0.7159521049404242
0.9995935171629458	0.9438688938812837	0.8548934842933256	0.7911268662148092
0.9995428833677695	0.9352361368492749	0.7990269247445387	0.7670810368567731
0.9998762598030818	0.9846850255553504	0.9036560975465235	0.7457230743531807
0.9996011455013087	0.9480778609461609	0.7322841753834388	0.6038584049185017
0.9997719267452921	0.9654539908811147	0.8600733849931574	0.8135444220106304
0.999737724964263	0.9595524868580096	0.9063987467654354	0.8305005469080197
0.9995251524146924	0.9452285156078043	0.7245325651353863	0.6201265242143966
0.9996484230645565	0.966457452838351	0.8922338096019701	0.7382410618299272
0.9997786250976747	0.9694112102498088	0.8173081789149026	0.7370539951720826
0.9999109684731506	0.9903039907366649	0.949490059764408	0.8690288160592063
0.9998016136288496	0.9720092437332152	0.843620601025654	0.7632595316928328
0.999624072832619	0.9649811309511013	0.862955773888606	0.7519540179389121
0.9998677578324544	0.9799284946434298	0.8696556375636747	0.7788913224327654
0.9997121060891275	0.9775801204338977	0.8818019024695721	0.68590805786991
0.9998252999576102	0.9701512273950134	0.8140976561245445	0.6944152165057587
0.9998702913227308	0.9824467010939296	0.9270402631846194	0.921721630673992
0.9998667632118834	0.9829030913516614	0.8988127584947977	0.7444530805973146
0.9999264254120209	0.9907014259474667	0.9385687348013253	0.8092913275057929
0.9996321108599443	0.9594805185402148	0.7403349120425886	0.6226946460293401
0.9998826098935035	0.9759115379184877	0.8736357699914837	0.6632757331896124
0.9997775630741258	0.9732317116303077	0.8413567908138708	0.66756550722073
0.9999099635745746	0.9876432698554868	0.9390758534670485	0.8592399920535858
0.9996861553578619	0.9566302984284786	0.7490390954354171	0.6911485103604896
0.9997946958131465	0.9827858268608438	0.9151055088863672	0.7997575568582408
0.9999038803087439	0.9876783073756231	0.9592996432369859	0.9045119333152305
0.9998638510206229	0.9759480198634076	0.8826638889590299	0.8213745684229842
0.9994767395751378	0.9340486311522522	0.7505792292754265	0.6081525026997532
0.999675122216041	0.9632511108089861	0.7923355519078943	0.665938965363579
0.9998804602644594	0.9899987993043695	0.9249948951636825	0.8299615922383409
0.9998245437835968	0.9767264432559173	0.8861602151814147	0.820177495238904
0.9998645180086188	0.9832469315560152	0.9211025185051023	0.8037907973290497
0.9996832396985952	0.970015534783123	0.8614937212360656	0.6364183640352424
0.9997937342942449	0.9797541988457367	0.8924159961659989	0.6612589071440736
0.9998763151210356	0.98708306934395	0.918299052987738	0.7809931616611127
0.9998618558666712	0.9918826999640311	0.9526082325477178	0.8431612558824811
0.9998788275837974	0.9835884376206789	0.902971832969898	0.8386101212827793
0.9997764791343963	0.9709463842541508	0.8229041214353658	0.7555835825396271
0.9998046365621457	0.975014604452337	0.8341792179252626	0.7278034653203856
0.9998855684454457	0.9842801749247896	0.8958100844316452	0.7685694927204921
0.9998548220936994	0.981101909412751	0.8939305210532082	0.7482474238254352
0.9996904051219376	0.9609722551170603	0.9252876936317598	0.8090264355889031
0.9998493543455487	0.9835017295040975	0.9260718166875064	0.8393543596492442
0.9998910043195217	0.9887504826553821	0.939428836730873	0.8031438042055797
0.9995410136244507	0.9360517356531092	0.8429345911024855	0.7396227820852519
0.9998972132092722	0.9845009613810217	0.915676467447789	0.7831993085147388
0.9998519297578229	0.982324383271717	0.9256303684510239	0.8165363813189533
0.9998862033782632	0.9852907036547459	0.9268289952566626	0.8689348694479199
0.9997433777936953	0.9638525432901636	0.8470801700099525	0.7080630892591051
0.9998166847320116	0.9747846242883336	0.8441807823687193	0.7841837833218855
0.9998683961073599	0.989450168001928	0.9191589294531763	0.7841658063153317
0.9999214087242442	0.9924813200421292	0.9382250222440167	0.8961596427397786
0.9999213810887874	0.9893439695302025	0.9209360676035053	0.7707273110630655
0.9999263132409322	0.9866957413407597	0.910410603807437	0.8626861583727901
0.9999460103325095	0.991053093611939	0.9391138488281243	0.8850602896529288
0.9998112861841845	0.9837802177861469	0.9078091183503475	0.7518416667325696
0.9997350479853856	0.9650665111999813	0.8862763474755012	0.7513010105291468
0.9999564355798574	0.993676153897443	0.9463837778356814	0.8652179173117289
0.9997145710219348	0.9625514922921957	0.7436547721768769	0.6744832993076056
0.9995200258544797	0.9447667252656554	0.81077265159129	0.7534687198629006
0.9998476871927442	0.9796830669900609	0.9293280979466614	0.8010591640074074
0.9997440924816017	0.9612783173162711	0.8565240727751829	0.8422006085233074
0.9998040071944723	0.9740782383364575	0.839316470643764	0.6701213148039862
0.9997448587458577	0.976015101642858	0.8905410618562942	0.7454547257637701
0.9999083490890878	0.9843917424456426	0.943235210579527	0.870397469098169
0.99978580760489	0.9707363559064794	0.8464919600282643	0.8069668491716471
0.9997816642244234	0.9676921664855505	0.805806318327232	0.744074671345618
0.9997858614812088	0.9809637282174657	0.887384485129991	0.8615814144688676
0.9998510120076799	0.96699663498769	0.8129734930502528	0.7031971653370995
0.99978597101689	0.9812481989563194	0.8960706694186468	0.7131514398637795
0.9999012019047411	0.9850495845421382	0.9083645613462114	0.8510282197378171
0.9996685025389075	0.9667091778581353	0.8257155979605211	0.6012008305865129
0.9998302954140462	0.9808005617014935	0.867010361007399	0.6857796136254524
0.999854557474375	0.9823254732319878	0.8950071839847384	0.7302882411793233
0.9997244027114018	0.9641994819755272	0.8238427365151091	0.5912231809416977
0.9998893153448275	0.9881035682040835	0.9286716346421844	0.7931084588096444
0.999785805735874	0.9857284611083703	0.9420873648464864	0.8184602612893151
0.9997174726517364	0.9683778360530708	0.8292161890325728	0.7366649377427856
0.9999392335032162	0.9926620792253733	0.971854292362235	0.9259754869014639
0.9998843441526405	0.9906876119072339	0.9564440144577967	0.8698330596990484
0.9998224335535822	0.9742912923690181	0.9087254377262092	0.8302226614651915
0.9997548528915217	0.9743109850483083	0.8850003279375989	0.6992230774555591
0.9998314493691159	0.9696703847745743	0.859253548668407	0.6492757509745927
0.9996620593555602	0.9448871727511743	0.8168429367367829	0.7719265887900173
0.9995384615734444	0.9475111416041518	0.7251005293269069	0.643470086498321
0.9999134298191233	0.9935683115624416	0.9702885687446697	0.8826047655048205
0.9997463434036543	0.9767218202648642	0.9158003341672438	0.7823876324064024
0.9999555183956362	0.9933145449546313	0.9443615611011974	0.8927228162171255
0.9998220071335046	0.9741030221969035	0.866956394891195	0.7855920488554855
0.9997482675166163	0.9610039280233523	0.8212910318781118	0.7672736756114518
0.9999654978784831	0.9948537041620105	0.9615631930166244	0.9050279170214707
0.9997181610383524	0.9717911109829539	0.831959954736594	0.7806697879986647
0.9996122506602377	0.961375250150192	0.8408161635909946	0.6182197744108217
0.9998509852953819	0.9871080786918305	0.9221019169214817	0.8044464687441997
0.99954235288594	0.9593720587611195	0.7992077671489697	0.5285699058021003
0.9997909829267533	0.9770439877216396	0.8836679218809594	0.8198188013251422
0.9999123040621833	0.9882029650349566	0.9284506085934647	0.7763621392264657
0.9999035952495433	0.986824836359529	0.9450697993163564	0.8484883414288731
0.9999524260239565	0.9906939662621181	0.9424041158224841	0.8785979183937843
0.9998383075739534	0.9774325644063963	0.8830347848464399	0.7725258266482156
0.9998679492774181	0.9819060128535079	0.8772173447715838	0.6841690439493584
0.999885365407384	0.9886106401683319	0.9350418283774319	0.8056001532080412
0.9998094555995484	0.9672811095039687	0.9045718176018624	0.8181077462570346
0.9999196350484829	0.9909731029417838	0.9368027228702864	0.8099566307816386
0.9997780622826175	0.9719975256290518	0.8443723794559234	0.6462715831644966
0.9999605952888792	0.9961057509252634	0.9750951214765269	0.9234335275493115
0.9996590296822785	0.9563880688261579	0.7500340599426852	0.6631327481768813
0.9995898401822	0.9479525929917875	0.7168361762383831	0.6528341331734496
0.9996997302725495	0.9707001454028141	0.9078097582548985	0.7303241920233629
0.9998682303243572	0.9808007831698187	0.8998651032822447	0.79321951091977
0.9998886631390914	0.9865487660534307	0.9626725599105478	0.8996143962923321
0.9997705844829693	0.9621161233757902	0.8649749188283091	0.7646867614398357
0.9998810222502347	0.984485024725449	0.9026277362777887	0.8074757032417086
0.9999148305274277	0.9878494861794119	0.9195284234223133	0.7614253108200205
0.9998454867670096	0.9908398905454145	0.9437597262740229	0.8333657429429822
0.9998862457717093	0.9874728315699229	0.9344757445408647	0.8817773405462952
0.9996597816226545	0.9464449759451635	0.8124612677171811	0.698817088327215
0.9997063162062015	0.9647099460463366	0.8270659607678145	0.7599952620684962
0.9999134897821707	0.9901111312830364	0.9358793896628141	0.8948234289660687
0.999913512378837	0.9908567076849903	0.9402996379780223	0.8175085782763192
0.9996044510613198	0.9590045375686417	0.8480296050250042	0.6292597349976822
0.9998501949188262	0.9785961600547198	0.8618604087374975	0.786412968331642
0.9995924996862576	0.9507378390138991	0.8458675413678888	0.7651453637736964
0.9996369839187256	0.9576690140144303	0.8093491509368105	0.6340168567225957
0.9998469730457126	0.9840501729174024	0.8918940238941645	0.7063108160711222
0.9997342559354391	0.9684411374932436	0.8229763646804326	0.7209888287528406
0.9997972523991734	0.9770743373778713	0.9025185466278347	0.770306831984486
0.9994484662523645	0.9323176455669192	0.7162762438933807	0.6386874022970439
0.9998199996980442	0.983011415832314	0.8773840730618582	0.8094501299697869
0.9996115799369167	0.937968889526209	0.8348160799500801	0.7342844540231602
0.9998687952812807	0.9806546886558445	0.9062273351160152	0.8748626231130685
0.999933915081772	0.9932240980110619	0.9673852292817593	0.9091894067514814
0.9998799766603488	0.9926641091817973	0.9549305204179585	0.8482870966680939
0.9998175006318812	0.9844506172704603	0.9376951201568686	0.845832211088809
0.9998800708905422	0.9851106718931851	0.9455009453441718	0.8727271430090769
0.9998399035708052	0.9832001687489652	0.961565989390276	0.9237564781253701
0.9998074381607654	0.9863439081653088	0.9008166169189925	0.8256431019582472
0.9997055929273225	0.9618115096821438	0.7780494933231068	0.7057610429510803
0.9997530194927097	0.9611417445985814	0.8629981414517697	0.7296323356879736
0.9998759601562257	0.988677829494266	0.9257246798463207	0.7817792485163407
0.9998551575457688	0.9774120056615413	0.9440351471475346	0.8581743861257846
0.9998299085391983	0.9850993362073325	0.9181606153093828	0.7720128302527725
0.9997929281506828	0.9901720069351184	0.9489469327101282	0.8388338495911221
0.9998973930539011	0.9943778033928589	0.9671629326494162	0.870661645276864
0.9996706209744005	0.9706147967371436	0.8164031184855471	0.6574070912043879
0.9999229042640787	0.9954045572183736	0.9705122859318985	0.8987887638351351
0.9999413653190046	0.991997865329977	0.9518119562916816	0.8574584668818598
0.9995947513062474	0.9426333879682833	0.729192981399732	0.6392171094054011
0.9998917592560194	0.9896863026324275	0.9380710479550943	0.8006590511281837
0.9996613376773698	0.9428500279569887	0.8715389024621952	0.7818557469954517
0.9996921338323354	0.9633651846070311	0.8224105346822637	0.8174186149939292
0.9999323177631847	0.9860715911213309	0.9214872792902314	0.7119243483387184
0.9998457135439489	0.9755963559070274	0.8626866482773776	0.8104340016619171
0.9998789561994083	0.9887777701428613	0.9397458165283331	0.8458588513032986
0.9999057006833114	0.9842883289977875	0.89701349270988	0.8251160196963642
0.9998880398231016	0.9835699199611504	0.8979520977691546	0.7338482005410251
0.999675530982949	0.9503219170713196	0.8465885905362138	0.7315218288739739
0.9998284238766485	0.9794960063517484	0.9282400791013052	0.8432481678646533
0.999773073984424	0.9687902409908435	0.8770902588513949	0.7489852130261778
0.9998739712371063	0.9827014861085759	0.9001765187102289	0.8448475919147658
0.9998804606209147	0.9828777136385027	0.9097795241517084	0.8649310191560724
0.9998210120357929	0.9809209601337109	0.92443185180816	0.8897060177625221
0.999902395538251	0.9930472167112293	0.9538933270086601	0.8359149449631471
0.9997424450785614	0.9754593175473792	0.9030475605258552	0.7458528031729444
0.999777039244764	0.9717385064180427	0.9010575906479127	0.8848806372220163
0.999706138190604	0.9688214543389021	0.8278550357885086	0.6443010001369528
0.9998115200383264	0.9801051888555243	0.8856536542822497	0.7076360891723092
0.9998536802490667	0.9823659868032348	0.9019660432051069	0.747748260345147
0.9995575237344296	0.9492200466141404	0.7774790646987821	0.6271066571761417
0.9996631679416712	0.9673622693598686	0.8139283072319236	0.6641901450026154
0.9994964967287081	0.9467449463579314	0.7080716326339076	0.6321248657100601
0.999936535554275	0.9902292211477562	0.9390878909834778	0.868170247930034
0.9997601142921997	0.9669987950378921	0.7977594276810392	0.6882356698429878
0.9999534187589233	0.9950524028257928	0.9623637396831972	0.8838877719632775
0.9996975123428575	0.9609079004520514	0.8114854287667195	0.6656131736542867
0.999697493766832	0.9564688987982641	0.8968301851715614	0.7981182911774988
0.9998357586658363	0.9748968740981153	0.9229295822237434	0.890920854511619
0.9997211301863038	0.9624467305442588	0.8709495845559738	0.7656219813075859
0.9996371891967147	0.9589265195186943	0.7520490742849414	0.6450262155262914
0.9999765851697887	0.9977939534001817	0.9832359433485843	0.9474395163632018
0.999823385265843	0.9888279079550096	0.9390047205727576	0.8159117816467312
0.9997724709767106	0.9663524211087207	0.9167987184142298	0.8413152868973691
0.9997133075117757	0.9645142205190925	0.8437474325425116	0.7631092999356837
0.9998347648313943	0.9807761103605277	0.8677149121928235	0.7946144792351125
0.9995120217168086	0.9342851513946145	0.7663649380970523	0.6229026820065159
0.9999531590919134	0.993330448691177	0.9518754659642493	0.9054444885267359
0.9997063729585198	0.9605348369810279	0.8869409626956417	0.7536306908685467
0.9998428517214468	0.9812356665713595	0.8920937974664762	0.8328418246132521
0.9999655546276639	0.9953819783286485	0.9651623360951106	0.8965719280073318
0.9996977811960119	0.9550477102688374	0.8156353459252939	0.7687255677289503
0.9997552139810572	0.9675035953168419	0.796028305047276	0.6742823923376966
0.999663325021123	0.9560277329108303	0.7673761546730136	0.625281517705787
0.9999386948848382	0.9939289859319506	0.9641991843902681	0.8920671557418807
0.9998857506714166	0.9790332909988659	0.9319219299305426	0.8447631571875717
0.9997291369350868	0.9707834442735639	0.9133353736800728	0.7617224071438059
0.9995878718878494	0.9568760445022364	0.900913128804298	0.6830057284610274
0.999755413510999	0.9631321050603722	0.7994732120149449	0.7358765986378278
0.9999132388144288	0.9857774550508211	0.9132084851636806	0.8565863540704787
0.9997505975745875	0.9708526143093013	0.9138628617397392	0.8447030902451141
0.9998051026234586	0.978223923786712	0.8766361951146064	0.6475754681016651
0.9997513988224014	0.965676802225192	0.7867597435045621	0.68201293998733
0.9999583406214199	0.993846525228699	0.9606184284514979	0.9364277500065651
0.9997016576098605	0.9552434335905307	0.8603496697044917	0.7430946603579431
0.9998822269443627	0.9841575293662731	0.9419176958609495	0.899107361300112
0.9999307645155648	0.9898665925495124	0.9483362946934244	0.9200495131750831
0.9998007312909474	0.9802485613873912	0.8906368226117374	0.8542130558826503
0.9998370210359451	0.9759790705486667	0.862689189688871	0.7691517881909422
0.9998177266033133	0.9848181045142642	0.888370760914579	0.8368580076920844
0.9999592976664285	0.9922692494573865	0.9373666635309482	0.9056037642632073
0.9999062381697262	0.9872521823199899	0.9564646372618183	0.9304875160244641
0.9998875801455214	0.9887723991240626	0.9307789130652858	0.7713183863399093
0.9998455542031941	0.9829843617986294	0.9406746238710901	0.8578384282123519
0.9995715431404227	0.9477068621193233	0.827184495303548	0.6550420446821081
0.9997426731577854	0.970510397941557	0.8818590572642048	0.8526852877641187
0.9997339451069682	0.9613235374114516	0.8409742519707748	0.7537892708163471
0.9997220197369392	0.9615935747711887	0.837589290318222	0.7148610840007691
0.9997936770995902	0.9715845332200526	0.8808356205741759	0.6402776202816083
0.9998683156702679	0.9866224992292547	0.8983615361465066	0.8239508821368428
0.9998460130938304	0.9875729948295342	0.9284543518726117	0.7766750648519353
0.9999328622784044	0.9900125919943134	0.922575047091423	0.7809489558884023
0.9996313495521116	0.9556487541432096	0.7848794743762453	0.6952294444347393
0.999815547183311	0.9790123485754251	0.8994742463754892	0.7717207167118623
0.9997876947557842	0.9787132181930788	0.8882692421660625	0.7100768810671505
0.9998910013154588	0.9842012612580557	0.9205562895578661	0.8350200105659217
0.9998842103643845	0.9835834882736194	0.8944141374169619	0.7578562657031194
0.9997983892603098	0.9775776796496143	0.8976956249904919	0.7817163192762392
0.999876875450541	0.9814530287706308	0.9318831762631414	0.8733592016010049
0.999861856149849	0.9871242771282858	0.9097463161683538	0.7938528877070223
0.9998918539830013	0.9861138876937673	0.9164013527590917	0.8927948653508746
0.9996881953827174	0.9617338084640007	0.8812667175507424	0.7732055524990132
0.9997269886593628	0.9687890669668586	0.81746946392481	0.6497475469837263
0.9999593549223414	0.9968475587216818	0.9796155706190917	0.9312338540386854
0.9996961877130781	0.9667307341837699	0.895264962216142	0.7385584138810678
0.9999086078593854	0.986602136746896	0.917926328148982	0.8318577465463918
0.999769851714838	0.9824939175016091	0.8670919083270733	0.7605815546138198
0.9997453335647152	0.9806973054013506	0.9145512155931413	0.7446339675071884
0.9998505685894231	0.9847529241690123	0.9479311452704421	0.8650571077773905
0.9997850813027239	0.970083817686623	0.8981410886418747	0.7969380056311368
0.999828146428115	0.9803408485968927	0.8782785963319615	0.6666508551385018
0.999879217921191	0.9822237539603869	0.8801434563087915	0.7894326368668749
0.9997265492294567	0.9573276813927997	0.7855717839021091	0.680824147295881
0.9997519931950115	0.9580981912229285	0.8650157643128216	0.7328879483791286
0.9998648790030592	0.9860209879156587	0.9223208706724387	0.7840761211105179
0.9997798672857756	0.9696593794886517	0.8064212641863122	0.7241222062310293
0.9997771237890002	0.9692882675412665	0.8176721889007328	0.7120598999230404
0.9999505763303517	0.9926692193796791	0.9569327334323396	0.9243002596432637
0.9996917547391917	0.9585231854204441	0.7819705140818801	0.5714786168662658
0.9998028756028134	0.9814339553398024	0.8828156810352946	0.7192396302166891
0.9996980255842884	0.9613429616395994	0.8233892802277921	0.677054951893467
0.9997325943426554	0.9537589263069054	0.8766665894419678	0.7309266478579496
0.9998628391795465	0.9773041009442096	0.8609343723253527	0.7927034502715141
0.9998629668687354	0.9862483884069503	0.906785228841426	0.889176505336886
0.9998251048432201	0.9752387788135044	0.8902252194635984	0.7962407172445817
0.9999208165251621	0.9874969214189574	0.9263617415091621	0.8606711809360249
0.9997854369780462	0.9698759154446094	0.8422107446246938	0.7715132906869131
0.9998032580203438	0.9701419661570688	0.836894156752813	0.7415530424684438
0.9998191220125873	0.9747872084354966	0.8480606663137702	0.7896482260444794
0.9995876420293434	0.9371444328952425	0.8457208846033567	0.6389172224267924
0.9996251773303931	0.9568254701335467	0.8263156303247379	0.7149628356135654
0.9996932054821767	0.967752385487132	0.802877243716422	0.7028543260752063
0.999831693078689	0.9775979452487639	0.8992338095947308	0.7976236091604428
0.9996976110071671	0.9652213934622541	0.8184957261497775	0.6704696533767266
0.9998002908567486	0.969196523234915	0.8741999497658992	0.8016138873879765
0.9998765618979073	0.986677388782897	0.9187242868660391	0.7725370443144246
0.9998135856760109	0.9897304756108809	0.9446686469763467	0.8386896095012581
0.9998780795320958	0.9793997373640783	0.9041626650054141	0.8685989309322332
0.9998528765596811	0.9737972154911142	0.8685823493186526	0.8085700177996828
0.9999508009245152	0.9957794432305201	0.9712499678669909	0.8981118658676538
0.9997977645458581	0.9642028305373739	0.9042221893957183	0.8319257592297942
0.9997134812231736	0.9555405138402554	0.8529006837336579	0.7025744413921747
0.9997695971305429	0.9716775820680718	0.8351648250472633	0.7531285428160772
0.9997153535260406	0.9771855025830605	0.869147244633812	0.6533282210858427
0.9997651003978308	0.9721618295093417	0.8341182873514656	0.6723804197110276
0.9996346888991987	0.9449142401812645	0.86623190697633	0.6727491048259098
0.9997674078455816	0.9865226274410991	0.936380105614814	0.7932071407395966
0.9997332633201308	0.9614243240400675	0.8173804339451763	0.750831400103078
0.9997631911468616	0.9776938310723369	0.8866448449478305	0.7168458066884642
0.999829494120765	0.9764636022079013	0.8879591727182633	0.8539913893798217
0.9998275956359555	0.9826383843477279	0.888239352899579	0.8350544215761472
0.9999210544372323	0.9917111756813244	0.9425900419086954	0.8209734101378836
0.9998537021502663	0.9811340252382331	0.8842620502663332	0.8157305478952136
0.9996177433749107	0.9578514686590132	0.820036215888036	0.7839523091483508
0.9997199749855062	0.9661688800255374	0.8603044697574171	0.7261774149619041
0.999829708475027	0.9867556130784175	0.9071248572931215	0.8209812774555151
0.9995575678826447	0.9582135279863206	0.7800548294861668	0.559508480203275
0.9996691069276031	0.9624537665219267	0.9036658735950551	0.7313485664133824
0.9998495918064463	0.9868875925941639	0.9216434208781048	0.7879409026864262
0.9998203849372094	0.9722001324270776	0.8859850835253108	0.8207421663133717
0.999889946994788	0.9873550590477954	0.9198232264285706	0.8840178935031345
0.9998738181446479	0.9876563107694463	0.9372813084998386	0.7978583130064528
0.9993999463964643	0.9324851902871167	0.6943067884735092	0.6467690417013596
0.9998187496064787	0.9711068956073812	0.8692462775137263	0.7798805351120655
0.9997448035384968	0.964466360070395	0.8899743783925725	0.7262442722932618
0.9996439974981185	0.9680587022443937	0.8429810929371635	0.630506175785976
0.9998952474148596	0.989591898959432	0.9603814695634422	0.9259993275293051
0.9999315600806774	0.9894219676721239	0.9349031265057436	0.8188295476812606
0.999658834702301	0.9463929190802367	0.8282853269134673	0.7811680417755085
0.9998374512375462	0.9885906745953308	0.9378328315806678	0.8553261993249275
0.9998118355597999	0.9882639451897898	0.9378552164725177	0.8153610660450362
0.999868739585526	0.9817557380744792	0.9030463697725837	0.8512907995766785
0.9998378841896801	0.978111380050884	0.9042466286481923	0.7446188527042865
0.9998861689519929	0.985467310031656	0.9168847286307404	0.774956577639879
0.9998468008201636	0.9883395198240695	0.9395589318391314	0.833148515547432
0.9997799262007261	0.9697171447295816	0.8680811097125444	0.7933342436631955
0.9997522402722375	0.9706974518033106	0.9192722948713833	0.7924714931104818
0.9998223139193255	0.9735102733005653	0.8627134872968789	0.7943576263305548
0.9998512068446017	0.9805048902990111	0.8879210084203326	0.7431310781809938
0.9997631978603314	0.9659692596887356	0.7941746385937122	0.7109306470161763
0.9996197496268706	0.9695069418967674	0.8429432074702606	0.6648065474402893
0.9997032182704331	0.9709937657030016	0.8582603856807608	0.6549941771236202
0.9998443795168107	0.976376244073258	0.913163261229883	0.8162670416158792
0.9995888195332656	0.9655648272077341	0.8208082050061816	0.604468467344852
0.9998572577621471	0.9792270378370977	0.8788102305713882	0.7988427681999007
0.9998200653540321	0.9858928395863675	0.9130618281101671	0.7747476657640832
0.9994970498462045	0.9336456285827239	0.8902187014372609	0.7262762058470881
0.9999402050353845	0.9944000360343527	0.9675143879422102	0.9051263736419058
0.9998337012856923	0.9884610804209949	0.9409294119679678	0.8175050797885433
0.9997125454719918	0.964463647063487	0.7782966276375903	0.6621816784663309
0.9995150631478544	0.9384871027360115	0.7114195214291026	0.5874470819102715
0.999714074322303	0.9627171824648078	0.8700021665887774	0.7704356605748719
0.9998785219188069	0.9900293397998374	0.9351610453271074	0.8158023155864572
0.9996798966998024	0.9650667333624091	0.8803228661749783	0.6940604181999724
0.9998276235991969	0.9764030454168228	0.8320477510703643	0.7336449884449956
0.9997481698555029	0.9631061456570953	0.8590679951900541	0.7614703090466636
0.9999522518298115	0.993964256366333	0.9507275285403896	0.8251924736242989
0.9996477659366272	0.9550446633700347	0.7783034618503035	0.682782801970814
0.9999386762690876	0.9903290121184125	0.947882036890392	0.8825266698640697
0.9999542222116233	0.9940923001002338	0.9566427103899174	0.8661695926471721
0.9998039351224263	0.9872966781788177	0.9181328530401692	0.7158049705504951
0.9997265947931733	0.9647587034623935	0.841029690160793	0.8008054514264235
0.9997125819521865	0.9699684095763924	0.8350785311762028	0.6193309903289606
0.9995689278666179	0.9437200177630797	0.7371866242471259	0.6371283771845514
0.9998007924284265	0.9841385125724034	0.8997262468969736	0.8738279623174111
0.9997482127904359	0.9624415959220347	0.8290822170078386	0.692393669275207
0.9998553522657693	0.987123115103146	0.9184949670918652	0.8646044484405253
0.9998089130268144	0.9732389577336192	0.8171080391022411	0.7176833170021548
0.9997969317781851	0.9874797099523105	0.9344435378405728	0.7554072274606456
0.9996934232096968	0.9612836439171931	0.9289810773444581	0.8060389672383453
0.9997195425298737	0.9683427492638835	0.8182851929522986	0.5899296288489934
0.9997587255061324	0.9829274204442141	0.9275244973340377	0.8327792016743448
0.999871912320205	0.9831525105521569	0.8926411944430581	0.7100768827421878
0.9995844891894604	0.9363770399407432	0.8322729933550779	0.7217012182693476
0.9998886855134662	0.974764239870677	0.8580903937627593	0.7109492686959062
0.9997638882252708	0.9666762952953204	0.8513304696971612	0.7378244047302449
0.9998432251657948	0.9787948388142835	0.9273813232148257	0.7849470593981176
0.9994900007731605	0.9584487613620618	0.7776206310813613	0.5358718045469689
0.9999382193898861	0.9937304916687668	0.9596383846636496	0.8867130519596224
0.9997619590998102	0.9790769480320937	0.866908668254029	0.6579995415894391
0.9998524487339571	0.9808125436199061	0.9194383856518176	0.8965158442414236
0.9997253942824351	0.9760309297941954	0.8718663255947082	0.6870323914076103
0.9998474260920466	0.9780516703636221	0.8505510434013149	0.7227597645193083
0.9999306290823117	0.9921810438366727	0.9510307938030981	0.8676797744765445
0.9997297233882598	0.9644793429113255	0.8002167210827222	0.6132340164125321
0.9999315493582974	0.9909233442462356	0.9522214398272353	0.8806169098342373
0.99992446114136	0.9873634585148965	0.9197462879828895	0.7909568326404237
0.9998820175380199	0.9837239762605505	0.9393387663196444	0.8750517118375466
0.9999502439881339	0.9920348194508838	0.9540808145557227	0.8953760961885701
0.9996704582198302	0.9531836663672615	0.8665683913794058	0.7628024257626561
0.9998541249466931	0.9893628761508726	0.9345782220705202	0.8055469060395096
0.9999565825772992	0.9926908711999506	0.9571989285082717	0.898863568870576