0.9999999999884971	0.9999991601482502	0.9999086597832634	0.9990222533536234
0.9999999999810585	0.9999986049713342	0.9998674033575032	0.9972813021689808
0.9999999999785172	0.9999984549144879	0.9998655483810119	0.9972961506659894
0.9999999999835322	0.999998907504438	0.9998918825301443	0.9984041944850374
0.999999999978661	0.9999984402724016	0.9998540686680999	0.9971585223911631
0.9999999999852488	0.9999989340904658	0.9998880948913874	0.9981469182167203
0.9999999999892311	0.99999919475465	0.9999233845526686	0.9984122235424947
0.9999999999813746	0.9999987066689148	0.999866841216101	0.9983088329421225
0.9999999999819761	0.9999988400357612	0.9998559921271	0.998314032919088
0.999999999983172	0.9999988319414743	0.9998906992368941	0.9983129543369034
0.9999999999876279	0.9999991070843879	0.9999095130370942	0.9986094040103031
0.9999999999934198	0.9999995467598832	0.999954801409344	0.9989782567896295
0.9999999999792049	0.9999985498590888	0.999845502624742	0.9981768246910543
0.9999999999836346	0.999998864616839	0.999868356271146	0.9981982790441667
0.9999999999889725	0.9999992436808653	0.9999227094665509	0.9984772088888884
0.9999999999877959	0.9999991385128807	0.999912340920478	0.9984210926669947
0.999999999988615	0.9999991886507362	0.999915167704592	0.9984466678457053
0.9999999999905714	0.9999993354016629	0.9999329240397057	0.9987247362139691
0.9999999999796868	0.9999984318623465	0.9998620762671099	0.9981624699321429
0.9999999999859954	0.9999989536156614	0.9998959330121171	0.9981246739740278
0.9999999999907727	0.999999374021568	0.9999411512255935	0.9990602514414961
0.9999999999885132	0.9999991976069953	0.9999148248758482	0.9982056032408485
0.9999999999820598	0.9999987471597702	0.9998685117292467	0.9984066509384658
0.9999999999986466	0.9999999097898121	0.9999912821467926	0.9998268799117995
0.9999999999909268	0.99999932855435	0.9999408592381174	0.9986268405300098
0.9999999999858247	0.9999988888876015	0.999887474059159	0.9984614179988417
0.9999999999801068	0.9999985843404335	0.9998635685281226	0.9987668794555883
0.9999999999878213	0.9999991941783491	0.9999054780390111	0.9990792153153457
0.9999999999810845	0.9999987116179105	0.9998799958227683	0.998388281422355
0.9999999999851342	0.9999989665839637	0.9999054825019624	0.9987614112910979
0.9999999999915463	0.9999993821558315	0.9999378165075026	0.9986951372047503
0.9999999999921753	0.999999441483744	0.9999344196806143	0.9988228118600231
0.9999999999840725	0.9999989675232173	0.9998868386003832	0.9982565474194983
0.9999999999793477	0.9999986753410293	0.9998440510650839	0.9982877896475768
0.9999999999809385	0.9999986002733546	0.999856307796857	0.9981732538779795
0.9999999999937319	0.9999995724165592	0.9999574481496727	0.999121091653502
0.9999999999971924	0.9999998079106794	0.9999799751368672	0.9996391614904927
0.9999999999897464	0.9999992848654518	0.9999190061367678	0.9987532558967642
0.9999999999839254	0.9999988641679842	0.9998932308106883	0.9980287601928034
0.9999999999926973	0.999999524787047	0.9999523388056731	0.9992541607278717
0.9999999999906782	0.9999992629984346	0.9999199263703381	0.9990804000470606
0.9999999999917246	0.9999994048732322	0.9999323288465247	0.9989780134572881
0.9999999999901222	0.999999278247281	0.9999202120309912	0.9990548721211746
0.999999999984511	0.9999988766931157	0.9998810844975513	0.9983899101156276
0.9999999999858312	0.9999988793511333	0.9998939451479981	0.9981096584300593
0.9999999999853683	0.9999989802455701	0.9998967286605988	0.9988591289409948
0.9999999999834261	0.9999988978951293	0.9998719827535283	0.9985075181532047
0.9999999999918443	0.9999994278450022	0.999935164334688	0.9986277778565767
0.9999999999809132	0.9999986546155127	0.9998622488144584	0.9979010992559154
0.999999999991033	0.9999993275047955	0.9999336821698697	0.999296588351225
0.9999999999800067	0.9999986162482054	0.9998668313168692	0.9979861418953461
0.9999999999805189	0.9999985309346181	0.9998450907518108	0.9981289355398483
0.9999999999937332	0.9999995908806564	0.9999471883309818	0.9991164440740565
0.9999999999901938	0.9999993029810065	0.9999298324533838	0.9984778488346007
0.9999999999827642	0.9999987469577203	0.9998723578788747	0.9982332776394612
0.9999999999749437	0.9999983782464511	0.9998288600191949	0.997989417351712
0.9999999999828537	0.999998751127231	0.9998704706623117	0.9982624483713836
0.9999999999766025	0.9999983815637391	0.9998232663480605	0.9985255696512237
0.999999999977606	0.9999983894878582	0.9998435108532285	0.9976230586521777
0.99999999998446	0.9999989233754287	0.9998926725293716	0.9978260311899156
0.9999999999835011	0.9999986983896911	0.9998685766214394	0.9986731220191317
0.9999999999784027	0.9999984871402535	0.9998488839025007	0.9984025921542773
0.9999999999914813	0.9999993617473034	0.9999354464325473	0.9992861462994899
0.9999999999834959	0.9999988055681844	0.9998825675208893	0.9985302284614985
0.999999999982572	0.999998754059348	0.9998592536614029	0.997786782579117
0.9999999999873774	0.9999991002331403	0.999886475769083	0.998747919929327
0.9999999999880763	0.9999992120110242	0.9999118716876245	0.998533860461118
0.9999999999834609	0.9999988148451865	0.9998981172550216	0.9980025524323679
0.9999999999806927	0.9999986814871223	0.9998719988255266	0.9978236946319541
0.9999999999774709	0.999998444109436	0.9998406223097226	0.9982569521344669
0.9999999999762469	0.9999983105129592	0.999828206870394	0.99820520229853
0.999999999988432	0.9999992559230725	0.9999188348076186	0.9988220703858358
0.9999999999795872	0.9999986030614544	0.9998434123058705	0.998257997599111
0.999999999986709	0.9999991546681849	0.9999101894512091	0.9978218349341917
0.9999999999853216	0.9999989189746389	0.9998970624843128	0.9983118689273442
0.9999999999941597	0.9999996283040107	0.9999603680896306	0.9991606624439751
0.9999999999955956	0.9999996847086603	0.9999685995115598	0.9994021771498355
0.9999999999830999	0.9999987557956772	0.9998580771010828	0.9982454894931072
0.9999999999865675	0.9999990636753378	0.9999046569444234	0.9982063467188274
0.9999999999838012	0.9999988506641078	0.9998807349309506	0.9981983838304904
0.9999999999823843	0.9999987457782223	0.9998587990867164	0.9982067849985962
0.9999999999814324	0.9999988041232526	0.999841857582523	0.9984606743289627
0.9999999999896911	0.9999992374024212	0.9999217686504046	0.998276311534749
0.9999999999809039	0.9999987303664735	0.9998558570032786	0.9976725575764198
0.9999999999805618	0.999998732416188	0.9998635050027147	0.9979813172795184
0.9999999999867514	0.9999990512590112	0.9999041476312548	0.9984972389200262
0.9999999999820915	0.9999986358145305	0.9998600505679899	0.9979247543273813
0.9999999999855793	0.9999989439844493	0.999898870645606	0.9989191044516209
0.9999999999791626	0.9999985620816298	0.9998621748986306	0.9983856874948677
0.9999999999867446	0.9999991283029469	0.9998936303431222	0.9981513786623352
0.9999999999952832	0.999999644399473	0.9999686316021931	0.9992447347533453
0.999999999992109	0.9999994425043467	0.9999375527052647	0.9993324779353739
0.9999999999812551	0.9999986230733167	0.9998663876836018	0.9976764194650172
0.9999999999940042	0.9999995997884473	0.9999625767242724	0.9991670162659477
0.9999999999801222	0.9999985782467501	0.9998532933056855	0.9973959806293519
0.9999999999949882	0.9999996461311833	0.9999647715858881	0.9992527866402088
0.9999999999858088	0.9999989938551781	0.9998946311529044	0.9983252383315563
0.9999999999909163	0.999999334618351	0.9999354808991506	0.9987268023019864
0.9999999999842619	0.9999988395732486	0.99987861374714	0.9983906546288343
0.9999999999895556	0.9999992363696988	0.9999293130847071	0.9980971918167975
0.9999999999889964	0.999999185916628	0.9999216223250899	0.9988216024177089
0.9999999999810631	0.9999986365183553	0.9998531517171902	0.9977613453132187
0.9999999999955137	0.9999996978984789	0.9999676250797059	0.9993893986283823
0.9999999999824359	0.9999987528383867	0.9998697340252397	0.9977008337903971
0.9999999999759426	0.9999983176874013	0.9998479035130117	0.9980622510114117
0.9999999999842754	0.9999988439406647	0.9998917193636478	0.9988752614843235
0.9999999999822068	0.999998722709157	0.9998680168279422	0.9982449063396094
0.999999999982549	0.9999988736804984	0.999845844824186	0.9986178179293606
0.9999999999847413	0.999998880649344	0.9998963264706742	0.9982414421216046
0.9999999999824554	0.9999987345532093	0.9998847204716573	0.9979839306768352
0.9999999999774094	0.9999983827870975	0.9998546316724646	0.9982195240883674
0.999999999986624	0.9999990489053431	0.9998881700364736	0.9985142081291671
0.9999999999806716	0.9999986509373239	0.9998490300954773	0.9976511199831036
0.9999999999877812	0.9999991482359895	0.9999126708291693	0.9979151498468122
0.9999999999825306	0.9999986040334085	0.999857987317313	0.9984483919552469
0.9999999999783383	0.9999985244305813	0.9998657648864422	0.9979665595437468
0.999999999984129	0.9999988720677769	0.9998761043085899	0.9988270420672799
0.9999999999865522	0.9999990659033255	0.9998916069206196	0.9989031350729474
0.9999999999841038	0.9999988266251826	0.9998919037022338	0.9979344258160814
0.9999999999803704	0.9999986754344301	0.9998650235187917	0.998351640877062
0.9999999999857053	0.9999990045997994	0.9998998747120494	0.9980963012611401
0.9999999999868506	0.9999991173267515	0.999903779733859	0.9983042440540829
0.9999999999894874	0.9999992384267018	0.9999138727424953	0.9987457711538649
0.999999999984548	0.9999989509246469	0.9998970814881076	0.9979404740130124
0.9999999999883846	0.9999991479390815	0.999908625428304	0.9989657488700444
0.9999999999902155	0.9999993026029196	0.9999259633068392	0.9984919579866951
0.9999999999864001	0.9999989981028398	0.9998980505739472	0.9983637524609532
0.9999999999921114	0.9999994757509268	0.9999440108439867	0.9988983891683616
0.9999999999776742	0.9999984061159414	0.9998332632935535	0.9980806309758244
0.999999999994283	0.9999995767782881	0.9999585799971175	0.9991944804795649
0.999999999985009	0.999998909905698	0.9998935599824078	0.9979575783030856
0.9999999999831669	0.9999987364452675	0.999876748109887	0.9988173259895133
0.9999999999774615	0.9999983879957234	0.9998219116446802	0.9982014386296595
0.9999999999913167	0.999999429507497	0.9999448958559558	0.9987768883600651
0.9999999999820319	0.9999987381976321	0.9998792892033264	0.9986573504816849
0.9999999999779451	0.9999983729115268	0.9998550241387143	0.9984108739552408
0.9999999999855194	0.9999989588868289	0.9999026477585289	0.9982663167572593
0.9999999999848765	0.9999988880856602	0.9998728411291908	0.9985448455140422
0.9999999999850773	0.9999989732751735	0.9998781966857382	0.9987778394350264
0.9999999999809137	0.9999986161256867	0.9998452196849174	0.9986580363213897
0.999999999988123	0.9999991995823837	0.9999151617346301	0.9986580354709065
0.9999999999866563	0.9999991173481816	0.9999121210677855	0.9981391637213812
0.9999999999796771	0.9999985959302822	0.9998610541665823	0.9982194901849807
0.9999999999846462	0.9999989156387855	0.9998778854440085	0.998403284243196
0.9999999999885087	0.9999991973547998	0.999916158461445	0.9989964433857398
0.999999999984979	0.9999988442227616	0.9998875798036917	0.9986631952575461
0.9999999999840521	0.9999988489199221	0.9998883808539087	0.9978942397781279
0.9999999999875849	0.999999063013746	0.9999125646860119	0.9986143762668126
0.999999999986687	0.999998978949252	0.9998995191033093	0.9983067503976758
0.9999999999843996	0.9999988711197276	0.9998690823462539	0.9982323068057392
0.9999999999777135	0.9999984390996914	0.999855506973373	0.9980694841366496
0.999999999996511	0.9999997694989767	0.999979776996459	0.9995234637418652
0.9999999999823287	0.9999987152632173	0.9998940077963963	0.9983371820521607
0.9999999999814168	0.9999986578398212	0.9998765189807932	0.9985008457701966
0.99999999998184	0.99999860126412	0.9998540576547699	0.9974217658697666
0.9999999999933689	0.9999995099540978	0.9999495707065187	0.9990134352983563
0.9999999999858319	0.9999988333831081	0.9998790783020127	0.9983819616455035
0.9999999999804254	0.9999985968315535	0.9998512264694134	0.9984629279175272
0.9999999999818829	0.9999987402251632	0.9998724892115879	0.9983025211424833
0.9999999999828404	0.9999987724226711	0.9998838045932494	0.9983090227287689
0.9999999999814408	0.9999986787681077	0.9998675688963897	0.9983006371280987
0.9999999999824456	0.9999987346080147	0.9998867555297508	0.9977145627749355
0.9999999999893893	0.9999993026889519	0.999926667984885	0.9987454614114356
0.9999999999825264	0.9999988258187261	0.9998848205454055	0.9981778399463899
0.999999999981931	0.9999987112969139	0.9998850952650659	0.9988653723442116
0.9999999999809837	0.9999987192462648	0.999871706287568	0.9982600841406636
0.9999999999839554	0.9999989360876423	0.9998523776425611	0.9980282918903152
0.9999999999853875	0.9999990738815646	0.9998837429773176	0.9984607462731565
0.9999999999754761	0.9999983324400632	0.9998235921652827	0.998126440736985
0.9999999999806939	0.9999986035022094	0.9998636965562951	0.99801394789388
0.9999999999924734	0.9999994770487102	0.9999453998289123	0.9989834582613314
0.9999999999918054	0.9999993937179328	0.9999434275355068	0.9986429446137276
0.9999999999801292	0.9999985532020192	0.9998489793703138	0.9982395523575355
0.9999999999817257	0.9999987402792434	0.9998539860498473	0.998576823511959
0.9999999999819943	0.9999986732822711	0.9998739464438224	0.9982999211918121
0.9999999999809819	0.9999985130625938	0.999863830418688	0.9980887620350852
0.9999999999813466	0.99999875892904	0.9998747177846774	0.9981728106033833
0.9999999999876809	0.9999991070856394	0.9999046515108633	0.9988973361961389
0.9999999999798759	0.9999986166594185	0.999860325251256	0.9989340339610332
0.9999999999817535	0.9999986339797101	0.9998533081866963	0.9985079238725163
0.9999999999801964	0.9999986700802467	0.9998558846418677	0.9984266566385104
0.9999999999815811	0.9999986087857211	0.9998564626687287	0.9981481318138102
0.9999999999894852	0.9999992629761909	0.9999109447400656	0.9990895036567055
0.9999999999873413	0.9999990954606021	0.9999094886851667	0.998640216580079
0.999999999984942	0.9999989440126039	0.9998931364644056	0.9984509704365765
0.9999999999797635	0.9999985479005647	0.9998527438120223	0.997445472348365
0.9999999999914303	0.9999994068431777	0.9999404304525713	0.9987616137441684
0.9999999999854122	0.9999990050341594	0.9998820956430012	0.9986799591701835
0.9999999999815423	0.9999986373447304	0.9998594672149027	0.9978155911692278
0.9999999999924492	0.9999995280640928	0.9999446301908669	0.9988552878837715
0.9999999999943927	0.9999996056227177	0.99996390178183	0.9991304074457257
0.9999999999831397	0.9999988947760179	0.9998788549866523	0.998257939180082
0.9999999999860539	0.9999989430144838	0.9999088979947257	0.9988344463504953
0.9999999999953767	0.999999696261808	0.9999683373888419	0.9993277111176091
0.9999999999840624	0.999998887727572	0.9998736991087327	0.9980208336647962
0.9999999999856356	0.999998879768929	0.9999032884279335	0.9983415994081815
0.999999999982732	0.9999987609883519	0.9998710714452522	0.9986424846857161
0.9999999999837726	0.9999987821816184	0.999884175503722	0.9977886343667531
0.9999999999884532	0.9999991818682561	0.9999230799372812	0.9982657525813108
0.9999999999911546	0.999999389526	0.9999353711428479	0.9986217133617481
0.9999999999825533	0.9999986293197356	0.9998622153982551	0.998534994817615
0.9999999999804627	0.9999986788404273	0.9998431112514441	0.9980825975675232
0.9999999999953196	0.9999996714669732	0.9999668061056148	0.9993633635801236
0.9999999999906741	0.9999993612708616	0.9999368750752392	0.998618330100535
0.9999999999828264	0.999998897852721	0.9998671846665989	0.9978369467960875
0.9999999999913068	0.9999993787195429	0.9999369669833271	0.9988718572280431
0.9999999999826	0.9999985583924128	0.999864196333293	0.998338591760581
0.9999999999928008	0.9999994982841837	0.9999496839618018	0.9989987437761906
0.9999999999842106	0.9999989363430808	0.9998687607391319	0.9983613103883802
0.9999999999920461	0.9999994296210775	0.9999418685756105	0.9989263090335455
0.9999999999852479	0.999999042516811	0.9998942120792809	0.9977660444085584
0.9999999999872299	0.9999990826043189	0.9999050752392752	0.998377366706519
0.9999999999852432	0.9999989225357652	0.9998965993935363	0.998694142033083
0.999999999983957	0.9999987949670542	0.999878101520281	0.9984090882835728
0.9999999999939272	0.9999995579308004	0.9999574155174645	0.9990702728249117
0.9999999999859204	0.9999989781683252	0.9998913570075116	0.9985889821069357
0.9999999999919039	0.9999994697679926	0.9999395213064564	0.9990337571182221
0.9999999999924066	0.9999994915280814	0.9999527446440538	0.9989702818125724
0.9999999999784405	0.9999983201975998	0.9998339907459342	0.9982556911855737
0.999999999986676	0.9999989990559837	0.9999006565018999	0.9988809873948196
0.9999999999784979	0.9999984858246205	0.9998569861443063	0.9980858483515135
0.9999999999825551	0.9999986861881819	0.9998709452472524	0.9980626765597008
0.9999999999955019	0.9999997005157996	0.9999691285954666	0.9993903150531643
0.9999999999958212	0.9999997127740897	0.9999729357347512	0.999432591702681
0.9999999999801984	0.9999985407884099	0.9998582188846302	0.9985534067674803
0.9999999999972574	0.9999998145410378	0.9999806505719949	0.9996226459107859
0.9999999999846048	0.9999988043452014	0.9998767963503434	0.9984753370191324
0.9999999999854486	0.999998932107118	0.999897618122365	0.9980453432096024
0.9999999999753101	0.9999982859556557	0.9998290417438654	0.9983093968480639
0.9999999999950311	0.9999996795158697	0.9999669509667612	0.9994183775565342
0.999999999976482	0.9999982256795478	0.9998212114875227	0.9982504355700127
0.9999999999759257	0.9999984447696154	0.9998372136948673	0.9986723294699206
0.9999999999777136	0.9999983704374172	0.9998516093095318	0.9981745136206785
0.9999999999890588	0.9999992305611111	0.9999199095579889	0.9984544079564783
0.9999999999834097	0.9999987674851052	0.9998810938226038	0.9983280001850442
0.9999999999815578	0.9999985839533299	0.9998513324548584	0.9977242628511788
0.9999999999909942	0.9999993105378499	0.9999347456368625	0.9989026821863394
0.9999999999919803	0.9999994146406433	0.9999469133221331	0.9989906008956531
0.9999999999818587	0.9999987049878788	0.999870251009664	0.998197041585164
0.9999999999875261	0.9999990554938505	0.9999055989718911	0.9981734326506383
0.9999999999782309	0.9999984493403963	0.9998426496586719	0.9982299311756692
0.999999999983077	0.9999989323378689	0.999882659318424	0.9982655595953696
0.999999999986142	0.9999990576885945	0.9999155082215239	0.9984755382680913
0.999999999990343	0.9999993235961261	0.9999278947195666	0.9984100731056587
0.999999999982081	0.9999987685410727	0.9998758991857656	0.9984391528645883
0.9999999999921042	0.9999994759641677	0.9999478686502136	0.9988643834828056
0.9999999999806538	0.9999986896542198	0.9998632994392865	0.9983308458981691
0.9999999999794206	0.9999985159147935	0.9998648848259318	0.9981495199625674
0.999999999992695	0.9999995394105966	0.9999478681724522	0.9991204190695792
0.9999999999817636	0.9999986598467202	0.9998607592870049	0.9970868260790533
0.9999999999951468	0.9999996558756611	0.9999649775236101	0.9993215417050271
0.999999999995285	0.9999996763400834	0.9999674222965341	0.9993928913212254
0.9999999999854683	0.99999910706088	0.9999011861634041	0.9977419163687453
0.9999999999841563	0.9999988066755812	0.999883843749668	0.9983323223780811
0.9999999999870857	0.9999990467108131	0.9999046593036373	0.9981209724616359
0.9999999999831611	0.9999988626529062	0.9998803490364955	0.9978075333888436
0.9999999999755033	0.99999833396849	0.999835142682034	0.998373674992183
0.9999999999826455	0.9999987885090882	0.9998716704167007	0.9989406193951968
0.999999999980199	0.9999985910542105	0.9998613091395457	0.9982409066351392
0.9999999999830789	0.9999987634141565	0.9998697649583587	0.9976819771873754
0.9999999999939432	0.9999995867472391	0.9999592538463943	0.9990326375472224
0.9999999999964353	0.999999754711916	0.9999752773487911	0.9994972754544609
0.9999999999823356	0.9999987700144215	0.9998589625394736	0.9984631141497617
0.9999999999891731	0.9999991870899001	0.9999215478618575	0.9982267040830195
0.9999999999853445	0.9999989930374795	0.9998998655890287	0.9982170228633704
0.9999999999803275	0.9999986396313886	0.9998783545428616	0.9989526520375893
0.9999999999878665	0.9999990909386838	0.9999065529517536	0.9985050219266595
0.9999999999803887	0.9999986405641949	0.9998453064901816	0.998507194154975
0.999999999985057	0.9999988871073636	0.9998997385445703	0.9979183374618089
0.9999999999870381	0.9999990702844639	0.9998980851127938	0.9980672731583298
0.9999999999973709	0.9999998083877186	0.9999821112603768	0.9996968824757544
0.9999999999842707	0.9999990002495597	0.9998805905169825	0.9983796905494445
0.9999999999822468	0.9999986551389396	0.9998665931204205	0.9983703873030065
0.9999999999816797	0.9999987940642936	0.9998601486821408	0.9983088235201774
0.999999999989341	0.9999992863648872	0.999925189025643	0.9989420704589835
0.9999999999841008	0.9999987624322141	0.9998673585892668	0.9984167319856736
0.9999999999899922	0.9999992096307714	0.9999191309090861	0.9988030932833187
0.9999999999842683	0.9999989458991979	0.9998790705140058	0.9982338466630227
0.9999999999847304	0.9999990140658033	0.9998966098814507	0.9985888797260924
0.999999999988184	0.9999991845760107	0.9999225750802122	0.9987066083768924
0.9999999999789352	0.9999985710349942	0.9998641903317815	0.9982949502290076
0.9999999999826248	0.9999987390413064	0.9998769556052257	0.9980103662225698
0.9999999999856546	0.9999990694392716	0.9999137701564333	0.9982928939593062
0.9999999999791475	0.999998614536574	0.9998437119664143	0.9968644893451272
0.999999999981717	0.9999986821373048	0.9998666027383355	0.9975308384047998
0.9999999999945581	0.9999996193289353	0.9999579410496549	0.9992327933148398
0.9999999999833907	0.9999987981233814	0.9998835083204204	0.9975442019607518
0.99999999999616	0.9999997406937552	0.9999704467956771	0.9995382586804769
0.9999999999870693	0.9999990641109562	0.9999150488220918	0.9980961203542874
0.9999999999901847	0.9999992885152045	0.9999263515814794	0.9990876446253055
0.9999999999860593	0.9999990242232686	0.9998881301398067	0.9981779073804364
0.9999999999846735	0.999998987573714	0.9998843645531992	0.9984762843535567
0.9999999999792929	0.9999986113198979	0.999840747162091	0.9976579066694986
0.9999999999911369	0.9999993889141631	0.9999298391799801	0.9989536442884245
0.9999999999917392	0.9999994120090011	0.9999390184969734	0.9988192287967215
0.9999999999807527	0.9999985960733733	0.9998653243223977	0.9988000094703446
0.9999999999894428	0.9999992461364462	0.9999173327913168	0.9983362033147635
0.9999999999822076	0.9999987362447907	0.9998704939201861	0.997670677225577
0.9999999999854776	0.9999989920063738	0.9998887143061267	0.9983676136616172
0.9999999999848768	0.9999988552611656	0.9998730851274762	0.9984456405457787
0.9999999999905971	0.9999992752498728	0.9999311194474705	0.9984343934226464
0.9999999999896143	0.9999992517475812	0.9999228644061591	0.9988783165182139
0.9999999999857188	0.9999989778352787	0.9998854177180821	0.9984889967894379
0.9999999999761239	0.9999982649649005	0.9998292097824655	0.9976831288940546
0.9999999999799961	0.9999985568140441	0.9998467185362827	0.9969130518316002
0.9999999999821738	0.9999986873979996	0.9998726912754845	0.9984566867447684
0.9999999999820975	0.9999988506612623	0.9998674340551943	0.9986853075116603
0.9999999999932254	0.9999995336767179	0.9999499272623708	0.9993572202390801
0.9999999999983807	0.9999998934586837	0.9999899258182962	0.9997880261253379
0.9999999999830821	0.9999987703113147	0.9998673579632698	0.9982341390196505
0.9999999999815288	0.999998625267593	0.9998579216595185	0.9980710217791473
0.9999999999843625	0.9999989433915766	0.9998707695804636	0.9984085491182209
0.9999999999820569	0.9999986610808869	0.9998568509930799	0.998258868643887
0.9999999999841742	0.9999988991405906	0.9998841712141723	0.9984982676421752
0.9999999999805504	0.9999988240140442	0.999854980068301	0.9978510241060692
0.9999999999880848	0.9999991367309508	0.9999147302908485	0.9983053361391656
0.9999999999808468	0.9999986331969766	0.9998676693677743	0.9975444410277434
0.9999999999812231	0.9999986262476581	0.9998402707965037	0.998281856274085
0.9999999999859065	0.9999989515806789	0.9998874065790672	0.9983932987478794
0.9999999999823821	0.9999987924930185	0.9998608621244961	0.9983073398281989
0.9999999999812526	0.9999984978042903	0.9998493998054563	0.9973891573785468
0.9999999999812453	0.9999987487477318	0.9998607087652095	0.9981365047183144
0.9999999999811346	0.999998708583162	0.9998663421903672	0.9978914793651444
0.9999999999878965	0.9999991266405047	0.9999149118158576	0.9979317136896368
0.9999999999884968	0.9999990976833408	0.9999265199456655	0.9991094098271073
0.9999999999904768	0.9999993060388479	0.9999348155254679	0.9987999877915017
0.9999999999863586	0.9999988893185305	0.999889749034252	0.9982458423025191
0.9999999999950111	0.9999996614044292	0.9999656168056915	0.9993009972337882
0.9999999999851413	0.9999989252108072	0.999891760100154	0.9977842022280483
0.9999999999798231	0.9999986486859478	0.9998674568437106	0.997327109039644
0.999999999977415	0.999998353044456	0.9998290798770624	0.9973510550696821
0.9999999999823368	0.9999987335456323	0.9998526493940435	0.9982643133264997
0.9999999999920862	0.9999994271252385	0.999937274647099	0.9987511176111731
0.9999999999810718	0.999998712132379	0.9998619811393423	0.9988115760005085
0.99999999998537	0.9999989661390378	0.9998841074767341	0.9986051033484977
0.9999999999879919	0.9999990852184986	0.9999179095625524	0.9985979521284631
0.9999999999923973	0.999999478967727	0.9999435623493572	0.9989531966350884
0.9999999999801288	0.9999986876223723	0.9998676008344038	0.9986586259072583
0.999999999986995	0.9999991512988128	0.9999058806020907	0.9985527814563474
0.9999999999868135	0.9999990336394907	0.9999037547550297	0.9983383926976537
0.9999999999869611	0.9999990427910112	0.9999028299629261	0.9984842436189444
0.9999999999789544	0.99999860215974	0.9998513410728129	0.9979947791584521
0.9999999999889239	0.9999991411167298	0.9999180994368265	0.9987113408969689
0.9999999999864562	0.9999990391712045	0.9999066211029095	0.9982500554671067
0.9999999999834516	0.9999988283115454	0.9998782117898845	0.9979835819766476
0.9999999999834268	0.999998810034697	0.999869907668476	0.9979943933288701
0.9999999999883225	0.9999991604732094	0.9999142703830186	0.9986722765439322
0.9999999999848806	0.9999988660969036	0.9998818779350132	0.9987567928188699
0.9999999999850469	0.9999989540974675	0.9999009592459233	0.997979466809685
0.9999999999944866	0.9999996200604165	0.9999618893827947	0.9992360969933327
0.9999999999843187	0.9999988895332113	0.9998826913422311	0.9987648013364304
0.9999999999883952	0.9999990826482167	0.9999216756055154	0.9983720052015322
0.999999999987753	0.9999990990097971	0.9999096705193622	0.9983615226863366
0.9999999999867055	0.9999990365592033	0.999899833179555	0.9989307566831379
0.9999999999806974	0.9999986564547692	0.9998604126571995	0.9978072409485237
0.9999999999799727	0.9999985840795713	0.9998592836045275	0.9983439480352434
0.9999999999836426	0.9999988387111861	0.9998750417701476	0.9986572871958689
0.9999999999829721	0.9999987357280501	0.9998902069942568	0.9985033429473887
0.9999999999845036	0.9999988382707448	0.9998731132702696	0.9981928302508848
0.9999999999877529	0.9999991243081322	0.9999103915110192	0.9990051974288677
0.9999999999789536	0.9999986473703304	0.9998574859238816	0.9982621576846659
0.9999999999832901	0.9999988059065623	0.9998818221324146	0.9981987534010556
0.9999999999909212	0.999999356445604	0.999935518594147	0.9987879287617687
0.9999999999806635	0.9999987525920256	0.999865042240558	0.9978961664544681
0.9999999999890407	0.999999255874063	0.9999189729668535	0.9985554372361345
0.999999999991978	0.9999994096370319	0.9999450648685225	0.9989885668350765
0.9999999999808746	0.9999986411411532	0.9998658223857084	0.9979160938053716
0.9999999999861771	0.9999989700376853	0.9998980888739993	0.9988829765407135
0.9999999999824704	0.9999987146725566	0.9998625875308172	0.9978122391219445
0.9999999999856215	0.9999989652883093	0.999891729725429	0.9983283891990052
0.9999999999835064	0.999998751141884	0.99988013797362	0.9975492443948818
0.9999999999920014	0.9999994614175226	0.9999421486380287	0.9993168112256402
0.9999999999878488	0.9999991080894093	0.9998870526967701	0.998564731114287
0.9999999999882945	0.9999992102794587	0.9999228722351796	0.9987595667038177
0.999999999982875	0.9999988535285849	0.9998678100877543	0.9976824391005992
0.9999999999909129	0.9999993939406276	0.9999409439112762	0.9984766937886236
0.9999999999893204	0.9999992313704475	0.9999216127991644	0.9985224228236624
0.9999999999878837	0.9999992419642092	0.9999058533748587	0.9988855430296251
0.9999999999821622	0.9999987329794541	0.9998853397804871	0.9985087266239009
0.9999999999875037	0.9999990937632766	0.9999145073393204	0.9979797773943827
0.9999999999969935	0.9999997996487531	0.9999805192028204	0.9996287513559257
0.9999999999823052	0.9999986550461205	0.9998770036936742	0.9987014327158881
0.9999999999866078	0.999999055675554	0.9999006091225316	0.9978723758963163
0.9999999999865099	0.9999990037362808	0.9999107721594905	0.9982422065703231
0.9999999999819609	0.9999987691170502	0.9998569466290529	0.9978695696046785
0.9999999999816666	0.9999987662266532	0.9998732562039463	0.9976686810222027
0.999999999983279	0.9999988190363645	0.9998791583612389	0.9987143068977031
0.9999999999897621	0.9999992590705472	0.9999275614982355	0.9992884652803714
0.9999999999801406	0.9999986123740835	0.9998516287296595	0.9986143995438388
0.9999999999807601	0.9999986822707829	0.9998762994073386	0.9981690856714748
0.9999999999831104	0.999998782031043	0.9998670076349995	0.9982310760909406
0.9999999999830661	0.9999987861402418	0.9998672584081574	0.9987285808164647
0.9999999999857434	0.9999989118795064	0.9998998643453648	0.9987499003082108
0.9999999999843848	0.9999988137576102	0.9998928224651308	0.9985728637382274
0.9999999999780814	0.9999985171131605	0.9998423805080519	0.9982220097962655
0.9999999999897762	0.9999992465280354	0.999925297587199	0.9988033614145175
0.9999999999917706	0.999999435602969	0.999941021537606	0.9986269381141437
0.9999999999972353	0.9999998064685971	0.9999828913813044	0.9996640433732744
0.9999999999829745	0.9999987763402048	0.999878807158989	0.9982536354706474
0.9999999999794075	0.9999986075842323	0.999841897722796	0.9983180236674797
0.9999999999905468	0.9999992836172341	0.9999353571113444	0.9985211985498447
0.9999999999854344	0.9999990337792489	0.9999167181983715	0.9978783525072924
0.9999999999837477	0.9999988886980022	0.9998689941518031	0.9976927515966761
0.9999999999875425	0.9999991626822217	0.9999112930110895	0.9982251403389364
0.9999999999911354	0.9999993608748382	0.9999335164418258	0.9986397364076279
0.9999999999811044	0.9999986288887592	0.9998415598094271	0.9984833097010856
0.9999999999825848	0.9999987562078206	0.9998567930828108	0.9983772864716354
0.999999999993817	0.9999995729137338	0.9999543954922614	0.9991436646334412
0.9999999999877304	0.99999911750052	0.9999047779979965	0.9987892497013175
0.9999999999761402	0.9999983006992083	0.9998352932039983	0.998115595343598
0.9999999999791224	0.9999985823339856	0.9998621559384724	0.9984460549010553
0.9999999999851329	0.9999989940260673	0.9998932432999703	0.9978078942682564
0.9999999999904443	0.9999993351015742	0.9999325842119376	0.9991357159398739
0.9999999999825309	0.9999986840874281	0.9998522033581592	0.9979749825278179
0.9999999999908006	0.999999313554644	0.999926528893104	0.9987129153316728
0.9999999999839279	0.999998881174933	0.9998763222658333	0.9972611445413548
0.9999999999937614	0.9999995384171434	0.999955887277849	0.9990064098562143
0.9999999999852611	0.9999989747614221	0.9998866441100631	0.9988085309797808
0.9999999999869602	0.9999990457163107	0.9999240364283801	0.9980108199488407
0.9999999999809074	0.9999986892393806	0.9998466867296242	0.9983984178930837
0.999999999989321	0.9999992051175642	0.9999221245251406	0.9987362378924446
0.999999999991947	0.9999994328305886	0.9999412838224564	0.9988167390003538
0.9999999999842354	0.9999987744771129	0.9998785651694456	0.9982425306472633
0.9999999999867161	0.9999990764976568	0.9999025380445986	0.9982411734896532
0.9999999999851855	0.9999990076210783	0.9998932472925804	0.9975081581443294
0.9999999999969656	0.9999997912381674	0.9999783262812252	0.9995574653232719
0.9999999999917573	0.9999994346538041	0.9999498337423907	0.9988742852627253
0.9999999999804906	0.9999986551943368	0.9998662867927577	0.9980894884475815
0.9999999999815815	0.9999986948261957	0.9998759749771692	0.9977158402611739
0.999999999985562	0.9999989982309557	0.9998854890373269	0.9978826890478607
0.9999999999848813	0.9999989311073829	0.9998681049303557	0.9986205524924093
0.9999999999803623	0.9999986454326738	0.9998460894159379	0.9982171919556401
0.9999999999829684	0.9999987891654197	0.9998728436778317	0.9980515332030133
0.9999999999854249	0.9999989309951989	0.9998937951037971	0.9989790887326385
0.9999999999950102	0.9999996751423482	0.9999687591119562	0.9992810066965575
0.9999999999787778	0.9999985352706479	0.9998395033701446	0.9976462983855356
0.9999999999833228	0.9999988257478288	0.9998853103836138	0.9981268452602889
0.9999999999877153	0.9999991809786885	0.9999208741224952	0.998276416240371
0.9999999999886163	0.9999991909939163	0.9999207448479264	0.9984048077883658
0.9999999999870499	0.999999158313282	0.9998991950884424	0.9989693678498603
0.9999999999958462	0.9999997092112113	0.999973439342782	0.9994658926973055
0.9999999999835544	0.9999988358944387	0.9998783326027483	0.998135164210478
0.9999999999796578	0.999998498093427	0.9998611604264694	0.9980727511216838
0.9999999999913985	0.9999994210720624	0.9999390953434499	0.998825339190347
0.9999999999832554	0.9999988367317287	0.9998975443415216	0.9982752109038538
0.9999999999946259	0.9999996256142509	0.9999620486174474	0.999257841950168
0.9999999999962099	0.9999997188957171	0.9999755092813826	0.9994678441587576
0.9999999999827532	0.9999987595625056	0.9998666590234895	0.9987449433926524
0.9999999999921156	0.9999994331182899	0.9999465678584762	0.9988355343121262
0.9999999999809769	0.9999986764360802	0.9998870149674501	0.9983646484697122
0.9999999999916536	0.999999464241846	0.9999435871394743	0.9987802990583265
0.9999999999879656	0.9999992116958342	0.9999131303713431	0.9981696060863882
0.999999999983518	0.9999987719692854	0.99988713378625	0.9984404474561742
0.9999999999922623	0.9999994500628727	0.9999407155568113	0.9989197356687057
0.9999999999812328	0.9999986894486758	0.9998741769925008	0.9974158335203736
0.9999999999943306	0.9999996109792002	0.9999595730520353	0.999197578700268
0.999999999984329	0.9999988436543317	0.9998928447388609	0.9985614210566104
0.9999999999898079	0.9999992437169163	0.9999385382763699	0.998413478832317
0.9999999999951731	0.9999996522053749	0.9999672905145176	0.9993379619018065
0.9999999999863575	0.9999990177535882	0.9999130995222536	0.9980015871054743
0.9999999999802611	0.9999986191995538	0.9998438003831756	0.9985756220711821
0.9999999999823752	0.9999985882567768	0.9998746408377684	0.9978276143743462
0.9999999999871467	0.9999991387450793	0.9999180673928884	0.9979495853882872
0.9999999999856507	0.999998964446148	0.9998840657516664	0.9986945771225639
0.9999999999885949	0.9999991689428493	0.9998954996145605	0.998495667585218
0.9999999999788997	0.9999985360572226	0.9998570998874661	0.9984389478015614
0.9999999999914819	0.9999994266579916	0.9999357765050273	0.9989259260584841
0.9999999999837756	0.9999988584178748	0.9998817303385406	0.9984453184675139
0.9999999999825427	0.9999987165318936	0.9998937328855559	0.9981730106640632
0.9999999999862424	0.9999989532767793	0.9999241116712938	0.9984180686957801
0.9999999999804964	0.9999986084924216	0.999866731434305	0.9977580260986644
0.9999999999917295	0.9999993863268851	0.9999371193424546	0.9987692246551063
0.9999999999824739	0.9999986117380303	0.9998737380694864	0.9983260743504799
0.9999999999923777	0.9999994134915999	0.9999475958054891	0.998891825967767
0.9999999999845902	0.9999988883983285	0.9998731525634432	0.997926692213084
0.9999999999935092	0.9999995233118867	0.9999521975830273	0.9991277810231324
0.9999999999870917	0.9999990122380734	0.9999047062143608	0.9986394844813783
0.9999999999859763	0.9999990118880323	0.9998851363477441	0.998288982667703
0.9999999999944096	0.9999996109561516	0.9999607544891224	0.9991200349885182
0.9999999999868823	0.9999990695235627	0.9999059181307433	0.9983755987877201
0.9999999999841115	0.9999989130322172	0.9998860615617935	0.9981115366650309
0.9999999999920575	0.999999464548914	0.9999410828517362	0.9993751659351848
0.9999999999829462	0.9999987627609719	0.9998582097279538	0.9982439206859305
0.9999999999916315	0.9999994263672051	0.999944608850007	0.9988424355449045
0.9999999999830196	0.9999987573826261	0.9998724030051487	0.9984443258593343
0.9999999999791099	0.9999984640145809	0.9998623013316125	0.9979996156035184
0.9999999999900868	0.9999992777635586	0.9999362198398717	0.9990716553913749
0.9999999999825654	0.9999986634914688	0.9998564452963346	0.9981866679468951
0.9999999999830648	0.9999987483044234	0.9998804189195497	0.9982763682025299
0.9999999999794957	0.9999985308005438	0.9998444468080594	0.9986261672272502
0.9999999999834671	0.9999988414381258	0.9998725010827343	0.9985416032527328
0.9999999999911691	0.9999993532900416	0.999933571328575	0.9987401645751016
0.9999999999823983	0.9999986689948909	0.9998668717193019	0.9983404353297232
0.999999999976795	0.9999983341169334	0.9998235342796714	0.9981385408079244
0.9999999999841823	0.9999988425677886	0.999892910117394	0.9978049007053549
0.9999999999896215	0.9999992024032339	0.999917973052905	0.998478104430904
0.9999999999847815	0.9999989829115885	0.9998916186731335	0.9982075110333417
0.9999999999829563	0.9999989724507897	0.9998803297240546	0.9974401842291913
0.9999999999953793	0.9999996882310458	0.9999669980834816	0.9994348749624978
0.9999999999812319	0.9999987348311826	0.9998718424691692	0.9974151199847217
0.9999999999771594	0.9999984507300392	0.9998400544655144	0.9982745031482221
0.9999999999806383	0.9999986389295648	0.9998724156280522	0.998286889857698
0.9999999999852751	0.9999989749174752	0.9999097668257907	0.9984530603811658
0.9999999999832992	0.9999988115984245	0.999879099532231	0.9977401849217968
0.9999999999866939	0.9999990403811937	0.9998917736610706	0.9988170681266966
0.9999999999881176	0.9999992220665558	0.9999158887278233	0.9982577058341567
0.9999999999856288	0.9999989680258825	0.9998912539733188	0.9981212249184396
0.9999999999949652	0.9999996609982056	0.9999649683292919	0.9993882789160063
0.9999999999959222	0.9999997094901374	0.9999717384817991	0.9993850445422618
0.9999999999892152	0.999999268419885	0.999927066954492	0.9988810771036576
0.999999999991625	0.9999993982984812	0.9999366953168732	0.9989055623778893
0.9999999999810428	0.9999987219397092	0.9998575880178767	0.9978861614362011
0.99999999998129	0.9999986681131449	0.9998791311027716	0.9975198048647886
0.9999999999829943	0.9999988949199073	0.9998844638025017	0.9982934020089379
0.9999999999907485	0.9999992910289209	0.9999379278031277	0.9992318701878462
0.9999999999836565	0.9999988712210928	0.9998656098173719	0.9980804420019763
0.9999999999878688	0.9999991714185018	0.9999065200291403	0.9986228997454726
0.9999999999912529	0.9999993757938388	0.9999353549760017	0.998732020122605
0.9999999999823057	0.9999987249577511	0.9998736027022682	0.9972192334789403
0.9999999999837658	0.9999988172604186	0.9998794461684893	0.9978328440675018
0.999999999994674	0.999999617145393	0.9999598045088063	0.9991853085835649
0.9999999999851039	0.9999989092500648	0.9998899372366213	0.9980049164772256
0.9999999999849287	0.9999989259755867	0.9998953442389766	0.9979878581935545
0.9999999999944796	0.9999996182999732	0.9999619248694039	0.999168846714952
0.9999999999825926	0.9999987039595961	0.9998676602125898	0.9984710740501456
0.9999999999820587	0.9999986796740818	0.9999051457963117	0.9989576430120062
0.9999999999792292	0.9999985391405299	0.9998492872100869	0.9984625092040134
0.9999999999831819	0.9999988499086776	0.9998785511654336	0.9982976973203207
0.9999999999845769	0.9999990028778016	0.9998998726207623	0.9985334586929565
0.9999999999785026	0.9999984249692518	0.9998661793771172	0.9968736282055181
0.999999999981496	0.9999986757733572	0.9998775785584626	0.9983833725422138
0.99999999998155	0.9999987484973042	0.9998700745475629	0.9978648806157803
0.9999999999922986	0.999999425948747	0.9999375631732854	0.9994468589330212
0.999999999981149	0.99999865122361	0.9998503060126155	0.9975345234375758
0.9999999999809349	0.9999987285430039	0.9998623927823285	0.9986743935640794
0.9999999999876917	0.9999992094282728	0.9998956106341664	0.9986343726890484
0.9999999999940408	0.9999995642292842	0.9999595862160569	0.9991588546855718
0.9999999999844505	0.9999988540327381	0.9998880697845617	0.9980720808083339
0.9999999999833181	0.999998890316223	0.9998766093687157	0.998451516040488
0.999999999987343	0.9999990435506948	0.9998875544117877	0.9983668790958315
0.9999999999820234	0.9999987265646366	0.9998566662776837	0.9979438658166234
0.9999999999826419	0.9999987532596154	0.9998705682643526	0.9979384588837652
0.9999999999793809	0.9999986154812583	0.999863862829964	0.9978719941135518
0.9999999999942119	0.9999996266253504	0.9999630436577057	0.9991091230488809
0.999999999985204	0.9999990029751643	0.9999082161038227	0.997907317593861
0.9999999999804647	0.9999986067358958	0.9998544494161646	0.9987282558705295
0.9999999999837261	0.999998777936398	0.9998810049947638	0.997928187421827
0.999999999984487	0.9999988565005248	0.9998912978801698	0.9984988370006525
0.999999999980575	0.9999986094695807	0.9998396089474679	0.9981567381794502
0.9999999999858546	0.9999990823236121	0.9998841400646049	0.9984457615120136
0.9999999999862714	0.9999990312152374	0.999899007814739	0.9979361836158717
0.9999999999871577	0.9999990901013524	0.9999025218015757	0.9989627117358538
0.9999999999844665	0.9999988282658151	0.9998877163954827	0.9984436848213396
0.9999999999936747	0.9999995589549464	0.9999527058083802	0.9990534749161988
0.9999999999796819	0.9999985602959715	0.999847530767323	0.998429382367237
0.9999999999900019	0.9999992728464536	0.9999274546305026	0.9985205499043754
0.9999999999810384	0.9999985706433364	0.9998514428097885	0.9982624482807273
0.9999999999802864	0.9999987410706811	0.9998568026838577	0.9977849332455835
0.9999999999840739	0.9999989567122279	0.9998816740791852	0.9975073003244603
0.9999999999969563	0.9999997978367563	0.9999795334623328	0.9996190111757741
0.9999999999940758	0.9999995685762422	0.9999560860235023	0.9991994396716111
0.9999999999861346	0.9999989426768141	0.9998966394204494	0.998634939150303
0.9999999999859643	0.999999092839098	0.9999089396372539	0.9980331749261073
0.9999999999799462	0.9999985978388138	0.999856216238671	0.998198026844653
0.9999999999977935	0.9999998530827314	0.9999855700954314	0.9997346092388963
0.9999999999904924	0.9999993402468117	0.9999235904407655	0.9987335814016919
0.9999999999897907	0.9999993156988909	0.9999278169999473	0.9983126846350662
0.9999999999897867	0.9999992933027603	0.9999282580873599	0.9993823321100487
0.999999999986386	0.999998991162424	0.9999069455384682	0.9976857186126847
0.9999999999857789	0.999998906639216	0.9999138078112064	0.9984540633558253
0.9999999999884768	0.9999991793665933	0.9999181717629746	0.9985290126114907
0.9999999999811408	0.9999985432324314	0.99986000533924	0.9983795188936389
0.9999999999882535	0.9999991785159325	0.9999227704872508	0.9982179801814645
0.999999999998345	0.9999998843645772	0.9999885132671361	0.9997972094890383
0.999999999982965	0.9999988950505055	0.999893647492908	0.9983828425307084
0.999999999978795	0.9999985451566357	0.9998423221343044	0.9971561066750855
0.9999999999957295	0.9999997014763283	0.9999722442293564	0.9994828139261319
0.9999999999835179	0.9999987637729503	0.9998773749891936	0.9976240309448201
0.9999999999831405	0.9999987395007935	0.9998645939137334	0.9980211945264987
0.9999999999801477	0.9999985315685551	0.9998538909415245	0.9984277189517555
0.9999999999871787	0.9999990936601623	0.9999146175396979	0.9990800092489004
0.9999999999816087	0.9999986877846099	0.9998764377124141	0.9980364492647705
0.9999999999892378	0.9999992354398516	0.9999186531227788	0.9985874493294941
0.9999999999872436	0.9999991203356222	0.9999138617612112	0.9984386209198539
0.999999999981151	0.9999986500322818	0.9998537316131684	0.9982439684135899
0.9999999999875826	0.9999991078001642	0.9999006855903425	0.9988839812779978
0.999999999982141	0.9999987539351156	0.9998944474978171	0.9985575409490388
0.9999999999926443	0.9999994759020778	0.9999484393163144	0.9989073639620194
0.9999999999818798	0.9999986670709653	0.9998772471811658	0.9976402305628687
0.9999999999944073	0.9999995927315738	0.9999631590590449	0.9992765782748666
0.9999999999939541	0.9999995894120507	0.9999613837006204	0.9991439362250015
0.9999999999809185	0.9999986797018314	0.9998545736897287	0.9973490631844131
0.9999999999802773	0.9999985717396782	0.9998841701533758	0.9984809750220298
0.9999999999803728	0.9999986321408105	0.9998724502137272	0.9979106285661444
0.9999999999858277	0.999999049215466	0.999898854617786	0.9986904414406106
0.9999999999794787	0.999998576085645	0.999847972590424	0.9977676974787602
0.9999999999850564	0.9999988608547242	0.9998822335542897	0.9979206621286885
0.9999999999800265	0.9999985334866425	0.9998763319359766	0.9982684166174491
0.9999999999750122	0.9999982165171685	0.9998332345489016	0.9982633592138123
0.9999999999889465	0.9999991777459116	0.9999210339577365	0.998951300545271
0.9999999999835691	0.9999987465947382	0.9998679985347944	0.9979111810521903
0.9999999999894138	0.9999992708030911	0.9999324771301583	0.9992921843065244
0.9999999999768515	0.9999983723218817	0.9998377007875136	0.9981318026396175
0.9999999999935381	0.9999995602504862	0.9999512662556369	0.999114738882068
0.9999999999861386	0.9999990533990755	0.9999072650060195	0.9980570484961105
0.9999999999771702	0.9999982952663473	0.9998290258942844	0.9981053849366188
0.9999999999861139	0.9999989293336029	0.999887229743618	0.9984192050791185
0.9999999999837708	0.9999988109530964	0.9998749694437735	0.998449840217943
0.9999999999846685	0.999998868810473	0.9998864835294183	0.9981841835582779
0.9999999999868383	0.9999991239711321	0.9999058064845171	0.9980774603618884
0.9999999999862293	0.9999990095518689	0.9999042658379867	0.9981496109642516
0.9999999999845369	0.999998952492241	0.9998883048432786	0.998356678159194
0.9999999999830017	0.9999988187777007	0.9998749666794555	0.9981224389747397
0.9999999999797526	0.9999985121608769	0.9998559980378126	0.9978987474674638
0.9999999999858615	0.9999990478025798	0.9998963701026724	0.9984136982282844
0.9999999999848472	0.999998924803655	0.9998701560160941	0.998592479775016
0.9999999999833307	0.9999987749484487	0.9998871560255298	0.9984612994706438
0.9999999999852872	0.9999990454568093	0.9998946170679156	0.9981154915180755
0.999999999994786	0.9999996321294291	0.9999679660975616	0.9993269889973881
0.9999999999814788	0.9999986191173119	0.9998635394174028	0.9981494669567471
0.99999999999123	0.999999421617763	0.999942127249674	0.9986971412737989
0.9999999999800997	0.999998637659168	0.9998609451604985	0.9970784829988258
0.9999999999803649	0.9999986561495134	0.9998508833760247	0.9977293656264035
0.9999999999847469	0.9999989335107885	0.9998802305974989	0.9976808405011296
0.9999999999771509	0.9999984684014505	0.9998577563859139	0.9983476889622018
0.9999999999831574	0.999998841525929	0.9998675904436076	0.998547790589943
0.9999999999836119	0.9999987773194832	0.9998637111806261	0.9980652013743928
0.9999999999837275	0.9999988461212422	0.9998767352219808	0.9977511949678932
0.9999999999834063	0.9999987573485839	0.9998773890522149	0.997992657863579
0.9999999999878973	0.9999991438757749	0.999910867982085	0.9983212564293731
0.9999999999873761	0.999999105583207	0.9999130582060317	0.998621462054665
0.9999999999800405	0.9999984691718833	0.9998546254954036	0.99748932828246
0.9999999999893215	0.9999991997303206	0.9999173253504249	0.9988379575427524
0.999999999996799	0.9999997860798423	0.9999773948910788	0.9995739540156624
0.9999999999907077	0.9999993335600443	0.9999342169634334	0.9986769155160843
0.9999999999851591	0.9999988771603968	0.9998952055945	0.9986675947233337
0.9999999999920179	0.9999994354522116	0.9999416873403724	0.9987701402309969
0.99999999998869	0.999999151564394	0.9999157981934804	0.9988847631708369
0.9999999999839593	0.9999989548357706	0.9998688192859202	0.9982629608425221
0.9999999999868574	0.9999991047028427	0.9999143345716911	0.998323464574691
0.9999999999832999	0.9999987143173013	0.9998761847980253	0.9979184883821506
0.9999999999839626	0.9999988742957673	0.9998830712356932	0.9986768911163845
0.9999999999806088	0.9999986349154293	0.9998650262010041	0.9982526124652901
0.9999999999899393	0.9999992409454688	0.9999152896668483	0.9988637884164768
0.9999999999774328	0.9999984725178489	0.999852377263305	0.9977784460495858
0.9999999999854721	0.9999989735161834	0.9998847585214357	0.9981064489230154
0.9999999999841782	0.9999988626174194	0.9998956519127975	0.9984256645730017
0.9999999999762634	0.9999983375529105	0.9998430290612215	0.9980436515557274
0.9999999999826501	0.9999987463878993	0.999877488323718	0.9983688235335473
0.9999999999845386	0.9999989411700483	0.9998956776846736	0.99791171963836
0.9999999999920248	0.9999994424069266	0.9999418847009455	0.9989981620229805
0.9999999999854593	0.9999988955585805	0.999904705649228	0.9980211403807528
0.9999999999837114	0.9999988184929498	0.999874135719473	0.998321287580953
0.9999999999892779	0.9999992395880493	0.999918500474035	0.9982678466041457
0.9999999999820643	0.9999987688948226	0.9998578228253315	0.9984842009130505
0.9999999999828609	0.9999987710892314	0.9998716904097564	0.9987758010406605
0.9999999999907355	0.9999993389607807	0.999930452990593	0.9986367184085572
0.9999999999889378	0.9999992453897599	0.9999182925438362	0.9982216383205166
0.9999999999932282	0.9999995133656656	0.9999442669891404	0.9989435076950207
0.9999999999779418	0.999998437441602	0.999845247838279	0.9980269293025672
0.9999999999810143	0.9999986619132346	0.9998572548321552	0.998901864523908
0.9999999999816845	0.9999986007705872	0.9998731314183581	0.9971915660118809
0.9999999999916149	0.9999993759762441	0.9999441421544117	0.9989960448332764
0.9999999999766537	0.9999983607618959	0.9998347148675465	0.996350065014131
0.9999999999823466	0.9999986694478068	0.9998735226395032	0.9986060520789206
0.9999999999914501	0.9999994126484982	0.9999437275186958	0.998748440561051
0.9999999999885972	0.9999991636110456	0.9999291689728642	0.9982987056205845
0.9999999999785979	0.9999984498172636	0.9998535079677557	0.9983174603144336
0.99999999998007	0.9999984939115409	0.9998461156151761	0.9980607436208939
0.9999999999887094	0.9999991552500357	0.9999157492294725	0.9991143505782316
0.999999999988086	0.9999992018613725	0.999907252617562	0.998654220295922
0.9999999999882991	0.9999991887796812	0.9999256888487023	0.9986622654364568
0.9999999999809688	0.9999986123560488	0.999855811484227	0.9984243411925671
0.9999999999854723	0.9999989739737146	0.9998974567440146	0.998602898406947
0.9999999999878483	0.9999990662667853	0.9999137860167181	0.9983034133240553
0.9999999999891478	0.9999992629165732	0.9999196525899522	0.9991607714972067
0.9999999999901916	0.9999993499913725	0.9999321486162579	0.9987848139148863
0.9999999999840514	0.9999989276429885	0.9998954310247438	0.998076795490821
0.999999999981888	0.9999987506361897	0.999857615691612	0.9971302579773983
0.9999999999903397	0.9999993409474179	0.9999355778579525	0.9984827876013109
0.9999999999887024	0.9999992152918877	0.9999104728966564	0.9985498572808188
0.999999999983894	0.9999988068963075	0.9998899683597088	0.9982038612566255
0.9999999999892794	0.9999991694792695	0.9999156202952086	0.9987093312361333
0.9999999999907312	0.9999993493709814	0.9999410935883953	0.9987971153133538
0.9999999999813899	0.9999985478309389	0.9998760113938668	0.9981179731584758
0.9999999999908092	0.9999993054452964	0.9999456178256291	0.9990556416513536
0.9999999999879977	0.9999991917488656	0.9999080982363212	0.9984304802176658
0.9999999999910524	0.9999993771879004	0.9999278847147741	0.9987944850012254
0.9999999999825399	0.999998620529847	0.9998803939364058	0.9972883000336729
0.9999999999828009	0.9999988210332744	0.9998857147243846	0.9974297470635098
0.9999999999828908	0.9999987704494553	0.9998717429106886	0.9987907787648713
0.9999999999931446	0.9999995353036513	0.9999466746098074	0.9993220072727514
0.9999999999925197	0.9999995172809819	0.9999451898676568	0.999004945928534
0.9999999999928926	0.999999523104271	0.9999499298085323	0.9990898636080972
0.9999999999948499	0.9999996605051479	0.9999631380326833	0.9992952371629058
0.9999999999855886	0.9999989608698685	0.999886024819661	0.9987854232008124
0.9999999999851318	0.9999988896814863	0.9998890429579609	0.9981812654741485
0.9999999999955218	0.9999997133308107	0.9999709210023948	0.9994369797743744
0.9999999999776853	0.9999983753415133	0.9998403048633864	0.9968837685925823
0.9999999999809566	0.9999986793033511	0.9998597758826187	0.9983395792998008
0.9999999999884409	0.9999991738666244	0.9999164687067742	0.998617804129797
0.999999999985157	0.9999990288104027	0.9998882431819175	0.9981379319327948
0.9999999999852521	0.9999989949181024	0.9999039872924207	0.9978285084881925
0.999999999985257	0.9999988678669498	0.9998966727486511	0.998296356880377
0.9999999999917752	0.9999994343310269	0.9999435228855414	0.9988269970965281
0.999999999985873	0.9999990396964488	0.9998974207006832	0.9982341344106052
0.9999999999849605	0.9999988204555913	0.9998806242216868	0.9978023190588946
0.9999999999830095	0.9999988719244658	0.9998732871268196	0.9984353248041941
0.9999999999821609	0.9999987172433036	0.9998814805304866	0.9988474594211492
0.9999999999842204	0.9999988967483107	0.9998906391250908	0.9985840519191942
0.9999999999913308	0.9999994035564997	0.9999471363059649	0.9987936294602334
0.9999999999806545	0.9999986216178279	0.9998517217570927	0.9985309279492572
0.9999999999866905	0.999999009780221	0.9998954017743822	0.9983715539587376
0.9999999999859582	0.999999027561853	0.9999003497743125	0.9980024254007911
0.9999999999822391	0.9999986533672157	0.9998612453508524	0.9982588170086828
0.999999999989854	0.999999263900031	0.9999295621441191	0.9984468429212701
0.999999999986357	0.999998960677819	0.9998928838634276	0.9986899691880413
0.9999999999832321	0.9999987484478785	0.9998820345001995	0.9984276554823911
0.9999999999941951	0.9999995794957827	0.9999581549622847	0.999123560217391
0.999999999990351	0.9999993025312665	0.9999330351442675	0.9991820757259714
0.999999999986946	0.9999990117618226	0.9998986315012687	0.9982492065719161
0.9999999999819751	0.999998616667244	0.9998558825505844	0.9980067335988118
0.9999999999802989	0.9999986045412763	0.9998642627623826	0.9988989408609427
0.9999999999800786	0.9999985831768669	0.9998517147731462	0.997594177581527
0.9999999999780309	0.9999984854351801	0.9998562157857156	0.9981521640198078
0.9999999999917575	0.9999993954625565	0.9999428211028728	0.9993087426116112
0.9999999999828556	0.999998748493844	0.9998795917615008	0.9981069821051577
0.9999999999954426	0.9999996829657424	0.999970843159093	0.9993713210753934
0.9999999999863833	0.9999990479477647	0.9998917839266925	0.9983522791210118
0.9999999999831749	0.9999988288152128	0.9998789660976581	0.9979443119854264
0.9999999999964392	0.9999997454595436	0.9999753265080297	0.9995845781805267
0.9999999999836194	0.9999988534474582	0.999876511092522	0.998620639057461
0.9999999999800743	0.9999986582041883	0.9998577159567219	0.9981385064897452
0.9999999999870364	0.9999990851772141	0.9999089219292012	0.9989334364292969
0.9999999999770888	0.9999984708048054	0.9998526332430029	0.9984709035595655
0.9999999999809555	0.999998773810231	0.9998808315073326	0.9981309919024296
0.9999999999918401	0.9999994135844839	0.9999390183082617	0.9987582992731585
0.9999999999918032	0.9999994317590951	0.9999304376969237	0.9989014250144881
0.9999999999953373	0.9999996516752746	0.9999667727256881	0.9993518138658599
0.9999999999856038	0.9999989707993454	0.9998948011374637	0.9979920038019983
0.9999999999885487	0.9999992076451514	0.9999110750276501	0.9983782254610077
0.9999999999906274	0.9999993184597135	0.9999223251198602	0.9992009207595137
0.9999999999851915	0.9999990469927164	0.9998926894581466	0.9974370393546141
0.9999999999919182	0.9999994625665241	0.9999405440812377	0.9989825314652667
0.9999999999834221	0.9999987914866261	0.9998795656353398	0.9980221994122553
0.9999999999959192	0.9999997052249727	0.9999697158799309	0.9993868059421908
0.9999999999796306	0.9999985688538938	0.9998405098791145	0.9979250795097678
0.9999999999776513	0.999998414395936	0.999857469970447	0.9976539077430732
0.9999999999829259	0.999998872038033	0.9998771911965804	0.9982478633408367
0.9999999999891372	0.9999992321169744	0.9999266305657658	0.9983643412269556
0.9999999999905488	0.9999993861217105	0.9999279140193662	0.998856535760762
0.9999999999851972	0.9999989252806335	0.9998828636533086	0.9977739403910844
0.9999999999898134	0.9999992339205543	0.9999291009313933	0.9984668702728835
0.9999999999914898	0.9999993826130102	0.9999416484787033	0.9988043228663944
0.9999999999865229	0.99999910258518	0.9998896904999122	0.9989624604319902
0.9999999999904778	0.9999993676059642	0.9999275815660955	0.9989464025976242
0.9999999999813641	0.9999986659500228	0.9998622014059658	0.997540375576357
0.9999999999808862	0.999998699137075	0.9998625433412376	0.9979481714899207
0.9999999999919345	0.9999994359359397	0.9999412542975019	0.9988391628348453
0.9999999999911886	0.999999352153701	0.9999382656638541	0.9988958002441214
0.9999999999808264	0.9999985695709322	0.99984363329085	0.9981545289881768
0.9999999999847021	0.999998905095287	0.9998797073562834	0.9987926564015497
0.9999999999827407	0.9999986494811913	0.9998801179550819	0.9983843575718551
0.9999999999811177	0.9999986833955987	0.9998735383830366	0.9982899443144349
0.9999999999854897	0.9999990067251909	0.9998998243022855	0.9978498140709371
0.9999999999815768	0.999998676837577	0.9998538861355752	0.9980490982223609
0.9999999999836546	0.9999988177573442	0.9998953574087045	0.9983913251845243
0.999999999975347	0.9999983119830791	0.9998355638542247	0.997957808950647
0.9999999999834213	0.9999988960738772	0.9998835323927646	0.9986071353453565
0.9999999999803141	0.9999987230303592	0.9998806983808269	0.9978064952082119
0.999999999989118	0.9999991520379767	0.999914642832636	0.998480056728728
0.9999999999937521	0.9999995337703901	0.9999556368174489	0.9991537892862231
0.9999999999899539	0.9999992630454305	0.9999320159301135	0.9992927560478116
0.9999999999871607	0.9999991867863682	0.9998982774066772	0.9987879482292786
0.9999999999902157	0.9999992440629369	0.9999364185807125	0.9986253670160966
0.9999999999893014	0.9999991724835718	0.9999178897438541	0.9987111883621198
0.9999999999849714	0.9999990142760887	0.9998861711194279	0.99869965763477
0.9999999999819807	0.9999985822638825	0.9998607834785177	0.9978681652597757
0.9999999999843046	0.9999988004966707	0.9998770333557203	0.9974178322980976
0.999999999984769	0.9999988559240879	0.9998955647040927	0.9988808098378614
0.9999999999887887	0.9999992388330595	0.9999268372572861	0.998449279232562
0.9999999999844988	0.9999989290290371	0.999901005191152	0.998562778304974
0.9999999999852169	0.9999989645467545	0.9998885473698573	0.999001447922901
0.9999999999912739	0.999999430057294	0.9999388543170626	0.9994359872141517
0.9999999999815876	0.9999986439221502	0.999864640026818	0.9984113616521672
0.9999999999924468	0.9999994492871708	0.9999442833922343	0.9994040030097429
0.9999999999941036	0.9999995817283039	0.999958577197079	0.9991226541303035
0.9999999999776041	0.9999984398808571	0.999845003671573	0.9979418808385793
0.9999999999907215	0.9999993202994003	0.9999287031000096	0.9991905389968367
0.9999999999821035	0.9999988408872356	0.9998627774204598	0.9977155606254008
0.9999999999839668	0.9999988505387141	0.9998722675925399	0.9982661876059701
0.9999999999822077	0.9999986288341984	0.9998736025921446	0.9987742720235016
0.9999999999881598	0.9999992099592085	0.9999099134231453	0.9979858807174824
0.9999999999899828	0.9999992435466624	0.9999338580934826	0.9989758293793073
0.9999999999917653	0.9999994409606366	0.9999415947679758	0.9988338350663882
0.9999999999902822	0.9999992622353323	0.9999328786729709	0.998557168462477
0.9999999999810767	0.9999987474174771	0.9998699072917915	0.9977605809238307
0.9999999999858501	0.9999990989017404	0.9998927882664123	0.9983629566029798
0.9999999999829192	0.9999987278018984	0.9998693618833702	0.9977339023425084
0.9999999999897617	0.9999993137760264	0.9999179467441528	0.9986108466719583
0.9999999999888544	0.9999991290494694	0.999924912786408	0.9984416526682749
0.9999999999885836	0.999999111400691	0.9999096845164828	0.998331598337535
0.9999999999913476	0.9999994003460598	0.9999346650789505	0.999395654769808
0.9999999999831171	0.9999988670337995	0.9998620786681721	0.9983634019242671
0.999999999986011	0.9999990104211691	0.999892516616309	0.9984985387394266
0.9999999999818062	0.9999987880278821	0.9998696312714132	0.9983935401362531
0.9999999999858415	0.9999990481641078	0.9998987206850112	0.9984467586887198
0.999999999988008	0.9999991131340159	0.9999074231046973	0.9983984082753347
0.999999999980263	0.9999985880271873	0.9998483221763319	0.9986013768647738
0.9999999999801606	0.9999985487654383	0.9998506616581302	0.9985165064052038
0.9999999999757191	0.9999984628784414	0.9998371426619045	0.9981866923977079
0.9999999999937242	0.9999995953552534	0.9999574876147993	0.9991556273709483
0.9999999999810955	0.9999985499225205	0.9998614045124556	0.9971937633176675
0.9999999999951961	0.9999996721689322	0.9999658811803204	0.9993121604123395
0.9999999999821737	0.9999987011820007	0.9998788283905841	0.9978360313378235
0.9999999999843252	0.9999987245357876	0.999868507167952	0.9982668926960961
0.999999999986572	0.9999989785556254	0.999885588041026	0.998070902220012
0.9999999999835955	0.9999987804361772	0.9998799986812563	0.9980379991349577
0.9999999999801661	0.9999984536373107	0.9998525589829507	0.9982257872869036
0.9999999999974756	0.9999998289684997	0.9999838311219708	0.9996730476911163
0.9999999999837834	0.9999988193221827	0.9998986742826129	0.9986890471641398
0.9999999999842498	0.999998960708817	0.9998785568427375	0.9979299651611743
0.9999999999835774	0.9999988311801562	0.9998820312610092	0.9983878805178044
0.9999999999875927	0.9999990974304618	0.9998968033734406	0.9986514734058072
0.9999999999789811	0.999998583004002	0.9998558700314697	0.9981713647424328
0.9999999999953052	0.9999996997524594	0.999971371679638	0.9993642752227763
0.99999999998478	0.999998879075303	0.9998808062518968	0.9981273513392845
0.9999999999865068	0.9999990657824608	0.9999094242406233	0.9985993051778613
0.9999999999963334	0.9999997497916728	0.9999771408618351	0.999560523849795
0.9999999999806621	0.9999987237308613	0.9998621047826545	0.998011470628315
0.9999999999815823	0.9999987308862135	0.9998753524620262	0.9971351878565687
0.9999999999796549	0.9999985021264631	0.9998583370445974	0.9977241279372707
0.9999999999938303	0.9999995367443418	0.999956699330601	0.9991391083643982
0.999999999989749	0.9999992814836676	0.9999341059202984	0.9985279208724306
0.9999999999834958	0.9999987052405052	0.9998696045281354	0.9982746724227303
0.9999999999812895	0.9999987425201892	0.999880621021592	0.9983357761392865
0.9999999999838831	0.9999989589030864	0.9998851034667066	0.997853618118191
0.9999999999921757	0.9999994373866865	0.9999389653139126	0.998738686709472
0.9999999999832174	0.9999987575910277	0.9998758969730707	0.9982615414275405
0.9999999999852237	0.9999990010956631	0.9998837310741199	0.9984093610863145
0.9999999999824738	0.9999987575971446	0.9998661222440345	0.9972231112494083
0.9999999999959025	0.9999997043070572	0.9999691160237073	0.999432565433969
0.9999999999801217	0.9999985003719295	0.9998614661823381	0.9974344554832023
0.9999999999892988	0.9999992196487087	0.9999293594280784	0.9985063087876405
0.9999999999934504	0.9999995296965863	0.9999567851137907	0.9990170841011602
0.9999999999816463	0.999998634599382	0.9998699904979991	0.9983634414767938
0.9999999999849896	0.9999989354691007	0.9998962774031697	0.998735195394007
0.9999999999854324	0.9999990117468501	0.9998961561777975	0.9988442759535058
0.9999999999959651	0.9999997343130775	0.9999753518388278	0.9995364703412344
0.9999999999911585	0.9999993272555666	0.9999322611094881	0.9987494351808344
0.9999999999902874	0.9999993224545771	0.9999338122674465	0.9987867285150239
0.9999999999863396	0.9999990270671777	0.9999087131064213	0.9982307246415455
0.9999999999804006	0.999998769602716	0.9998571577533314	0.9980765201006204
0.9999999999834572	0.9999987325242515	0.999872216661761	0.9979816038947461
0.9999999999825315	0.9999987020970782	0.9998720484219652	0.9979090633887218
0.9999999999793032	0.99999857936428	0.9998504456902856	0.9971154525196456
0.9999999999807301	0.9999987909971861	0.9998471996426005	0.9986236813264552
0.9999999999896338	0.9999992298049664	0.9999222279909316	0.9989175701123021
0.9999999999887569	0.9999991677264345	0.9999290790663905	0.9990561729734523
0.9999999999933308	0.999999537647614	0.999956437686397	0.9990700592698003
0.9999999999809073	0.9999985362456967	0.9998581885593424	0.9983263292515797
0.9999999999868001	0.999999030272936	0.9998969002968796	0.9986513409597624
0.9999999999851826	0.999998924629237	0.999880791795512	0.9987029538849127
0.9999999999904152	0.9999993164182707	0.99992987741594	0.9987553476901856
0.9999999999898465	0.9999992674429627	0.9999256780311777	0.9982652108088698
0.9999999999813932	0.9999987707123157	0.9998625424913874	0.9980929243811506
0.9999999999899757	0.9999992646026185	0.9999204563662552	0.9985262827812013
0.9999999999872424	0.9999991389276529	0.9999028806390763	0.9990570985418978
0.9999999999899348	0.9999992695939638	0.999928595538818	0.9985894908027239
0.9999999999811229	0.9999986339768152	0.9998647503945572	0.9980136544867194
0.9999999999824382	0.9999986320728322	0.9998752083996097	0.998353809552818
0.9999999999958527	0.999999707101026	0.9999732612224879	0.999475573319066
0.9999999999821884	0.9999987362926588	0.9998823039237814	0.9982598673727058
0.9999999999917234	0.9999993831492294	0.9999416452630869	0.9987226687740851
0.9999999999848046	0.9999989072058838	0.9998766530800335	0.99874471828023
0.9999999999830765	0.9999987481450205	0.999868802434127	0.998655781917595
0.9999999999887426	0.9999991063773137	0.9999003488997448	0.998788832336066
0.9999999999843853	0.9999987819001223	0.9998949424983109	0.9982836489114051
0.99999999998436	0.999998872666686	0.9998777638545062	0.9975168612304638
0.9999999999898692	0.9999993357594736	0.999924320562973	0.9985191472426264
0.9999999999825855	0.9999987583944012	0.9998829664673371	0.9979304866170656
0.9999999999831747	0.9999989507400143	0.9998727207226971	0.9977999780869247
0.9999999999872228	0.9999991156297453	0.9999092697215937	0.9985217306864344
0.9999999999839877	0.9999989299243497	0.9998899091672113	0.9974359518321426
0.9999999999844089	0.9999987624008347	0.9998900607988083	0.9980161352510374
0.9999999999950914	0.9999996674614018	0.99996706627508	0.9993030530212266
0.9999999999805896	0.9999986547278956	0.9998656361442481	0.9979336181357832
0.9999999999862842	0.999998954459902	0.9998929783588216	0.9988041065076682
0.9999999999815803	0.9999988017892171	0.9998610204967185	0.9982647626223409
0.9999999999836157	0.9999989092376488	0.9998825644209383	0.9977484665743006
0.9999999999887805	0.9999991913943249	0.9999136733771554	0.9981796525084514
0.9999999999889001	0.9999991332704818	0.9999204333118987	0.9990568881220782
0.9999999999867604	0.9999990975875008	0.9998931160276088	0.9982704865818247
0.9999999999925872	0.999999444521531	0.9999405218151408	0.9988727515433539
0.9999999999853222	0.9999989757593472	0.9998913235244234	0.9983496255197049
0.9999999999848427	0.9999989018494585	0.9998748747869693	0.9977884090487538
0.999999999985014	0.9999988902437159	0.9999104546932135	0.997978627012436
0.9999999999812873	0.99999880208411	0.9998653016214943	0.9980414759294565
0.9999999999809399	0.9999986291160416	0.9998637318054793	0.9982098150028565
0.9999999999797998	0.9999985543148556	0.9998490405541341	0.9980106536093372
0.9999999999874165	0.9999991671373287	0.9999051101509986	0.9986349620555243
0.9999999999812123	0.9999986076156241	0.9998503256492121	0.9982329590101114
0.9999999999854137	0.9999989171959135	0.9998928285840635	0.9982799180535259
0.999999999989805	0.999999352216806	0.9999248610560698	0.999114968376099
0.9999999999847047	0.9999989593438247	0.9998895448469214	0.9987963153559517
0.9999999999902107	0.9999992904874931	0.9999240346092998	0.99851495933261
0.9999999999885075	0.9999991610726182	0.9999167674650158	0.99804934321242
0.9999999999952939	0.9999996696698161	0.9999671680151806	0.9994017111482597
0.9999999999855987	0.9999990365336837	0.9998987403804522	0.9980418325258826
0.9999999999830735	0.9999988411086952	0.9998891843322384	0.9979488634291217
0.9999999999847969	0.9999989113688704	0.9998836677391958	0.9984401200106288
0.9999999999796791	0.9999985138206783	0.999861415292247	0.998517155118127
0.9999999999793867	0.9999983720013393	0.9998423870518314	0.997281564395442
0.9999999999826845	0.9999988372786947	0.9998797457635207	0.998188239148168
0.9999999999842917	0.9999987908657103	0.9998697241371752	0.9985416707416086
0.9999999999822952	0.9999987303108944	0.9998611056054288	0.9977414684495555
0.999999999981246	0.9999987064707712	0.9998756750543959	0.9984301909562169
0.9999999999843989	0.9999989325286824	0.9999076552316211	0.9976635728029226
0.9999999999846104	0.999998863260163	0.9998872119401484	0.9986430637134105
0.9999999999927875	0.9999995211733833	0.9999465076095239	0.9990752091386148
0.9999999999877089	0.9999992142638928	0.9999074165624993	0.9983180771065088
0.9999999999839472	0.9999988496645235	0.9998776039423961	0.9981490147480804
0.9999999999830612	0.9999987899936392	0.9998867425700491	0.9978526657005405
0.9999999999879072	0.9999991099865905	0.9999190247145388	0.998996907369807
0.9999999999774992	0.9999983901227136	0.9998353592121795	0.9983269527992801
0.9999999999840536	0.9999989283247787	0.9998786817995354	0.9983659275764926
0.9999999999884489	0.9999991818804961	0.9999102226759573	0.9987721474024037
0.9999999999863027	0.9999989973399473	0.9998975650272257	0.99762039938552
0.9999999999911081	0.9999994082911406	0.9999262980466069	0.99911478141757
0.9999999999901733	0.999999332202278	0.9999279545787239	0.9989879080779575
0.9999999999762412	0.999998315059236	0.9998285681858742	0.9981641145793473
0.9999999999870064	0.999999135159715	0.9998834642380455	0.9977251113672172
0.9999999999849746	0.9999989966380829	0.999902438355629	0.998160940216209
0.9999999999800734	0.9999985771975438	0.9998526955233761	0.9983098266659434
0.9999999999904514	0.9999993221880407	0.9999300693354302	0.9989336205164694
0.9999999999933886	0.9999995680213415	0.9999589895720297	0.9990401701310373
0.9999999999815786	0.9999987472811398	0.9998626922904931	0.9979617783304429
0.9999999999858415	0.9999989691993967	0.9998897044298852	0.9989874439268341
0.9999999999841259	0.9999988265094943	0.9998887910245723	0.9986719012735564
0.9999999999885788	0.9999991609494278	0.999913497394776	0.9983940062235637
0.9999999999848209	0.9999989293044143	0.9999095724043519	0.997800869273305
0.9999999999899338	0.9999992539361673	0.9999271418424325	0.9986238537619276
0.9999999999862444	0.999999132450272	0.9998967663933954	0.9988616905522297
0.999999999985619	0.9999988825547231	0.9998993172943486	0.9982646630567655
0.9999999999833158	0.9999987953849182	0.9998944996197835	0.9979289404591302
0.9999999999872204	0.9999991133571274	0.999900805279975	0.9979681931196946
0.9999999999873674	0.9999990738836283	0.9999089963249493	0.9985057392446192
0.9999999999838884	0.9999988443898238	0.9998851333192952	0.9975313550402239
0.9999999999805017	0.9999985403322089	0.9998582617643046	0.9979056794690955
0.9999999999812962	0.9999986661371397	0.9998621123933411	0.9983800431183569
0.9999999999874871	0.9999991255432801	0.9998983476800505	0.9977504493756908
0.9999999999802128	0.9999986049943334	0.9998488948085246	0.9984744912526607
0.9999999999871967	0.9999991139606372	0.9999179608183455	0.998136522243156
0.9999999999866331	0.9999989843904057	0.999919038169278	0.9989769233152793
0.999999999982489	0.9999986881706946	0.9998884497068729	0.998235314199549
0.999999999994034	0.9999995840246886	0.9999582403523927	0.9992488885305433
0.9999999999870055	0.9999991624519322	0.9999086928009231	0.9990734766494981
0.9999999999811666	0.9999985877587451	0.9998537255580423	0.9977666759987669
0.9999999999757179	0.999998367062008	0.9998344872909638	0.997975958439334
0.9999999999834905	0.9999987785851311	0.9998662698899711	0.9983635681516158
0.9999999999886587	0.9999991653511098	0.9999293332913062	0.9991629788974562
0.9999999999821488	0.9999986758566993	0.9998676957259945	0.9980692586795243
0.9999999999860627	0.999999020871675	0.9999083099419878	0.9980406047166148
0.9999999999797814	0.9999986031267987	0.9998685298832082	0.9975177674013311
0.9999999999951473	0.999999674938765	0.9999688147330911	0.9993127979573113
0.9999999999809791	0.9999985995566272	0.9998525196023922	0.9982388790069868
0.9999999999943238	0.9999995879957657	0.999955816891466	0.9992075049668373
0.9999999999954	0.9999996847664199	0.9999684880781036	0.999347048319714
0.9999999999857208	0.9999989720705795	0.9999009479014254	0.9989126585115073
0.9999999999833387	0.9999987883081285	0.999874506473985	0.9981471525118557
0.9999999999805242	0.999998668218024	0.9998460839450757	0.9978855764635313
0.999999999976828	0.9999984636788365	0.9998452215460218	0.9976983638565725
0.9999999999819074	0.9999987268492315	0.999879694124956	0.9985954643606787
0.9999999999840117	0.9999988220367669	0.9998796519565749	0.9982123900834241
0.9999999999883382	0.9999992626280626	0.9999271674236738	0.999153291705384
0.9999999999836946	0.9999988725927982	0.9998740684958568	0.9974679284702577
0.9999999999859469	0.9999990121887077	0.999890896403094	0.9988889498575821
0.9999999999832515	0.9999988051400303	0.9998796387169696	0.9981943357004714
0.9999999999815467	0.9999986469895121	0.9998600616361215	0.9980933576113975
0.9999999999822521	0.9999986770729803	0.9998694998792419	0.9982682356641546
0.9999999999890157	0.9999992496389538	0.9999243809864793	0.9984402550476941
0.9999999999807734	0.9999986990188051	0.9998568446711653	0.9979103363278862
0.9999999999780314	0.9999984982375169	0.9998537216147045	0.9990525977727457
0.9999999999842301	0.9999988414674791	0.9998728194592157	0.9980603052413655
0.9999999999867807	0.9999990904182927	0.9999086222275995	0.9983973114371614
0.9999999999768618	0.9999983775155041	0.9998347553910475	0.9983143737685658
0.9999999999940694	0.9999995989253649	0.9999584323571107	0.9991224659796789
0.9999999999833347	0.9999989018707578	0.9998722091981362	0.9984156274853659
0.9999999999896453	0.9999992668832582	0.9999225166754626	0.9988467201789549
0.9999999999803162	0.9999985406841022	0.9998673686488134	0.9982094992268239
0.9999999999876247	0.9999990618001199	0.9999050751008379	0.9982404526304366
0.9999999999935044	0.999999558011359	0.9999492062419452	0.9991346017604028
0.9999999999773698	0.9999984130575154	0.9998597489255986	0.998763566344141
0.999999999993299	0.9999995412897713	0.999949306591577	0.9989290635244004
0.9999999999928322	0.9999994907637325	0.9999483317083169	0.9988338360164073
0.9999999999886633	0.9999991582267123	0.9999261840746158	0.9985073223084544
0.9999999999948207	0.99999961088853	0.9999640095404576	0.9992942626813724
0.9999999999824205	0.9999989224672724	0.9998731535422816	0.9981538623325166
0.9999999999876906	0.9999991717565915	0.9999136637640289	0.9990824703558882
0.9999999999957123	0.9999996861678445	0.9999708295999515	0.9994447614083212