0.9949327071654128	0.7032721949934378	0.47057004722341533	0.35031133976220796
0.9922618342631252	0.6977713947144323	0.549643351691736	0.46483163272780664
0.9911021164418516	0.7982609085417557	0.6611512139854151	0.48724542753053324
0.979977459360461	0.6059427383744881	0.37367379114744315	0.3629123594454246
0.9941456145713218	0.6564736083440698	0.46877828910063485	0.3977583070975997
0.9879267483691181	0.6077827580696221	0.4984868616317852	0.3576843656759886
0.9946772388715861	0.7088530598094066	0.47827738641837014	0.3506353999167943
0.9767084847551826	0.4854648689145521	0.34366071526221575	0.34105761229288956
0.9860936931986708	0.5780500566344312	0.4534282016807907	0.32841893812426515
0.9849992312598775	0.5764941145268938	0.38848691532274615	0.34408829281761605
0.9970676087879004	0.7144848761427353	0.5170832601964572	0.4250883693149905
0.996963140737075	0.8663017905503692	0.5020269923046639	0.4239458793817657
0.9856163742138463	0.5207610887375144	0.33888596789956804	0.22397563949597923
0.9782221562786966	0.6072668093281511	0.3744205944500069	0.32687914748179697
0.9937652722465629	0.6443957967222749	0.4989747953627936	0.4801588955304263
0.9937107254608483	0.6953672445803092	0.4715262280658082	0.4160308081465874
0.9940259163442792	0.6405955884987624	0.5192192313143845	0.45310952378916014
0.9957430286991429	0.6289427012322606	0.49883183270296433	0.48067188249145293
0.9889702995364731	0.5037883326492627	0.3274074745553343	0.2973509604346308
0.9889950417622904	0.7325477088911124	0.5637397512355348	0.37675947194954595
0.9958009952125163	0.8526922729736252	0.5745786824134639	0.41825315510079847
0.9968144684255633	0.7225776574095125	0.5097530944636864	0.3875729819170574
0.9932844211590832	0.6340735615421706	0.4901418996815271	0.35733911010791314
0.9990599616292941	0.9698100330082218	0.7980030355026198	0.543331734031721
0.9964731555650694	0.8436630655902303	0.5241663877798639	0.38946233741766384
0.9914124097780044	0.7609212747956692	0.4933851483547069	0.3906552619081941
0.9922061327848566	0.5690470235376148	0.5217777478589736	0.41296896989085863
0.9965383337155799	0.6034009834605769	0.5096469080162788	0.3775040114952456
0.9794271233389791	0.5490603521041473	0.3092128814990183	0.28657255095481593
0.9954161217085798	0.5988975108370839	0.430754101114279	0.34218015040101146
0.9962187737484308	0.8184422721610773	0.5311406013538225	0.4251354155011461
0.9960120059825348	0.8531116193411813	0.5574065205660149	0.4962245571621727
0.9931271870928224	0.7015783532507347	0.5155696590327269	0.326398714188923
0.9911390319415234	0.5458668232093188	0.39125092222692187	0.38504977877990815
0.9860760390313286	0.55363283780129	0.36330116811622376	0.24723228548111206
0.9976818024827779	0.736410940218186	0.5049343198929485	0.4257829212913653
0.9996496658743297	0.9682144361123373	0.8439020408621809	0.7541963646386719
0.993665610148562	0.829068356286954	0.5860348862584248	0.41843098939775625
0.9922456165427855	0.5930273522204834	0.3800828426006017	0.3073534427733255
0.9981329302569003	0.8688437613473939	0.6134647875958728	0.48739014233547306
0.9956116913092299	0.8061640015060303	0.5146020016218185	0.3971269888154744
0.9962457471866137	0.8008948735990068	0.5189318220534573	0.40921014426449076
0.9963778244118005	0.7140029913221949	0.4949476077552087	0.38784624106243104
0.9928855427282794	0.5701531839146982	0.43312620049643447	0.39214709726010405
0.9877781086974049	0.6581411978076536	0.5127290479744977	0.42452409128015567
0.9926451141311973	0.5959827271667894	0.41431065949556567	0.327110955067022
0.985980881667407	0.5539754485794146	0.38660056512159247	0.28957150431181966
0.9960455941046298	0.8596629208617331	0.5461788249902402	0.47563335271371804
0.980068396354516	0.5351491259184928	0.4058735198828754	0.30884722205371096
0.998054906849053	0.7576958992184083	0.49178993673016813	0.41248246026885416
0.9835325580203192	0.6111881953518911	0.4820455105350585	0.3039871766583458
0.9888176262132827	0.5468299296820516	0.41319522488922894	0.3175989808830709
0.9970804462642355	0.7775593825366758	0.49809823487323585	0.4444898173260339
0.9947443630920431	0.7872692017781681	0.4385884236241611	0.3867162679017047
0.990351430491869	0.6625441828260236	0.421500931405253	0.29899326346718375
0.9744469270670013	0.539888750808115	0.42245332292399207	0.3361061327197855
0.9865197043856182	0.6537021693610395	0.40977423340618235	0.34336348900676905
0.9783040800654048	0.4765964710314217	0.3218395435155289	0.2915915240305799
0.9863549776261702	0.5419896125299245	0.5203776897317804	0.4058643585879044
0.9898520253562291	0.7198636968077979	0.6035843930246675	0.5177302696264721
0.9899423711193803	0.6242671689140417	0.41513114665190315	0.32046329020380254
0.9754448672033156	0.4547656397844625	0.2733767313692578	0.2272253660986297
0.9973571601273468	0.8405914404286224	0.5710478758095776	0.42399197392654214
0.9871718054516482	0.5724610667942353	0.40149397583643076	0.34779400921108783
0.9903486556505162	0.5719263052582794	0.4935070454272151	0.4288717761275156
0.9932969665575715	0.6892331827837744	0.4644533329757567	0.363183291091851
0.994346155455152	0.7305949283968269	0.4957596597355263	0.40321908369713927
0.9912148184086347	0.7100043865505632	0.5419189222146089	0.4254007150785832
0.9841428148835469	0.6180614403260308	0.4523591232339154	0.4154033207151343
0.9773920090123518	0.5603934852133774	0.3998040767061435	0.295595812496201
0.9737147356056299	0.4833671399729668	0.33287037372168254	0.33381531559910743
0.9939881741657268	0.6094185551924405	0.48583551776664297	0.38030753371549053
0.9924783677389031	0.5546762688459408	0.43830764447031	0.44779733415036255
0.9921467233580622	0.7234171890460368	0.5902099203517331	0.41437991973968735
0.9925683757506101	0.6992159203024212	0.4719059258387984	0.37187714646941683
0.9991489488909988	0.851278563975685	0.6446421894831663	0.5247453481095395
0.9993150865367147	0.8813265775825841	0.5370330522202519	0.520110836762314
0.9910528485041965	0.695858080694463	0.4181625105914462	0.34645129029614835
0.9931298686602404	0.7422521032266285	0.47053985699307416	0.3531538521323836
0.9902733811318493	0.5812021671526463	0.4132151327589901	0.32054059743337765
0.9878707077364877	0.561316000843988	0.3883690003366291	0.2522025709756286
0.988871953287064	0.5777622608341598	0.38513627697896274	0.25120727376331364
0.9947399159339255	0.7235708327829363	0.4713929900024783	0.3744335184367434
0.9858293237382567	0.6235845209466508	0.4815540185610343	0.439692778587782
0.9867011995642131	0.5916357278411463	0.5016927661490412	0.36546230531190876
0.9916688185252247	0.7650773065569432	0.4436899621427724	0.3789625534409665
0.9889980465155055	0.5291175925151922	0.386044485999852	0.3263590323342771
0.9969585035943055	0.7723180698387293	0.5254199786038225	0.4206925911465759
0.9864505886129954	0.5245721051421043	0.35030304943971574	0.29484622847140074
0.9956400515031131	0.7716956610073613	0.5319860955561553	0.4173140325667806
0.9974628390338508	0.8689830032933323	0.6895985364067251	0.5354383631035279
0.9970564781334623	0.8231275506614998	0.6253329032572089	0.5099800672949161
0.993741278592487	0.7740271776044959	0.548199074411266	0.41271983687010255
0.9955749531264131	0.7843780817896928	0.6363288987770178	0.5143394205508492
0.9832406325763083	0.5101522081938529	0.4175104995134926	0.27520372218812217
0.9981767611195668	0.8640008784555809	0.6057815632940172	0.49565631193441234
0.9905072716192682	0.5923037826428534	0.43810035709759443	0.334192172604041
0.9963282566354292	0.6975596569389628	0.4860315818996826	0.3688044697672431
0.9834147684683692	0.6854450751356109	0.38221064214862505	0.3663513895259794
0.9946124940707102	0.7597770866516476	0.45008121489264796	0.4205875303137816
0.9946829250758019	0.8499022990403092	0.6051581894690099	0.4205900567884523
0.993866692399783	0.6972558600668642	0.5068755726190887	0.40119812673653665
0.9978013902348966	0.8734902871836726	0.7546343171584448	0.5868479811409391
0.9946370967198153	0.6210549411411697	0.5242497310260333	0.38781752118193974
0.9821253821479538	0.6038705787162009	0.4481821126231575	0.4287937278154954
0.997657566057232	0.6965836402639041	0.51137276473795	0.4809190512462937
0.992792263965904	0.8015233761651032	0.5885811987407742	0.41889555493918146
0.9926622951708617	0.6155799113738759	0.42677691385789196	0.31952955537576316
0.9879600424453855	0.6647188565137012	0.39752847958465753	0.361418783654815
0.9867798288161042	0.7383901994037081	0.46673363512894306	0.4202401473213139
0.9836119079353889	0.49786996966107716	0.3901544484781148	0.3559296632578686
0.9943393952398231	0.7435121939817407	0.4919452441729055	0.4053051128587555
0.9922461905430636	0.7322223849845383	0.4217768242132062	0.4002373197442561
0.9951858633162715	0.6036874537594913	0.4930610419984031	0.5010509594191677
0.9936665027793405	0.6507871809293724	0.4386150093004517	0.3510431807723112
0.9896389217721333	0.535763290980939	0.405868221977285	0.41112976116795197
0.9973579598166192	0.7498342842370526	0.5748398808087806	0.41844122391483035
0.9946137380423353	0.5739256717610959	0.46772127539114594	0.3445029802769382
0.9849298381844017	0.7368090751080184	0.5362809596223365	0.38807412485970827
0.988337083007492	0.48781777783508545	0.3972803937331178	0.303748814376162
0.9917443807204833	0.6151293801367251	0.40819608740800256	0.3466079498292915
0.991980476375744	0.7654275412955422	0.557762710555845	0.40279045466901214
0.9938243263914962	0.7942844008668116	0.5271962509256416	0.40110314727497837
0.9910604897742662	0.6208462852605983	0.46244271832261885	0.4079985553045976
0.9955072237147282	0.6596376661192761	0.5020873839296754	0.46658438722978607
0.9966154013430712	0.638745659100404	0.5505537316381999	0.4819320619648071
0.9945075995267182	0.6996762370540585	0.4875113178021907	0.42986025833833436
0.9955129573767967	0.7684137171626776	0.5935002127150453	0.44274496733655344
0.984191142442779	0.531435820437388	0.45973132106803893	0.33248779340728185
0.9984229728528706	0.788007234249448	0.5794640881705382	0.47819464059538036
0.9887633758933326	0.609184818392335	0.4652379030304331	0.32080879522609557
0.9897520873622763	0.6278438159652164	0.4199018590984403	0.36538287182520757
0.9880736286580665	0.5153567801659414	0.41172967555470547	0.36562747951591223
0.9968254508520931	0.7761450034565014	0.5399969019452503	0.45148230017925045
0.9856513186030736	0.5011562764631883	0.3494995840993176	0.2687098363191411
0.9855736182313003	0.5947206807795578	0.3718567678709039	0.3756280776473789
0.9927451989437304	0.7392351713632189	0.4473623214012871	0.32759755120967216
0.99338186639438	0.5659877514063888	0.4039260955953593	0.4193353295600615
0.9944096216058653	0.5791514057097936	0.43687684159955614	0.3645768826471251
0.9901784384789957	0.5388724159767808	0.44363573591248584	0.34051690254839007
0.9935052328745143	0.7383231497417009	0.4691933675869263	0.34988833104826933
0.9927262086880597	0.6552638305478705	0.5063981240553032	0.45548559522421833
0.9855682035315007	0.5793628262756957	0.4167965178297436	0.2684303277800983
0.9953668605657059	0.8045679561711765	0.5091442251747234	0.3961028619549498
0.9956028202560522	0.7880310785775642	0.5726402478417687	0.41661660853329635
0.9950816232842729	0.638750493692037	0.4594601371793487	0.3395264778556469
0.9939795358035954	0.7644926246741403	0.46989945360293867	0.34878867675900294
0.9951698378456154	0.7460747890261418	0.6007022745553814	0.4057188760347402
0.9914776777333559	0.7545920895807204	0.48399252483620403	0.40734954528531386
0.9862888658886236	0.5331758639278498	0.4019951860208895	0.32702070126398297
0.9673148833313394	0.543474402659359	0.40893852016407467	0.3486043957908972
0.9986757157861678	0.8970129124672359	0.6974326656468647	0.4936399565108948
0.994810341887032	0.8528285643255802	0.6128703739546174	0.41212833174037466
0.9965732462253918	0.6730883604216605	0.4797600947971694	0.37450701006093173
0.9897199891459127	0.7865923825746065	0.6204734049144576	0.39947693386817046
0.9977035327909666	0.872588051181957	0.5304346033819444	0.4975186823767038
0.9921170057308399	0.7844316922226929	0.5737005594650222	0.4099662882166405
0.9929007264517964	0.513838972730697	0.42072041523922277	0.3378412889313569
0.9796268461415335	0.4581553497829329	0.35151933199205115	0.2593475541372602
0.9909251327499112	0.5622462447043294	0.408948063917235	0.3716407671728516
0.9885820663763818	0.5946341030944572	0.397253924098883	0.2639109026862893
0.9871142634942351	0.6604048160668238	0.477261863440625	0.4093501115009823
0.9952731214643327	0.6650935839521904	0.43015172955639136	0.38031948357179396
0.9694413149095792	0.6455945873526132	0.39867826018339775	0.3446577964493483
0.9857756896047634	0.5680722341047869	0.36130478482546385	0.2965995699183068
0.9866198271041821	0.5318231438599875	0.3541294043042772	0.26559791302836705
0.9831913015023163	0.6563596189673667	0.40719290090947974	0.3038104056882665
0.9924595335212221	0.7004113611535656	0.44351460012958366	0.33488997202946064
0.977419748143123	0.536265268574717	0.45607044957567433	0.36757832141821123
0.9864519958030884	0.5558399481693257	0.4066448306083311	0.2916737448231709
0.9956931193540834	0.7450670908027635	0.5565539588692414	0.4508940735015668
0.9951556828250638	0.8044480374006105	0.5825377156890595	0.5036647845769732
0.989191300521501	0.5343946423083532	0.3917343732041809	0.33558254604549076
0.9902263179958137	0.6377083907085819	0.42190364086631627	0.3187378819814193
0.9899383738555031	0.5099549022607245	0.4013557109472861	0.43915630461469746
0.9806398418477714	0.5431580561346315	0.3771803394428381	0.26057023437627974
0.9808483367438997	0.5229881146162878	0.3937605730318267	0.33382566946183295
0.9956943934832752	0.7419603020174493	0.462363423988204	0.3411084491105141
0.9925838723796826	0.5183390044587521	0.40861012179673895	0.35760085040977746
0.9842905951895659	0.48565238447435116	0.39697310874451947	0.29792170886545005
0.9828984664945781	0.5710016913166015	0.41731530038756587	0.2347905129041904
0.991642567844136	0.6107381186813564	0.42287496394097457	0.3799914770501069
0.9956551374943889	0.8410973204574531	0.62084193501175	0.4307602369898161
0.9937948846709287	0.6086166231705685	0.44543632940577504	0.346386547392041
0.9955321693901616	0.7002087465431169	0.527825064122768	0.4043234535987844
0.9914376913040006	0.5877940760855792	0.47884141293605764	0.42251635441214686
0.9962552174361736	0.672734984480732	0.5856709619219108	0.5139489308377528
0.9926940896702501	0.6906346012677299	0.43767425464425136	0.3391697241880628
0.9829770518818839	0.7062132772057549	0.5303986262557742	0.3157857830816802
0.9954379247813405	0.7586538616454073	0.5383488388940952	0.4349180032317163
0.9972612270868957	0.792505415322004	0.5224185687941947	0.4467160113113767
0.9829569373876955	0.6629152420819442	0.4399690548617283	0.3691490391191316
0.9959403301602158	0.6316224645157853	0.4671036507454761	0.3676169177389914
0.9991569396794902	0.8847137706011333	0.5387716997775795	0.5167465640157795
0.9922898921289013	0.8274540500432493	0.60810572385208	0.38385297460800016
0.9950154773778982	0.8774275925489219	0.7175075679871925	0.6591691828230152
0.9799562094118505	0.523531222090727	0.4075854138565565	0.29292378830050325
0.9862018154749236	0.710209827551005	0.5616522836542877	0.43333893250618727
0.9963589639293366	0.7687968403328967	0.5184276354115339	0.36568279042307283
0.9947773051268545	0.7271270919638886	0.5804636409506685	0.5177264179527581
0.9893368703396109	0.6925157469517744	0.5310933290855617	0.31428076542094335
0.9877041217425868	0.5671224986739184	0.4020577481019205	0.3279553063272597
0.9976146383285012	0.8397210197613243	0.540568989049031	0.5112892966598113
0.9970953351115321	0.8384269365490749	0.5401856495000408	0.4245756304520758
0.9771673182837983	0.5822053682610313	0.40568287193607094	0.3080287682140633
0.997130527609851	0.782413296493499	0.5605559873110698	0.4521386141668309
0.9950758958127851	0.620671088133347	0.4532653473807714	0.3314080738107717
0.9977455972790957	0.7960267870494274	0.5210689800892279	0.4155065317611032
0.9911365773812142	0.6122172306948469	0.41814379362391474	0.29604071768758644
0.996409230273919	0.7285002671317983	0.5424646311903388	0.48813752411079225
0.9885337564597165	0.7764307386186597	0.6696335868728587	0.5016426985186759
0.9958227987144269	0.849311963305302	0.5929575698143105	0.4196815169366244
0.9920892182198562	0.7158035561547551	0.45115608679784214	0.37628118278869493
0.9897195986796581	0.7968255676155318	0.5527611694328416	0.42752135220752097
0.9983143064167685	0.9063331058245672	0.6481715780849078	0.4674844386789697
0.9826735745667655	0.7544341784865399	0.5547347265649735	0.40345095285691046
0.9978611824904308	0.7827657771300884	0.5571525437091269	0.4600694776552127
0.995159941401465	0.736524781541135	0.6202827342811532	0.6039833869579453
0.9845447423074316	0.47930260687467097	0.37196393348982476	0.30016239974287157
0.9937905502805577	0.782684003640209	0.5568262737104607	0.4002596697658968
0.9844712641473691	0.5190004461198263	0.3879769382619169	0.3233192886620652
0.977203603794953	0.6860708385823471	0.3970678015938434	0.37035768233973154
0.9976640119934436	0.8515665759444336	0.5616896573589596	0.4551280683064264
0.997651852651918	0.8372420548009829	0.5948015831669415	0.5039598484748269
0.9878984067170515	0.5164026446898924	0.3714204979034617	0.35162468055502555
0.9985455895767241	0.9184833408325287	0.8714008203748107	0.7312376835741431
0.989243773647085	0.5369763958988901	0.39715945789548274	0.3518037221698756
0.9918232600357547	0.6248345642940143	0.38246171019361913	0.36891071436983663
0.9800520411578767	0.5654893249992883	0.4102950025176254	0.3843858828350519
0.997950660651757	0.8440116030747113	0.6669171746498558	0.49683720991633323
0.9804050603461637	0.5682253588936842	0.4328408160645423	0.35537935572164536
0.978391440708944	0.4310503233332142	0.38432831658669975	0.2778052648432596
0.9774258318758495	0.472052610629638	0.3489809403001023	0.2857920672807416
0.9956947343483047	0.7639920879380909	0.5300418030079087	0.4288170384364576
0.9803551052852589	0.5590035298914415	0.41611554524741134	0.3641033810336937
0.9860623988937535	0.7325885764955963	0.4979154283585269	0.3477215997047288
0.9969097105285936	0.8489908787662185	0.5472371224778318	0.47681318569135955
0.9978592304631565	0.817665561122655	0.5346317245823768	0.4422496340460095
0.9867862942271209	0.5374356573162995	0.39377713902474165	0.28604322070674165
0.9884330795997686	0.8378849054938029	0.6221889563186176	0.422024590180007
0.9835423350180353	0.5062127344323535	0.4236255029540306	0.2932097619631004
0.9589167000566872	0.7716024481555074	0.5278299722368375	0.4559208625111973
0.9914544777662326	0.6295111083319191	0.41176760162018006	0.3417638255302914
0.994382846358983	0.7494893041723474	0.47902585436371736	0.3546851702561503
0.9941053407620956	0.6515822735799168	0.4107702098943833	0.3382479500449462
0.9967964886077768	0.7836427052554034	0.5204961188350448	0.3938407869518881
0.9807849651000723	0.5333938867987252	0.39893984180929815	0.2867725276171791
0.9855066070163534	0.5388137017305276	0.4151923327040749	0.40092983444278013
0.9957356218268396	0.7708192546381337	0.4843657402692956	0.37717668681582955
0.9831698167592963	0.6083566433549841	0.41784869651009016	0.45922866437945215
0.9983419552406642	0.7779252568282912	0.5612879423994942	0.4726058393184778
0.9991694405185879	0.9000310609589497	0.5802352786073892	0.526750433534914
0.9944228528079293	0.7850798383890178	0.5535935476441735	0.44448536953809475
0.988518104659727	0.7301547875898072	0.4966701294303385	0.3859093948675623
0.9946590206268345	0.7114235909407732	0.477681336126594	0.3785351343528227
0.9915375622891996	0.578049492319081	0.44389599381077544	0.39441226789451483
0.9866240834990653	0.6195523726616301	0.4090346058003871	0.35568821804752754
0.9934631641854786	0.5951225811375849	0.41266710149245334	0.36533976910716104
0.9847351777390112	0.5421087423903077	0.35950723938189966	0.2909059779241569
0.9880603032337325	0.5767837059748122	0.44556044996114225	0.30363228285283905
0.9973999515965016	0.802159755100038	0.5108812370747794	0.45745678112143084
0.9978278401042814	0.8451694862332131	0.5820009083217947	0.4844270926434401
0.9796162985870873	0.5444367689801611	0.3876942474338003	0.3306388457715747
0.9958637050071799	0.759986180775055	0.5052237225539834	0.36265510209225704
0.9929172091969534	0.6709720681575793	0.4344135593868264	0.28476302599758385
0.9884165487195806	0.5251873326305403	0.34937134293905014	0.3068501914493688
0.9926384684277132	0.7509079128428282	0.451926562545037	0.3850217407826345
0.989619341523379	0.524698685498503	0.37482556564366964	0.34344198389398345
0.9910002211579352	0.5559988407732209	0.4152882438759001	0.363007624404122
0.9947568115241308	0.5772736554902038	0.4936195297635583	0.4209896950222512
0.9981196896979435	0.8534712848908269	0.6985233533385883	0.5680701014393295
0.9869547260789422	0.6605477063160935	0.42227445088223586	0.3408358840610191
0.9917839022649604	0.5130273341923179	0.41886630272796116	0.30366103770829167
0.982799466755007	0.6643641309443331	0.5059998784202686	0.3549999550331449
0.9963146140033645	0.6686724636775008	0.4820867166386283	0.36757770518993554
0.9865610106044886	0.7285105541137367	0.4253213666606775	0.37813414010356605
0.9941085197815124	0.7977878520131948	0.5629719024426857	0.37580752025908704
0.99158733609311	0.7568222702336741	0.49103097972249865	0.4018430910937993
0.9891598629538889	0.5879266787009889	0.4167667163731577	0.299720985834604
0.9947010284971207	0.8734529745004029	0.7213886447581598	0.47366618107687425
0.9862756364073016	0.47853191516157256	0.35924839878271086	0.3743830748388052
0.9843118490229557	0.5166104068503582	0.36693406577950355	0.2832078446608875
0.992113060502424	0.6235284179147186	0.45206252357599175	0.3489242596725899
0.993110849706203	0.6916964832228898	0.48432093739806703	0.4052389575631246
0.9844202352813753	0.7932200560950765	0.5559912236813226	0.3966112423723888
0.9981926152334348	0.8824328058092784	0.580497193544405	0.496342971190116
0.994434480799018	0.5955734395217228	0.455119316531946	0.4588304240718231
0.9975538499220216	0.8847255984261746	0.7328602503062742	0.6301304596420718
0.990392676291253	0.7878009721523053	0.5614293228794305	0.4267033360027685
0.996103224500038	0.8060310350966208	0.5190304011612401	0.3906826584365523
0.9890244163134845	0.6632167566288618	0.4461149814087685	0.3651756311586064
0.9938772966040039	0.7938002149391034	0.4461513373010105	0.4316270016659226
0.9883298279681358	0.564315177714292	0.3771353583676446	0.2718053354169555
0.9964064042124174	0.6815777661854506	0.5334782441061985	0.512764480233857
0.9974076659424158	0.7950903314302165	0.5563464431101828	0.4440231790512399
0.991424834453134	0.6119729736879365	0.4388988496473179	0.2870238550754349
0.99551949435164	0.7282782263093329	0.49381992734459934	0.37325454697838684
0.9772931349057075	0.6660806365463917	0.43617187701327903	0.35659942177092435
0.9907275569304845	0.5778863807625957	0.507679321127958	0.3486293352175241
0.9945756368548572	0.6199435400757723	0.46018760552765114	0.3481354793683786
0.9954475774616325	0.6438654026332425	0.49194096033379786	0.35867069281649344
0.9939607035525025	0.778297004868488	0.4884923175385004	0.39739602832465926
0.9953914525596663	0.7489830463082685	0.5307572479078181	0.3944736405639622
0.9813386628743636	0.5586414262451117	0.4847977371414253	0.33237653865083516
0.990119716628669	0.7225603588640768	0.5435835777255983	0.46909684176640865
0.9879846084905767	0.5763260370346901	0.46877184935146493	0.3029323705485971
0.9969374277056476	0.7538287162189915	0.6708941026252572	0.45372519091217817
0.9983161743792005	0.8201869195658885	0.5142052069083544	0.4541824609814736
0.998934362337538	0.9201977494839461	0.6549881601326932	0.5288719298784232
0.9831723796785731	0.5738471941871536	0.4030140533573881	0.35045876353495664
0.9846855010832127	0.7047197333257085	0.5604127069818456	0.34277916913378104
0.9885109804192683	0.637441954326791	0.42437062775267237	0.37490770429461373
0.9925280807039093	0.54979152504512	0.41637912099814306	0.3684948169724309
0.9952802412444189	0.7495513527212034	0.4674413936042292	0.37002863551675197
0.9923521005480435	0.801590458547663	0.5304790282521226	0.39310060165182914
0.99336453650483	0.7226755192476796	0.6626670522687399	0.6376205774293942
0.9934854098335042	0.5695459865164652	0.41967495742887323	0.4059321336468928
0.9953166519531076	0.6779747704550468	0.476450881410165	0.3805482712397935
0.9896081480851299	0.6603532891098042	0.4316294184035116	0.37982716336557865
0.9939039543979401	0.6782316763749492	0.5096185408900349	0.36793728433417083
0.9869315804517571	0.6196102930785063	0.5466564340647957	0.41903751541418693
0.9752537744776434	0.6846848853529691	0.5281237696940382	0.3586266701563338
0.9893135954794271	0.4805490437332004	0.41803090730922027	0.34443936176371714
0.9936614174440545	0.6396540239703876	0.4838069787439208	0.514598819647525
0.9977915461829754	0.7701820292642616	0.4900215347221934	0.4430266040814293
0.9962972731028206	0.8188006406410155	0.4943469839634638	0.392554804199794
0.9905943701066423	0.6819380067719409	0.5298429308608171	0.37016990134811767
0.9975987342229332	0.8829495982591585	0.5639904528817159	0.5020129315312826
0.9963604915789535	0.7209943887935629	0.50209471413188	0.3796954649691333
0.989360140159378	0.6576794950570194	0.5552288396645018	0.4482173168739067
0.9881207404709015	0.5668003930503627	0.4922912079404538	0.45889149380843725
0.9881369859382428	0.6028815129810129	0.4283668432723778	0.33403508372066454
0.9958936649971233	0.816247083902353	0.5141175042600172	0.4145277736298929
0.9936734226893107	0.5759110846868034	0.410020928526868	0.37057580839903675
0.9928849652357291	0.664722100840597	0.4384788872878259	0.3183823575126885
0.9939696681476274	0.786741442746898	0.5348190789652276	0.48334600132134303
0.9966453413340755	0.8423918918074201	0.5298614407991249	0.4266324539066758
0.9927913199095872	0.5573665591476201	0.38618643449956536	0.3766564734654427
0.9925194515059694	0.6425765872455403	0.4335700767241149	0.34293321756240847
0.9896994627426214	0.6969875732070531	0.45784380501921096	0.37475981514894346
0.996341396069587	0.6534335266872328	0.48816673722961423	0.37326843915871355
0.9815826419463071	0.4845562559794478	0.32994483341601977	0.267751671621191
0.9926159581080822	0.8081192951801536	0.5370146804556155	0.41554731339323814
0.9929131515863099	0.6811138945137691	0.45432565180411955	0.3532123996398591
0.9869633003760526	0.5766838524515291	0.38585702035428954	0.32532038061840624
0.98876265832515	0.6822789592239888	0.4039567791075123	0.34135343775902105
0.9952287899921988	0.6211718505861565	0.4796231780647276	0.3837301395778659
0.9926711908131295	0.6384596263765199	0.4331228372388932	0.3363620699785679
0.9876873615842493	0.731214274640294	0.4440191021855713	0.41828594444468253
0.9984800863707731	0.8308039293257248	0.5425089428593189	0.5393559770336316
0.997540707431961	0.7729919603031353	0.6034924184642338	0.43320250439408303
0.9925369930402772	0.7520453128644158	0.5945825332572346	0.4105162626724377
0.9963507524119763	0.6573534905584489	0.4899435315989237	0.3766095226234065
0.99615443865191	0.7577604267611974	0.4886236734387682	0.36009071936276305
0.9925091837817781	0.6931329026968255	0.4493602767529695	0.3230277373434835
0.976214320468407	0.6039768537419515	0.3670064216018517	0.3199003849046945
0.9968991612133732	0.6423539704860226	0.4647251353948589	0.36068857406617383
0.9871189043143926	0.6042398829682406	0.37486003725461653	0.31892772997688384
0.9874814639713106	0.6900487921255205	0.4397187376950929	0.37634676754115537
0.9964821454195874	0.6542445579532521	0.5325773256070953	0.3886350038572349
0.9878392472265244	0.566846373198669	0.41477206905096037	0.3364989280989339
0.9929425197418829	0.548939868495802	0.439117024160485	0.3649110123418138
0.9958049766681364	0.8149314503138843	0.5447931318910637	0.43147647975902265
0.9835761434812617	0.5338309327721379	0.3931317754209115	0.2836602867029047
0.9917931466732538	0.705623616365016	0.4715110612591457	0.37321526287360574
0.998229810575689	0.811867827791382	0.5098115158846773	0.44568758985005225
0.982549710679817	0.5741158434670194	0.3881309460127628	0.2731115814772484
0.9950525186128865	0.6439507565565065	0.43585705080384496	0.40595735450509784
0.9889182056694796	0.6198439979949145	0.4913666234186146	0.3110906531839652
0.9944906714460301	0.6213518849701479	0.4700764735001862	0.4040379142674685
0.9782053018374299	0.7881238589787977	0.646603360550472	0.49080449691503575
0.9982532164755874	0.7793151137054248	0.588815361197948	0.458290868342651
0.9931456536057177	0.7470799573446847	0.5371685839071266	0.33684669996721944
0.9925378637601194	0.7903685038546014	0.5039945355229775	0.41149235433303405
0.9882980800321634	0.5975222989319717	0.46508040055189065	0.3863379918210502
0.9938469241401107	0.7997898738534385	0.5919462210536809	0.394683439075619
0.9963825124262639	0.8007860695826451	0.5343758050509679	0.5671624686378612
0.995498182509965	0.7568845870678994	0.526370737450181	0.43359283666550424
0.9757295906024477	0.49226170130053654	0.3514331224506949	0.2532999663436928
0.9910182210498015	0.65528603677642	0.42562421061796046	0.3574324552481589
0.9977073461436305	0.8835163089205584	0.6951865146164933	0.4654836134038995
0.9827138362112855	0.5616754815841754	0.3812146680811416	0.3180617155496711
0.9944914880750183	0.5753058534741385	0.5013311909437915	0.43765299219533965
0.9897505326181691	0.6772115338835559	0.44657118809633095	0.3154572762422576
0.9840096231475219	0.6335997934058253	0.3985753343167081	0.31327281304572924
0.9919644320147698	0.6484864869803171	0.4065616555012847	0.35972417577614135
0.9949142365801996	0.552528097873759	0.42206011827849244	0.38755726503772475
0.9984535074242458	0.7550217650112675	0.5020110876676469	0.4408238594222478
0.9795494020349813	0.4699054994655382	0.3301458623536475	0.25553272860919213
0.9755865860869596	0.5041726185038407	0.38425988770324426	0.28010628207897265
0.9860077965537221	0.5754747106600989	0.38005899151627864	0.38193954833235594
0.9935573350910425	0.5548495515767802	0.4445605890206638	0.3847754471257709
0.9952469887386557	0.7263729835386515	0.5869109319432652	0.4150278960737164
0.9929215648919589	0.5046791501663139	0.40650802643889383	0.3905254787557991
0.9853391992215517	0.5555537893853522	0.40089920493351694	0.3633638438624786
0.9948418099293188	0.8276231718118192	0.593428482114995	0.47172691919170634
0.9974862696026694	0.7248722477969916	0.5122922493258544	0.437872724443529
0.9981766826851229	0.8271237698570696	0.7421305968168108	0.5915921285270804
0.9915837921618862	0.7338347133667398	0.4014155850685618	0.3697574937160699
0.9819819349057339	0.48555184343881663	0.3525689453280139	0.24680319658219937
0.9933873294888929	0.850670150072291	0.6054855447743158	0.41497055023666396
0.9927521639426503	0.7255773776540408	0.5155230782627099	0.4171723479077843
0.9845139424818413	0.6934462775716774	0.49868800217907955	0.3991158821172701
0.991967468524155	0.6515240565194793	0.40644083875747067	0.35505463501677537
0.9948750012528036	0.7869461686401806	0.5072749522681304	0.35393146126852737
0.9963932063344926	0.5995269448862469	0.5094307043128855	0.4239436264292292
0.9947327636479812	0.6466127369132217	0.45125828421868663	0.3343249010644711
0.9983582113836796	0.8300821371460398	0.5648163046983851	0.4558103788694602
0.9920921538462786	0.7741572277557334	0.48780916445640776	0.40431920810897887
0.9732850666139687	0.5122272687698819	0.368878025255332	0.34591120974066725
0.9815128307355293	0.43376636078038333	0.30331291734625254	0.24590614430973373
0.988869119173931	0.5629280882553571	0.4576298706550553	0.3115995999080335
0.9973842852616058	0.7792341926733526	0.5774677855468822	0.43434780495282965
0.98897961212971	0.7391992792884288	0.4378942808659172	0.37700552686180216
0.9955781501196241	0.7720348193062677	0.5105842900676344	0.4002716516139751
0.9928902266769174	0.6133958090667946	0.42359142635116537	0.4532626328579761
0.9972129552062325	0.8562636965907005	0.5565911314945915	0.4356536356752368
0.991247338861627	0.7450185530589094	0.5509972020059923	0.3713771017739837
0.9949763028508076	0.7599716024539979	0.6043501981429802	0.5416377752301418
0.9901255390707335	0.5092311614723465	0.41042428960196703	0.40421910915785825
0.9947896672371811	0.6335679719272455	0.43887749810251414	0.3569207785839083
0.9958890608589975	0.8428276779314131	0.5634999578673549	0.4159215357214931
0.9871765153728607	0.6137771258668719	0.42452739679121826	0.3749642309697177
0.9941749366403498	0.6375467505536574	0.5192160152554929	0.47691620718135164
0.9913601613885669	0.6130650990610893	0.516113216734922	0.45851951570091215
0.9982273618195995	0.8767176068338995	0.7981502843662093	0.6469368237244649
0.9971271037461026	0.7430657552321165	0.5580824456271559	0.46274592138491405
0.9717260114463679	0.5307836814605948	0.392013098581471	0.2849642500994497
0.982363275031818	0.5918982176965896	0.40288199719190465	0.33219741243866807
0.9944664445321069	0.6871571051497399	0.4457062198327197	0.4319045595721671
0.9947217949570147	0.6280901326145104	0.5075561686535428	0.39004726412201446
0.9836260702731999	0.466484590768493	0.36487290775948894	0.279093135461053
0.9912436829518292	0.7945799126126653	0.5951683318171191	0.4091463740366109
0.9959049228407959	0.5716580491127342	0.46201998967803876	0.36746057698180407
0.9962733440905184	0.796680580041972	0.6502035003019044	0.4837044968686653
0.9880684842832484	0.5758431828743089	0.4587592245399904	0.32428771142390517
0.9925857886599664	0.5787595174579019	0.4274168128391591	0.42231490988230846
0.9932666061265082	0.6572035316487786	0.4420426681185095	0.4028875228275092
0.9918211584810863	0.7704513172469648	0.6129345055481271	0.3709043385129888
0.9953190013564566	0.7450499537299946	0.4481714040161006	0.3767498616129538
0.9971371189224373	0.7526330427361162	0.648188529393826	0.5519215909785992
0.9856360968738188	0.6297322668127675	0.39013717943762144	0.3428675647501777
0.9809089676372635	0.5487462026163828	0.434384629465654	0.2924136682259508
0.9977469890129971	0.8280749359827492	0.5325827129205972	0.45593662327370127
0.9889575466424403	0.5706530124583512	0.4557975579845691	0.3495320062614393
0.9980059034036771	0.768609860404654	0.5290830916092505	0.410451285543512
0.9989260097442245	0.877449070085757	0.7596235633726872	0.5563738985838026
0.9965459446243669	0.7375987281295687	0.5445717896401937	0.3993214335297342
0.9973514122291645	0.7672726471145733	0.5444166899768731	0.4386370521573053
0.9853289033144468	0.5310168317097081	0.3559304673439576	0.2611747814878069
0.9954920877406704	0.726857945317813	0.5431092548498486	0.4578891432096343
0.9953714833646242	0.8112824949539756	0.4948041729918718	0.41984435804328085
0.9898742913002813	0.6325112918160956	0.41543556204664467	0.31874394157846964
0.9963761932784965	0.879228014544093	0.6378249334375496	0.4325040239069545
0.9884814523522863	0.5696131913685613	0.44883666914359904	0.42260594599612095
0.9981862407888883	0.8369661118172821	0.568933200815107	0.4750763581997038
0.9925125234851659	0.7134174679152868	0.46484543008243506	0.3748047854341423
0.9958364325896308	0.8613500970749507	0.5782626301141007	0.4928857745325529
0.997349313881805	0.8700553729889995	0.6451594077485607	0.4970941699296838
0.9917372722474912	0.7959756797931529	0.6444903718347295	0.3731913228895608
0.9842167073097708	0.5216627440218922	0.36608861123151176	0.24895622429962813
0.9867308553759772	0.7786143736926239	0.5100555157719306	0.39631326995932514
0.9957318015793513	0.7760340775431104	0.49901228093290273	0.40040036783037064
0.9946838149150324	0.7665608326291057	0.5285394256657281	0.387630766715236
0.9921869797801196	0.9064414366028894	0.7189890085966016	0.49010123365640895
0.9806777784378995	0.4930193525452965	0.40458380562202073	0.26589366422771277
0.997748333654598	0.8080087180289028	0.5195934060968487	0.4361858691135313
0.9914631795377179	0.5646001447167793	0.3893685807422609	0.4070018919468712
0.9846667068572302	0.68431318468448	0.44251773072876766	0.35775963031493335
0.9945073459356326	0.822544238107973	0.519998101431771	0.44282702446707317
0.981248638941024	0.576939175292434	0.4048160748512832	0.27557505090504847
0.9973172998094687	0.8174592127572247	0.5582541957910957	0.4492282945558658
0.9896523116238017	0.5494288296790247	0.39928926897144196	0.36595472179184535
0.9963275380239933	0.8088220191475283	0.5598001171152545	0.4254867502349532
0.9934929435785809	0.7339383511471319	0.44024496789194356	0.3318960657716252
0.9976625667558423	0.7408960252781974	0.4789032812445463	0.43587626167163157
0.9935011930894507	0.7357571790389431	0.46736090993723456	0.3748861642519631
0.9899976185200013	0.7179718149655171	0.47166373078374524	0.3984284497896402
0.9987715937498058	0.7989118588306033	0.5444134912592052	0.4934262201196827
0.9939945266219126	0.8342183658832075	0.634518900351673	0.4298940958943157
0.9928052276807511	0.6121577624362231	0.4554807714270669	0.30926812674868775
0.9979442218536804	0.8118099642541905	0.4894002986032647	0.43737140096226557
0.9924506385827159	0.6715345165465432	0.45109444854323044	0.36756270059921275
0.9954083030473998	0.8127160062599084	0.5995172765648827	0.47991138646632514
0.9755860888378906	0.6900344145135567	0.500811310111467	0.36958100343037703
0.979822436217922	0.5370161316158277	0.38369171062886737	0.2859335387939239
0.996165520690746	0.7206580895778435	0.470493955925764	0.40238555469032483
0.9890720607398287	0.5884176393344882	0.4230394852277143	0.27775415498958594
0.9844638996691156	0.6027409513137741	0.4496664022977121	0.2681336441419336
0.9852953406532797	0.45815226175913826	0.3657739850765508	0.2933424897186798
0.9860876301687187	0.6720601688614263	0.5663411181533503	0.4104605629966589
0.9966191061461037	0.6904215308863195	0.5266918891323676	0.5543550353997849
0.9879741852420776	0.6375612917137324	0.4041093929772573	0.32896603050626605
0.9838457606539006	0.5484681866831426	0.4193963059649858	0.3653724148690984
0.9919168444911681	0.7870281566055364	0.6235810436062048	0.3991307953104107
0.9943038260564733	0.8026561618128799	0.5144317478843451	0.4523180346930435
0.9903554273420455	0.5794262045377048	0.3975182283065244	0.33862415592848527
0.992451908432349	0.6482385858261931	0.4180617027201793	0.3669847391311602
0.9959934489760671	0.9371465713367169	0.835565496505532	0.7288585822517992
0.9884488239819317	0.704316215673861	0.6373004418711181	0.5234107487476112
0.98436685841068	0.5091778990641552	0.4021100176803983	0.35029633794574605
0.9856237262307039	0.5319822032956799	0.3739355620964485	0.25242796762175324
0.9955233030165511	0.7196597744617269	0.49224994172963576	0.45212353063325367
0.9866421698390435	0.6082130887709107	0.49145921758595984	0.33374209914967806
0.9959724403011911	0.6550964021129274	0.4535678332878286	0.3807713552891695
0.9959059743481369	0.7615273272406826	0.5279955333246703	0.4108545371337133
0.9911525398772446	0.6369355783584326	0.4001074924962836	0.3192747557381075
0.9971426309617657	0.7320576524218133	0.5517983494280208	0.43773090764255207
0.9974491146722548	0.8224836672447426	0.5477981358426941	0.46169697760950384
0.9953557883522919	0.7880286743171943	0.533387091398762	0.415706727022275
0.9957043902267106	0.8661389835902511	0.6138358928838319	0.44016916088029034
0.9853372137000286	0.7134611026177677	0.4541298534263153	0.36039680406718566
0.9830933049984207	0.6864640829294497	0.5764328973392717	0.4416468556174073
0.9928505811545564	0.7484692318871604	0.5234925238051955	0.34686246350518046
0.9981145567988284	0.7757859407617617	0.5316400812332509	0.4400575513964564
0.9871449701953607	0.5603463079992345	0.43139678253645314	0.2927439939151653
0.995239425962321	0.6341212121126757	0.44252223245834466	0.3744554525758959
0.9964578382966833	0.6684414449049878	0.5290232100978499	0.527240850166355
0.9934897690605751	0.6620052221285679	0.46470299282323024	0.43307346160782767
0.9877720924743127	0.6703306025717489	0.4930260762872735	0.42810102575554076
0.998032818981189	0.8039609341034948	0.5436976891773984	0.473044763389521
0.992472151746291	0.7140722504207232	0.5288019573008187	0.47795245160617694
0.9937754449645236	0.6890365323191355	0.43428373501203654	0.39888691835350776
0.9968669633851858	0.8089661472408997	0.5428948658740437	0.42751552291147654
0.9907716711193464	0.7302698837620006	0.5206312815200249	0.35547768106613675
0.9921748207696869	0.6406847159599037	0.421649252601046	0.39639776624085205
0.9885104340974974	0.5348869798451789	0.4641075371572791	0.33030470784288024
0.9831989213248229	0.6554220123057695	0.4082072475731777	0.38159370819053456
0.9937797655970931	0.6192726112951717	0.4264678605369381	0.33645713462849586
0.9920653747845464	0.7017845176103259	0.4264467449030897	0.37912599967413146
0.9897311207123648	0.5468133629156666	0.4745808875624084	0.3752008418117851
0.9812625165213478	0.5647168442208977	0.4303524283933905	0.31498666970665057
0.9986261068294846	0.8796115324625371	0.7038863758890535	0.5435702671037443
0.9883718918388551	0.5695627054235751	0.47128875077167653	0.3700802603523823
0.9946012923850018	0.5867746291990391	0.48728671577404614	0.3912428511232315
0.9935971730911658	0.6068382057589017	0.4403833535807718	0.3237489269566256
0.9972892571804837	0.8696938432679387	0.5348276686858497	0.41472285563835637
0.9848911047879549	0.5350123735857565	0.4211198870745997	0.34505925089829026
0.987892287018541	0.497834375310939	0.3572728545776293	0.28598429068861014
0.9922255557963483	0.7710069500117401	0.48763165261142016	0.42134486334070814
0.9876111043414411	0.6087727425645889	0.4424832507592052	0.35627213754843867
0.9842034606277247	0.5387367673412576	0.33436564281558406	0.26439136709178696
0.9843347523540602	0.605331049141894	0.5389897823447276	0.3611941005645171
0.9966851177978989	0.8166101331336572	0.6022860428338204	0.491169595530176
0.9893247396144291	0.745710128465249	0.5516988101691254	0.393404692616807
0.9951454078437926	0.5490228113871456	0.45586226275506747	0.35148116386683687
0.9822017876742577	0.7438147080293519	0.443715220789164	0.34938687902180043
0.9931114300596079	0.653298551712334	0.4339797042166559	0.3442929651264272
0.9883944420203684	0.6605798600140605	0.47880588298070836	0.3217519727940007
0.9923251110674542	0.7806757898455813	0.4971369495509067	0.39412264965336624
0.9923837146970584	0.6114371134789903	0.4453674312710504	0.48873299610310145
0.9970276680405189	0.8620791536499965	0.5973182945126648	0.4184645685365152
0.9901435854895296	0.7795311441280864	0.5600491478685039	0.41082575212655154
0.9956433265572389	0.908216148224678	0.7756712548619552	0.6566583914821975
0.9851175258244023	0.5085719983125067	0.34554537671142876	0.3152541182949819
0.9939739968032996	0.7320117788878335	0.45462762254312733	0.37278250451276324
0.9869575243494518	0.5942266732165447	0.3562854726625687	0.2657441726586654
0.9764112039591983	0.5836290199677332	0.4825020113639093	0.32734775237124863
0.9905058595708482	0.733337149159889	0.5602754646713357	0.3866467477270202
0.9976668926856771	0.8663499913327589	0.8050530047265242	0.7322319449449632
0.997872349874492	0.7911719115322783	0.5246865373613923	0.4311566743733738
0.9938659095086942	0.6053872159262914	0.4463726648689629	0.3704578485476122
0.9949223589323495	0.6479611543278008	0.48891631097579996	0.48261915976944997
0.9789489730576599	0.4972588913965692	0.3461094497416836	0.2719733117177332
0.998594604036451	0.8874839469060989	0.7367336144256817	0.5650385391856093
0.9935799545201961	0.8331530113870745	0.6213179640403204	0.5245442469131906
0.9963228889473261	0.8454388573111392	0.5428113602869313	0.43364129802821244
0.9978025156385388	0.7679529055642224	0.6007866826023336	0.4109479031419083
0.9913767783805606	0.7337518977644361	0.518206001400291	0.37070435849563693
0.9905387380743851	0.810582895183061	0.6424737750085163	0.3946243034946435
0.994435122877126	0.7840337874307948	0.6421087276646429	0.6198386272058696
0.9837456382321594	0.4849502057967878	0.3160966252715341	0.22188249832822404
0.9965922801855448	0.732263733413963	0.5263922861721928	0.424361980069957
0.9988444961763081	0.9187778660135674	0.7802737823366007	0.5502389059332895
0.9944726957096474	0.7794581202056794	0.4923120984275407	0.399637665921119
0.9937787428983178	0.6370739271179748	0.4541577547352346	0.40581544744357584
0.9968994440587209	0.7920611284465201	0.694426228530277	0.5984385632158362
0.987778674447306	0.6599105770795378	0.5583720653678018	0.45093382574821195
0.9895727390567488	0.7111930238002443	0.5073106674418634	0.38383043932655875
0.9924026039559202	0.5340070517478848	0.4181573467810885	0.3792134223646377
0.9979911421574987	0.7384579028710093	0.5325346015066905	0.447657161254395
0.9769625701144062	0.6863259756810758	0.4371366920040098	0.37866569858400284
0.9940784190459957	0.7698481049683606	0.4387865973795981	0.4032845712247874
0.995025993337962	0.7339337216376762	0.509455695445245	0.42742372365148723
0.9792072135251483	0.5438161578067495	0.3773663593268077	0.2687388938266432
0.9965804636751118	0.798046944578464	0.6293144082952924	0.43430087045477456
0.9884859877629998	0.5139320385928986	0.44254253977349195	0.32537547699240305
0.9977105127142026	0.8015353842758809	0.48158136047900674	0.41777820905409596
0.9884390133404727	0.5939665571974254	0.4054526923026944	0.29860822838290213
0.9974264848169833	0.7491361811846715	0.5356923944214174	0.3766664077778337
0.9961872467917273	0.7900585286863747	0.5641906230420249	0.4530111513084127
0.9874827601784477	0.6583948131548734	0.5216849108765189	0.3791310843029802
0.9909545006688155	0.5414973632145043	0.41279741850685636	0.3543901451725935
0.9884037341781474	0.6152015230940137	0.4089650042236365	0.29601268578803464
0.9933432924462271	0.7133963249260238	0.48713361797779414	0.3641334823597975
0.9804702095224729	0.6952380163150118	0.4800417039231641	0.36778040382262295
0.9826962015080546	0.725353488022719	0.5104811212343214	0.36294719589439944
0.9707130021513686	0.49507004386679226	0.3391102103391283	0.2787145016658955
0.984816573039051	0.7452552357377147	0.4524245224611949	0.46528464100593153
0.9958970324824084	0.74021119798062	0.47338794387486194	0.401913118895911
0.9908018886701293	0.776414522331558	0.5096279999383435	0.5572533050890399
0.996960055066038	0.7294864100200954	0.4931281105695876	0.40525802746978806
0.9827002352969483	0.5353030819011542	0.4151704200412704	0.3501751913310195
0.9971158464365458	0.8385631918180114	0.5305536627466061	0.44885212605330543
0.9958925983392398	0.6423131808279171	0.5237024095423232	0.4933390435437897
0.9773952755758959	0.5492729531886301	0.383555399490793	0.3292177504989128
0.9890020694427099	0.6800973388117236	0.4438901048823457	0.3484388116227008
0.9891636771773299	0.6894002291052028	0.43403279470515216	0.36100114098225894
0.9928357734685078	0.708607905685332	0.591329519579567	0.5934016078654548
0.9936787688580502	0.6353655999693907	0.4194813053356642	0.37935602550301184
0.9939758310370066	0.6988037085267876	0.4461261639411451	0.39420329177038566
0.9874684358228225	0.6311561507097819	0.3941174900916082	0.3069577886821648
0.983013803724969	0.6037703602611804	0.35138805422896124	0.3230016201275541
0.9790933573875575	0.5243639530658903	0.36540676948248374	0.25881226453529405
0.9951508780928267	0.6175837324168497	0.4770917183456184	0.3663572920170351
0.9925357221761181	0.7002404727639452	0.45200120318312736	0.33441149071259135
0.9870055219192428	0.5954234812722445	0.39694406204508836	0.355305218847048
0.9948900793493335	0.7194987763690632	0.44801322906925795	0.43792091187062093
0.9980840717351688	0.8789605167366769	0.5722182271686514	0.4923679839350834
0.9927779279409896	0.6330533368167122	0.44909487901517914	0.3737315534676207
0.9962104003671242	0.6646495331149852	0.5397318818217287	0.4414318187133068
0.9889286794155157	0.6033846517480451	0.4222230323674075	0.3835681083272834
0.9851660045739387	0.6605317007944488	0.458599242562019	0.353095859832181
0.9910852712191915	0.5858290442142966	0.4751817029777428	0.3793355260313023
0.9733640146513823	0.5416995210474442	0.3582039470343473	0.28998827120899257
0.9946671669086867	0.577100693930745	0.4647400019650321	0.3867578143124784
0.9903149580111766	0.8415581426616582	0.6491206106391907	0.44830218446604064
0.9903227329438052	0.5458583401405817	0.4458014281253274	0.44079366949671744
0.9845713406450999	0.685026168628188	0.4413690291992369	0.33739117985787137
0.9886280987966574	0.8392550304512489	0.6844825310990575	0.423515233225716
0.9922366863165389	0.6767000136689858	0.4418603375554685	0.3542085729541621
0.9829893635766366	0.667865959476407	0.430284077104051	0.3427511378857444
0.9952300772357504	0.6641860174965158	0.4742680946548136	0.3550917111585426
0.9979916271302182	0.9159716486221551	0.7115543555694344	0.5326863631688837
0.9976210185068974	0.8259363217079727	0.5626485228529593	0.42578879753690246
0.9929669794875122	0.6489831148591723	0.42358352156496903	0.28372826766587733
0.9972591437184493	0.8934588729167118	0.5879123745402223	0.44663268988262694
0.9950801797268995	0.8745934734502685	0.7113996733805262	0.4808186569811526
0.9891918601145853	0.6757064130879897	0.4133156181081784	0.35082253257824564
0.9964153212606781	0.7193328950219454	0.5592861705803375	0.5830606761883793
0.988505907206066	0.5700043918388072	0.4139584889971837	0.28033265751705444
0.97416558666581	0.6466509741025066	0.3785072682325727	0.3231025843295593
0.9721946653092537	0.6404260469234301	0.3702851754276912	0.3405699117356751
0.9956431287262765	0.7040409270024832	0.4645087741084384	0.32973354306517644
0.9808483440977156	0.5901743460585787	0.46176806372199025	0.431840440156263
0.9876275732550476	0.7643631006070011	0.5340852630926582	0.3771214658123209
0.9874267712074154	0.6796380730030341	0.4087017979577089	0.3570064986795458
0.9782700726344189	0.5521663696731697	0.41000744488137936	0.4278288558232005
0.9849366551918476	0.49254156636720453	0.39305696798512574	0.34330362539355885
0.9885962048964564	0.7312294125084225	0.5526437114474243	0.42350818416211156
0.996991402203839	0.7410499510638847	0.49024249556817034	0.4435562840698928
0.9907793015755041	0.694243419458756	0.405183063668737	0.31395115879699864
0.9804215474020916	0.6280216444737503	0.4047775695205294	0.34152548809663474
0.9936756686337818	0.6868652674887105	0.45210438791954294	0.3954350809375796
0.9910930495668715	0.5134875950024058	0.3958802809072166	0.3907470736919169
0.9864268194895334	0.5485569697571354	0.3430783663289393	0.3349060525470867
0.9927552985065706	0.8576425196663915	0.6909569851175782	0.5459666332172013
0.9944134521521736	0.6164608568551828	0.47606642865313753	0.3828554243613774
0.9973938084717594	0.7515008807846079	0.5045051805203766	0.4178630734947674
0.9846393622006965	0.5192228937847035	0.4282112025385895	0.3952448083595961
0.9919662410044142	0.5616910593049205	0.38946268623210906	0.3539772571322058
0.9928315901957259	0.578715029252993	0.5211537868077492	0.5131976478045803
0.9967413355916344	0.7556647165062452	0.5116830405116864	0.41921299864866707
0.9877669827763649	0.6120437896339063	0.5280242754806342	0.43752324035953905
0.9962829647679097	0.7009936709832644	0.4792972445708731	0.41275411458937006
0.996077808519733	0.8301003446185791	0.5999115644123817	0.4513765168476685
0.9932731493892708	0.6996344387084541	0.5561484113463805	0.5528785495090598
0.9709080984061199	0.49174267620337664	0.33316727497680804	0.22000167730657375
0.9859332434790147	0.5105341669763352	0.3933771701084544	0.28867035529076346
0.9978027662911471	0.8134376745761321	0.5154453531940728	0.4617946512195213
0.991709438127256	0.7748354538321934	0.5529193658620831	0.36497417370326796
0.9949558311656732	0.6751617723592366	0.4430496305937218	0.3916693078926452
0.9901454701488394	0.5166394879274093	0.37281073465393594	0.3692621882079855
0.9924275217933873	0.6166240079866858	0.4189738986320033	0.28569884026989767
0.997397516538732	0.6990830790820953	0.5147864382502266	0.412269061531696
0.9974983198096042	0.708824682066617	0.5116194722539907	0.39286966924865274
0.9949204667634594	0.7573246063900287	0.48557106370442554	0.39380080620138247
0.9906503679420825	0.6027929192639941	0.3760953757936643	0.3287255060695962
0.9949290728881023	0.6864444113457694	0.48437251838277556	0.4103063451939408
0.9949712795569424	0.7081804316311954	0.4766447564926791	0.35548917957225035
0.9939457493641677	0.6570973884169666	0.42068040603571416	0.3103389498472539
0.9844491135812385	0.6072105354811606	0.4314534819587906	0.35839147517705905
0.9928001211696726	0.8063787762150133	0.539505409663555	0.3897915555973067
0.9958538014539853	0.6422546114001422	0.46180053713644986	0.3541065364364795
0.9678743685641914	0.6230515605567962	0.39218952524467027	0.3468754760529948
0.9960173781854057	0.7085839386611552	0.4823574029740011	0.3449067536528453
0.9938937701250479	0.6651620010732372	0.5513942543638982	0.4733347895269792
0.9945242768852102	0.8557511703871897	0.6128654467980555	0.4110894120437859
0.9861006361453972	0.7159399093824071	0.5549668918751284	0.4072979718185648
0.9948375863905906	0.7372786444153233	0.48752808427635475	0.3759994769297938
0.9965447322546177	0.5967508644249452	0.45448119327729525	0.33488140191562965
0.9975938206316747	0.8580757487733329	0.6173855318021989	0.5736979095218794
0.9962568905926314	0.6959485621294388	0.5698182587094887	0.5192324848688898
0.9958985869980612	0.810730622285899	0.6754238424993285	0.590483331890165
0.9971584587486967	0.8474459811067214	0.6087163251060241	0.4565795011007621
0.9941830846265646	0.585571151018633	0.44825482959224755	0.3629737757057411
0.9851635214207958	0.6884125382445172	0.49231743720674787	0.34745291233417375
0.997107125896243	0.8322709317737225	0.7406192348904809	0.627098281211758
0.9897186885031821	0.6428703046544351	0.5663067622913276	0.4198500532413411
0.9747024503623918	0.6265874305317076	0.4131786991818283	0.35416883057727794
0.9925730010342478	0.6860568221803907	0.44347809862190657	0.3658897931895659
0.9852734113132996	0.7089451041659938	0.4427349911525211	0.36727465445026025
0.9910284868466844	0.6289742886612594	0.4922252937792373	0.378790670943277
0.9884123216135067	0.6641208260789131	0.40614527187797433	0.32375616745341185
0.9956434046637925	0.7613708838116957	0.5484767072381338	0.4264837314730921
0.98862991576118	0.7403870102161136	0.5007341695193452	0.33825264566778335
0.988778032130293	0.5786711090444138	0.4337476077261437	0.3124392196065576
0.9952941199573061	0.8160609965939838	0.5497720158025734	0.41406642325114684
0.9874950977938584	0.5637201655963877	0.35561265252517565	0.2968771018354965
0.9941344068009678	0.5652067842935102	0.4503572391016433	0.42360673304140284
0.9948110661919188	0.7486691902051404	0.571416732798749	0.4581282691633098
0.9867616424262172	0.5345179071158044	0.38109324574359377	0.32746583798458423
0.9936643346806591	0.5978675204266578	0.46073233012800807	0.33396808517153653
0.9964221661878306	0.6543201978626635	0.5316570884309286	0.478481117969889
0.9895646430422819	0.49323231639877774	0.4128434352143864	0.37743746693238023
0.996873184844613	0.6824460202635666	0.5179391677476326	0.42971576755688473
0.9939592889358306	0.6352199043254164	0.44317112457378954	0.34096754148059416
0.986567876391341	0.7230524097591139	0.5733964035423603	0.39592170914509006
0.997776486983164	0.8760008091662264	0.567854661757914	0.5119684856847684
0.9971463938473498	0.7487699353086079	0.5253559570683286	0.4218279743433542
0.9919834775028035	0.7148376391242433	0.4626723189083576	0.37069810779075657
0.9916882876417723	0.6120889687966324	0.4056984022565173	0.32248404880210024
0.9893578983601852	0.5642717831422444	0.37230833039528344	0.34657223210496224
0.9810759162525381	0.6827840757914613	0.44342061624387585	0.3988057949434666
0.9767531928186293	0.5287128338570513	0.3520907262499089	0.3432083692369184
0.9984747672826382	0.8168368636738266	0.5776762572126006	0.5043202903531132
0.9920094211192161	0.6321683116208698	0.4216051229534426	0.3306114286300396
0.9970586340374116	0.8545377502820283	0.7299731127636849	0.5655321001948547
0.9926243574547035	0.7241548952433223	0.40870444836599323	0.3195200307715525
0.9867934129469288	0.7020919648509055	0.5364460049456456	0.30557051135386265
0.9974633697353136	0.8503092731185602	0.6646919796885263	0.42066575576662146
0.9902293768031528	0.6971062125934254	0.46267997216598866	0.34807983251681524
0.9850692359132975	0.5471670445975737	0.3773874996384804	0.24314412047245948
0.9968996244562913	0.695084362009466	0.48592806839080854	0.37975070460249694
0.9849769606600803	0.5549142330403305	0.40600238912099273	0.32028202118988996
0.9951964856558607	0.7966222236306068	0.507394863308564	0.39340442692262473
0.9966727418753111	0.6529112025771379	0.5453767440833994	0.44168737590873447
0.9956654121245622	0.7208589392767101	0.47812827245913536	0.42140468232417977
0.9963640563776496	0.8109989666929852	0.6054991374170476	0.44976475045642206
0.9948981118264764	0.716772466223336	0.42474293191781315	0.3207063401688641
0.9947534202500445	0.643158460620085	0.5156055335638771	0.5230251631992431
0.9965581221255603	0.7539513948248392	0.4862734068738145	0.41212559464166326
0.9905687160308349	0.7712281190282667	0.5571598074738381	0.4541254220903702
0.9978559587540086	0.7239629147266904	0.5040216660890733	0.4350415092919261
0.99216976535529	0.555300800501293	0.3688497261465188	0.3322999826066054
0.9990510833566245	0.8821417923552917	0.5500009015773222	0.5084545909680331
0.9850891207109732	0.5322006672435085	0.3905480503879342	0.336175702588035
0.9788565002097727	0.6094100250690787	0.4927930061820758	0.37215755808299733
0.9883266876611498	0.5307664532445139	0.508385655636346	0.38750044451334725
0.9941630184052901	0.6876916452170361	0.40476597600751213	0.3065563464798075
0.9958627376786716	0.8137266902216062	0.5246958911436025	0.43940970474454727
0.9854078722355044	0.7020935363298343	0.47738103330318904	0.37517818101138267
0.9953740305692081	0.7919794082625424	0.5530316884186222	0.46222077861984645
0.9958850471200416	0.7376323462187367	0.5677612898221455	0.4690163465697687
0.997531387084757	0.682595631172451	0.4708837601549752	0.38177068831739913
0.9958611611770154	0.8646062742385129	0.6096866476610449	0.4265864521277943
0.9800482497869214	0.6883790552724327	0.5738040314973422	0.43776108271133035
0.9880923148028412	0.6343138106778097	0.47507846757718303	0.3148712997625622
0.9969123076395647	0.8842561943835736	0.6353781598773878	0.47036147679067997
0.9978350117884087	0.7551180090862595	0.5245578593533238	0.44505487832215995
0.9827980324758041	0.506475051144864	0.37761731282102345	0.2825972217756191
0.9918059072179642	0.6741227021155287	0.418139306597014	0.3543221716989971
0.9788960827399217	0.5327709850277137	0.348350297552753	0.30471244175604795
0.9828881227845107	0.49358453843008004	0.303583212828553	0.21505068448484407
0.9963011077495062	0.6449663662125551	0.5198831959849451	0.4362196745533214
0.9899065892125827	0.6129572480407779	0.41124278930051805	0.2822779608212728
0.9939402395276299	0.622467520691184	0.4641227623956392	0.35411061757772305
0.9685333377723214	0.581671178890758	0.4385990316869517	0.37956268395408804
0.9950384962699282	0.7379596957480464	0.4602504462746848	0.3601907938909076
0.976019438614691	0.6586513885916493	0.5018967646190549	0.36769681244593794
0.9943509631557914	0.8223582297526876	0.5207949912223367	0.4073669682465781
0.9979817020585977	0.8396213559937807	0.5099176993620192	0.4501296744632987
0.9980247250990072	0.6658542706452175	0.49826497889542404	0.43419370263337936
0.9937185696867893	0.6801522172575117	0.4957628807409312	0.37973791334011825
0.9947345893904502	0.7229730906279007	0.5551009211179183	0.4973922888275026
0.9938470949258091	0.8774121859262539	0.6751073332506969	0.45023429568442386
0.9962744352320406	0.7852258251463524	0.49468694005257924	0.3731294488734402
0.9860857403045538	0.5579779547787979	0.4385737302244074	0.3305322455831181
0.985810651857608	0.6819709112171931	0.5546494325493818	0.36684932401202536
0.99611410008858	0.6198785799063548	0.45054925970942006	0.3619777653292329
0.9935355251184159	0.7293363646715084	0.5135666976055369	0.5220657868193924
0.9965351115434066	0.7024263593191598	0.514021591283342	0.42407070138470737
0.9976102501586475	0.7987571217182933	0.6256420506222152	0.4748139605485542
0.9981186841854346	0.7456054308479715	0.5195870655897222	0.4768191890283874
0.9877248083669583	0.5485471710039928	0.3643328211576342	0.2540408246246171
0.9987323087457866	0.839429782159219	0.5389351941470449	0.47987116807317953
0.9975126029453246	0.7660118590927899	0.549444398652665	0.45570780044392056
0.9781762036970961	0.6485012182934637	0.5379964366895389	0.41581125360968874
0.9973139995043403	0.7078505552392889	0.5025760479526454	0.41930736243388056
0.9795450719478255	0.7140165310819282	0.49323954771411915	0.40299786942038274
0.9832709230026707	0.7114497992947222	0.4667142331999687	0.3681929579227498
0.9959384348762845	0.6544361300262456	0.4937979034546456	0.3396047504403142
0.9917342324086847	0.7110101100021847	0.42117986047997563	0.3330874058007186
0.9963227259616506	0.7192530259547977	0.5016464174884077	0.38236627498320075
0.9952326904989128	0.7463810124540095	0.5218143983246011	0.4083074131790676
0.995143015813382	0.6466986173832822	0.4982146714277197	0.5108395779494183
0.982495948846518	0.658280669496958	0.3888766228639872	0.3969195770502813
0.9943907490061427	0.7597040975977642	0.4479306278948873	0.4278447979669498
0.9903602607559101	0.6382142702505842	0.4485384371233317	0.40554297327200767
0.9940604079080738	0.776350004495345	0.44589403637528074	0.3672111101261234
0.9964621518023149	0.8131613113706854	0.4901516545541848	0.41038562628351866
0.9909964836275843	0.8525251149183106	0.6634962060054742	0.43243121445241006
0.9983650899193652	0.7505275523723329	0.5052559773134463	0.4451474454616525
0.9904439872597297	0.7162154235491067	0.45882906007612734	0.35725151550071427
0.9890970402752299	0.7954672177649509	0.5640284766961356	0.42005095642442025
0.9890532641314621	0.5217341786132929	0.3292959430413965	0.2961261131363181
0.993714676880067	0.5549932671682442	0.4490668226613316	0.3837954709484749
0.9949592565961165	0.6105611853655869	0.4548872205396573	0.3836555227652211
0.977316701865055	0.48471219799707826	0.28088090686681	0.2143411349080596
0.9888130253510208	0.5364898770265898	0.3640568578960235	0.25346293935402153
0.9797296939177508	0.5128894219100064	0.41245790496308704	0.339303389832156
0.9971343555039065	0.8131755145353363	0.5609901073893111	0.4233480338938649
0.9914129349057946	0.6105898393174672	0.438639756315049	0.443922242924946
0.9969034654476367	0.8095861368496813	0.7025763091730927	0.5543554520842336
0.9848218461170657	0.5235171829040242	0.37276699387059054	0.2528712923739515
0.9828209884242334	0.6118597854210603	0.4034061244996896	0.3686440500907287
0.9930012978657654	0.8578792174719667	0.6301040039121887	0.5411382666907765
0.9845222834457561	0.6078107932008151	0.4641485105246026	0.327969268759822
0.984613570760376	0.5187115213449432	0.38034941130539496	0.2382134862402762
0.9993675353746447	0.9010244319471281	0.7557109862839484	0.5223771239932086
0.9975755917865591	0.7583577411816167	0.5433855574030755	0.40226446338157756
0.9883654998224813	0.8047004965566645	0.6038838681022208	0.40688704822034566
0.9868899978736594	0.6477497128372787	0.41500796578163335	0.32000631129631385
0.993656359081075	0.7213670280787577	0.47426978483560356	0.33913129993131236
0.9726879999964462	0.47836288463304005	0.3420726436069705	0.2182743039264624
0.9979885762447436	0.888987203590363	0.6379512921543431	0.49371261951117495
0.9811418513592538	0.6772044324008257	0.4412159718287868	0.33941036757122456
0.9955046175745581	0.7907437404547624	0.5001891797172712	0.38458150727006696
0.9977668640317545	0.8293825624843416	0.6536945508177099	0.4768459676147477
0.9865425417667131	0.6740324985795124	0.4634681479245714	0.310334794777108
0.9901393669343426	0.6329525174861881	0.5112943978595604	0.4745011827252932
0.9848903046635495	0.5562860307136998	0.4862861609724845	0.40759071468135283
0.9985984903948318	0.8352606479025015	0.526986253170815	0.4952609653060391
0.9951887072568403	0.7899695534987171	0.5601591064469246	0.44454310530884006
0.9886908568164171	0.53418425152203	0.4112138799979771	0.3928519108764727
0.9809826802032459	0.5811569234588987	0.3634021880287234	0.33919130134226394
0.9885911301837125	0.5686904770564917	0.43797417099949243	0.2827194201678591
0.9954786456648661	0.8134842021120284	0.6334512028032913	0.5178894167886212
0.9918305045002617	0.7304607141093109	0.5365435277668027	0.5005711502272332
0.993086974093794	0.6048934431397796	0.4205786308175465	0.36463810956091797
0.9886577197007766	0.6353458175230807	0.6036125231238485	0.46310915331779196
0.9981755200671567	0.9227307701840539	0.6697305801007515	0.5464538346354161
0.9859532712400587	0.7167403777380462	0.603976267093184	0.39888431314635653
0.9961217251123446	0.8524255710582352	0.5953264853450555	0.43863300203244127
0.9971924066243378	0.8828917174963379	0.5574006593735763	0.4539883305951761
0.9962614256467381	0.833823969863823	0.5507057727595946	0.41641277045407815
0.9912476082850228	0.6644956840034887	0.410440698656146	0.34471924734286796
0.9955497185149124	0.7784815049765393	0.45997902910435157	0.38904540424686673
0.9967473952087031	0.9050971970921871	0.835429949904605	0.7733369283088637
0.9970550790793031	0.9063321489306566	0.6960238088240578	0.4817413837657366
0.9963439951824526	0.6807758993979514	0.47349957312971513	0.4039998976251439
0.9951485323578831	0.7668343458171938	0.5872178449869644	0.4428370667305431
0.9751922535970865	0.515326142424817	0.4081594486041256	0.2754554758537971
0.9896147691812027	0.7830272175994836	0.5123094426782795	0.42203242851801737
0.9873580672962398	0.6531922693854165	0.3826112251481521	0.3141981946804066
0.9883894036254711	0.7164060805403267	0.5715202152676446	0.4380413710857474
0.9895090273203526	0.5810348936078273	0.3954999547346421	0.3449805551899371
0.99545906861976	0.7186055022925874	0.4460238381750931	0.3891604645454443
0.995293336341151	0.7337344043509164	0.46766781312443356	0.3757194629493211
0.9955400334032158	0.74062734165826	0.6549389825500832	0.5856872416178871
0.9842576835746691	0.5852851106634035	0.35659447564389873	0.28980150235813507
0.9927442340280127	0.5912116319311614	0.4441877930478426	0.331136575874209
0.9929324427966396	0.516844612924009	0.40657258861309253	0.3118507772031812
0.9953743897726975	0.7230207816595333	0.4798695645133423	0.4216583224685668
0.9953835032391984	0.7010299823945216	0.50331114842381	0.41036848804783976
0.9949412190243513	0.7057713664033588	0.43005608003537993	0.39797893856989086
0.9942897600475185	0.800165665498188	0.5129328538346729	0.4049529146249089
0.997313954679725	0.7750694566299006	0.49585436732805693	0.4207460296973964
0.9967657114691119	0.8710472584631199	0.6138776438367564	0.44391756790690046
0.9863977072253653	0.6323514315565095	0.41148797878508264	0.32997831489277124
0.988829675029008	0.575030750273792	0.43158213649491967	0.35291497535100136
0.998975368636262	0.8666240417457319	0.5686934841515006	0.4793982613606313
0.9870480413378535	0.5602430500450921	0.40728395658461636	0.2932848184934795
0.9964451986747362	0.7974459471622888	0.5076006400822181	0.40901707118730046
0.9927956786356265	0.7001547137027263	0.5050185730802851	0.3322864574554561
0.993065044369658	0.6626818773100666	0.5536144416974701	0.40969458503118894
0.9942502757557778	0.7328297035658149	0.5117253474071664	0.36980597520487807
0.9916169529004543	0.678412738427177	0.47402984712454976	0.3317483263136873
0.9958523050330667	0.6291510281998809	0.5115473232296389	0.4122188210237722
0.9945835710147268	0.6620956241706853	0.506064891098927	0.40308923081776427
0.9866329684141182	0.6339175840221463	0.4639331549904989	0.3030155293658308
0.9876025735637117	0.6603471381268544	0.4745977845853468	0.3461778002757952
0.9965630980980357	0.6919112733061094	0.4585885276493959	0.41242080185624674
0.9896715495868347	0.7182356044556449	0.5980323771107575	0.4325115670856289
0.9899979358762238	0.6791626028892495	0.4998369901516383	0.3095000242466026
0.9980205287328366	0.9122098762022575	0.661290714914641	0.4926686778417662
0.9864469937684607	0.5525003686107959	0.47946364945824393	0.39676121830641653
0.9926357316349059	0.6313075082926708	0.4167262220938974	0.2883725323237725
0.9854060602954696	0.6044942091925063	0.33468061519024783	0.28847169680985457
0.9843578853290041	0.6811745508837487	0.4602665662380746	0.3308590970730192
0.993252670726995	0.679164717897635	0.47124269253000167	0.4444508517344701
0.9959717813516323	0.8547739742423169	0.5994975717254585	0.4306215870363498
0.991723390027804	0.617211627691513	0.4661154227006254	0.36895464171297904
0.996822473863603	0.8204097280784031	0.5303216575354062	0.38937253704321845
0.9905124252524566	0.6861534342056235	0.4483963341642158	0.3041475760221898
0.991167773999515	0.6469369873309558	0.4168498069756518	0.3187097540144032
0.9924304470468146	0.7884173942489401	0.6220424474546374	0.3974606100508156
0.9775258372723701	0.517748958567043	0.33416973722852233	0.29908670928179826
0.9843010121420614	0.5055752846671728	0.4117731525413769	0.30425836763642405
0.9887510084694805	0.7288557437588682	0.5955210990418294	0.3730713381252107
0.9929852401870382	0.6247495613442872	0.44379075947655466	0.3713487957908749
0.9853391515055883	0.5584543926255295	0.36045464608350647	0.265237372815636
0.9914156657092348	0.6942866147492005	0.4314452838186375	0.3413042137209639
0.9962598536615619	0.7452294779484061	0.4837247689852821	0.3858259069673716
0.9975335148702622	0.724877697673946	0.5122278209282849	0.3853585879211691
0.9938668015868657	0.8303976951180372	0.60799016316378	0.39118128210125497
0.9917758896194713	0.7751996772533011	0.5886745466403132	0.4014025700984136
0.9983392741756468	0.8288149380139469	0.6093569389966605	0.4928827191559532
0.9898007289951156	0.8107752221774017	0.5841691545326649	0.42521556018086115
0.9848326491364319	0.5622117057246707	0.364539382356771	0.276255472638563
0.9902032439569951	0.6433290093042945	0.42370395993332804	0.3205171313043828
0.9935131225462608	0.5620342107063918	0.4503751846429719	0.34381198993757905
0.9938336641275421	0.62765487917656	0.4482566525677701	0.41737537747490777
0.9789549619220663	0.6020665134173269	0.3946020764286767	0.2789170745520686
0.9952886422429819	0.5874630701826031	0.46262331399019774	0.36622402003603294
0.9876074873064161	0.7048629121190647	0.50097338520182	0.3418226609027855
0.9887171747948402	0.5422584148212628	0.3728508030693303	0.36057877279704076
0.9946300004148299	0.8443185036210485	0.6355703373064782	0.3914787921198768
0.9962032225280022	0.8044351200608848	0.5059827215038724	0.39531757744122925
0.9973388819358129	0.6915716936639063	0.49786728083670345	0.3918518527291218
0.9943279121835583	0.7616226932728882	0.46904038757013344	0.34401766015435586
0.9766865399314726	0.5988287368149912	0.39907409535593985	0.36607409141423236
0.9847785900483919	0.6422854302517507	0.43774929844882554	0.3361926655173819
0.995711243192334	0.7624135222931998	0.4805705933156104	0.3659402612519185
0.985776038594252	0.5986241579133139	0.36853979695212014	0.3608655055710178
0.9838927745066853	0.5111115222860292	0.3955043421934801	0.281021552923759
0.9950080657674646	0.7598693420468573	0.4800748957035597	0.39699416280923006
0.9910420416948083	0.8121810141830367	0.6350081871354399	0.41056456239401246
0.9961521395105232	0.8466101168262735	0.5885062407994484	0.4142158708737758
0.9955928945302397	0.7450693013190818	0.47627497447557654	0.3863004589179299
0.9681415820857037	0.5108225065239773	0.3363784026378799	0.3031479908820683
0.9896330695274128	0.736283021676912	0.5611622763298879	0.40373996332506273
0.9851718662196692	0.6774291045403344	0.42723159159965396	0.3208805205435496
0.9881105731190901	0.5055980903846992	0.3563773948777183	0.3918245539460501
0.9971116336480814	0.8950223938440919	0.676986739303274	0.4746771976178892
0.9969228459766524	0.7333672978349108	0.5338262984531599	0.38361683302559035
0.9821587065836737	0.6491088354812202	0.4466859463247398	0.3368919461234499
0.9975748756835122	0.7600333656108097	0.5441515770252526	0.4091686432511648
0.9968319244130961	0.7284816098983657	0.5022568563490777	0.39968967009455475
0.994868774320185	0.8100709280342419	0.510947661896168	0.38437613643595636
0.9955648870537477	0.7399505356748612	0.4967648564846052	0.5787782556575051
0.9961075010866194	0.6418702025771958	0.48966665438235296	0.4136248525510918
0.9970736752140625	0.7567911441863313	0.4659097592297661	0.41239626579422706
0.9895224274527837	0.5776310897443676	0.44020833226221673	0.3068621296348174
0.9897811701785573	0.6261188382674764	0.5468388989912389	0.38314748266948706
0.989468104629306	0.746228726550141	0.6205733757530453	0.4689831961590296
0.9952050211289017	0.7247195434897792	0.49054895601405274	0.3622135046313622
0.9878409624155277	0.6983463649171988	0.5868519832056717	0.4110768189934171
0.9861842115538398	0.5826842100176755	0.3977970673271585	0.2549289025347586
0.9883217743424144	0.4525172582994216	0.35632857994845607	0.300932512653004
0.9925613948591524	0.8146096437521867	0.5907628794643475	0.4120542146831984
0.9842455109554937	0.4457460522290146	0.34198469678669485	0.2622063689089695
0.9949408724459764	0.73176749033816	0.4803900801937131	0.3822439457225886
0.9954889075806712	0.6112610138436407	0.456860639441631	0.351216162935507
0.9680440613530971	0.585151130854932	0.422605720549692	0.3751503063258959
0.9984909703335291	0.8616863619329734	0.720385287871657	0.544005144748727
0.9969575487714836	0.6960961249103942	0.5712966223381165	0.43027446337523084
0.987224989327998	0.6348746469906597	0.5226161361746328	0.4128570778256305
0.9783520633984134	0.5626318025952998	0.4482296138562491	0.3760613229374499
0.9874043702666958	0.6437963823074069	0.4196747758754279	0.3358022799783227
0.9979687192162714	0.7956341865854809	0.5014900050917543	0.43919597905010094
0.9844707388571539	0.5850797929157178	0.39474440209428524	0.28173367939563265
0.9926023188114482	0.6504600678469844	0.5751249700922803	0.5429262615347639
0.9900996791918364	0.6731352874892098	0.5044564075905059	0.4253490090763922
0.9967181783565114	0.806587812270243	0.5743317238282515	0.4879526709401579
0.9816365974652659	0.49011332747938186	0.3348089968243555	0.2443205783980162
0.9970253866423295	0.883500069882434	0.6267374745474759	0.46719917380251147
0.9978149265496986	0.7814834775643087	0.5730173332759027	0.45398717903187896
0.9960522918806174	0.6589974504547176	0.44003946728373344	0.332504873137676
0.9868474463900007	0.6969543298948255	0.4047386837964377	0.352961923420704
0.9901662991675259	0.5231751112684861	0.4201602844225771	0.3588947331307758
0.9797471112684825	0.6387174629471298	0.5166307603975012	0.48398814529902484
0.9965697460975869	0.8506902368085217	0.5794010859827194	0.41944512671202233
0.9869067403999272	0.5916579505179625	0.3452265779771633	0.2760271832687807
0.9965141891044241	0.8334519259048229	0.5469161793199112	0.39553510273722536
0.9934323714567144	0.7036086332865403	0.5616966161338391	0.40097590730594496
0.9967448690810906	0.5489370522309307	0.4680479135047444	0.36344330201749314
0.9854566530479202	0.6101965898079451	0.4099420448890966	0.33688855560721437
0.9888170018428739	0.5370063929508982	0.44621579705110553	0.39471081969993205
0.9926589367908025	0.7283349989621096	0.4995752350925879	0.5168377085971763
0.9947480392469383	0.6283710863084453	0.54378846644863	0.5051053079983582
0.9745499417896072	0.6378441050225444	0.4208543768029989	0.34158013892537653
0.9917491335114663	0.7624171707706565	0.4141259554315141	0.40735447146664205
0.9882370119175665	0.63349140175076	0.47876949136816027	0.3349407870513108
0.9942588417771533	0.7437838772328403	0.472293637852079	0.4124096647716409
0.9811277384769526	0.5560174761480643	0.3600768340152519	0.31711864946228535
0.9981081696287134	0.7999499879004744	0.49662880295379636	0.4539739394324266
0.9921511406150512	0.6153788613825912	0.41500830378981923	0.28090733973042714
0.9936060174741994	0.8497689326526124	0.6540853573620449	0.4528549571972746
0.9927685199939889	0.5497891540675474	0.4155140400840895	0.3897621327922579
0.9936857330342781	0.698304910765831	0.5297395665947446	0.3634073496230065
0.9974698278835465	0.7370862170618521	0.5163686184040478	0.47361403685516085
0.9857616852546649	0.4694779245678816	0.3215674928542038	0.3137586981436875
0.9977115792518053	0.8136411226243202	0.5554102038176313	0.4340216631075836
0.9960270826289129	0.7571483122273615	0.5758069778534648	0.4624441869607302
0.9966236981627223	0.83435629474271	0.4562066427677207	0.438730192169414
0.9973662091306315	0.8449411792337127	0.5693660821991678	0.4443107269007875
0.9834979841070541	0.6196914512066876	0.37680414500561243	0.33312392759531745
0.9971668314718372	0.6809656005097517	0.5599220574952238	0.3999006628307347
0.9975396669158061	0.8364393811142843	0.5552765748263521	0.4315683543057946