0.9999999981454886	0.9998487687034406	0.9914412059208285	0.9241155934739378
0.9999999978880241	0.9998274815020732	0.9887983621942599	0.8777922671524917
0.9999999977817685	0.999829914006066	0.9905674965842903	0.8673919060626245
0.9999999950027115	0.9996443028919606	0.9725012751451313	0.8458825808708892
0.9999999981307487	0.9998481078104632	0.9916582611214875	0.9163379818600753
0.9999999969782498	0.9997579222630858	0.9800764379631431	0.9382428019107331
0.9999999985623821	0.9998800667845681	0.9916684255718639	0.9242339628120952
0.9999999951056524	0.9996270207350021	0.9692382291777645	0.8552939700567606
0.9999999964209503	0.9997625142002576	0.9799320053220986	0.9111514210468857
0.9999999954574634	0.9996258863112576	0.9751501109611717	0.9148913760259737
0.9999999988281985	0.9999074241177099	0.9942501702984631	0.9596788626180626
0.9999999991961769	0.999942162198738	0.9957208276665068	0.9563296408115602
0.9999999955556074	0.9996615288727262	0.9768134047821158	0.8576641053727031
0.9999999953615109	0.9996556406483706	0.9686525513788096	0.8806606654484822
0.9999999984427557	0.9998857947570904	0.9915398929384979	0.9127299474545137
0.9999999984465047	0.9998834569471601	0.991131408956484	0.916856079008308
0.9999999984030199	0.9998752437934973	0.990168189397028	0.9221661758351442
0.9999999987916143	0.9999080147685008	0.9932951951647703	0.9378881976936448
0.9999999965758697	0.9996809741449179	0.9847891422887451	0.8846300376133548
0.9999999975426196	0.999787008618021	0.9839669859061703	0.8720973330681566
0.999999998501431	0.9998946460336361	0.9929936574898854	0.9547106499445317
0.9999999989765561	0.9999236723016207	0.9947491544747724	0.9448484526537929
0.99999999757715	0.9998123337977571	0.9897837632978078	0.9341428714221365
0.9999999998498214	0.9999898765756579	0.9989546910970181	0.9924068475577407
0.9999999990249531	0.999921459033235	0.9949006695129724	0.9460905726650202
0.9999999976787551	0.9997919856787919	0.9853077274141032	0.9064635886292053
0.9999999965299051	0.9997126715566269	0.9847751984386071	0.8966687500146573
0.9999999982276364	0.9998740526233505	0.9920068626343996	0.9484934843105932
0.9999999950062401	0.9996185361117631	0.9726663343161919	0.8137359445845662
0.9999999973802637	0.999794606575363	0.9891163958415348	0.9234850149216581
0.9999999989202204	0.9999150055831952	0.9936828506022328	0.9506700900671554
0.9999999989058765	0.9999149971783419	0.9926472413992448	0.9438284861116639
0.999999997883959	0.9998588826626453	0.9891397213459081	0.9072761075171489
0.9999999968386222	0.9997908591576539	0.9833274744227714	0.9030865284909164
0.9999999959360802	0.9996364004730789	0.9792160676305978	0.8615184964971946
0.9999999992289431	0.9999446984358762	0.9964854162457388	0.9628419215518073
0.9999999996843821	0.9999776337544107	0.9991409860529451	0.990099950620076
0.9999999982110122	0.9998650211736652	0.9884697025801271	0.9331047730207652
0.9999999978283031	0.9998341428275982	0.9915620511033807	0.8995929874603052
0.999999999249989	0.9999503393381918	0.9972377485354157	0.9689098146060906
0.9999999984510062	0.9998598389458262	0.9906808938651575	0.9522115151876698
0.9999999987848363	0.9999059468510115	0.9932040049557528	0.9477332795410839
0.9999999986133032	0.99988840628504	0.9929869935556488	0.9406734748777232
0.9999999977019667	0.9998115255324066	0.9877452363948822	0.9205008222720112
0.9999999973361776	0.9997492628681486	0.982988029551064	0.9106831939373493
0.9999999975091324	0.9998079213964197	0.987212155800097	0.9080898958147674
0.999999995340667	0.9997040772940935	0.9747360533399078	0.9141509371277391
0.9999999989531078	0.9999216938069276	0.9936383245912703	0.9509518491032917
0.9999999955348845	0.9996453782619208	0.9737248599259521	0.8391777392627193
0.9999999986881132	0.999887486552006	0.9949089170016574	0.9681110302793853
0.9999999960330829	0.9996951507291804	0.9774077447606968	0.808180851874936
0.999999996106547	0.9996581667166474	0.9803793997395859	0.8915954789683523
0.9999999991344825	0.999942231964298	0.9947299853325172	0.9673243714936502
0.9999999986559308	0.9998970574731941	0.992166196725176	0.9347844178255805
0.9999999974763708	0.9997922310685006	0.9856857189336471	0.871370648563514
0.9999999940874448	0.9996160333218175	0.9647443976587791	0.7435852540898037
0.9999999967030441	0.9997175027353988	0.9773160778343941	0.8565762546442064
0.9999999940954314	0.9995206715356209	0.9642519628610241	0.7871542071346253
0.9999999962787528	0.9996956277132198	0.9798435315308066	0.8468436570539182
0.9999999975863841	0.9998218316245728	0.9867350143545401	0.8721132465915731
0.999999996343317	0.9997307903465574	0.9798286174644042	0.8651433420815627
0.9999999944284149	0.9995328784277271	0.9648356489315656	0.8036915839103989
0.9999999987258914	0.9998943849508217	0.9942054062347636	0.9552622717442274
0.9999999958269313	0.9996632530763335	0.9752864243479888	0.9184486669590384
0.9999999973784036	0.9997882181418174	0.9812080515022592	0.8707006592880476
0.9999999976791195	0.9998143521559788	0.9853155835614337	0.9461527146502189
0.9999999986276802	0.9999052828915358	0.9925104000641868	0.9223675509174467
0.9999999973621624	0.9997949165028126	0.9891499670741645	0.9032863900880227
0.9999999963064978	0.9997313782899266	0.9796305763239087	0.7994454004671186
0.9999999947087497	0.9995832930866045	0.9700254766275404	0.76644674333599
0.9999999944874521	0.9995309539999555	0.9678504234544016	0.7777224881466291
0.9999999980838271	0.9998758550610125	0.9906202304544269	0.9373686599763847
0.9999999973548696	0.9998025633124562	0.9850164420029012	0.912926166307737
0.9999999980992387	0.9998770733169806	0.9875626626005377	0.8814743678378092
0.9999999976589818	0.9998076382960291	0.9872140483249424	0.9470131092854901
0.9999999993827791	0.9999604595592747	0.9979796382118611	0.9785862392319602
0.9999999995065243	0.9999624346647217	0.9986255909412265	0.9843115693431653
0.9999999964159844	0.9997011911434783	0.9813730697278182	0.9013422536836754
0.9999999981475359	0.9998591513391188	0.989715522357189	0.9109338713229058
0.9999999972917696	0.9997915803026699	0.9840779205974147	0.8985039218019185
0.9999999967994643	0.9997409612430234	0.9831349019052728	0.8564715605208552
0.9999999964861778	0.9997575590884319	0.9783064709198973	0.8773801152268828
0.9999999986308056	0.9998888894413952	0.9918896438844981	0.9227257995768512
0.9999999965747618	0.9997611779876564	0.982379553146662	0.8519465538057724
0.9999999964514859	0.9997624710431352	0.9812042723241609	0.8451736102025769
0.9999999973750446	0.9997954800067191	0.9858431452320718	0.9142958113168145
0.9999999970655155	0.9997259861171126	0.9803317656660252	0.8643411701647296
0.9999999984755802	0.9998761300381037	0.9926586719250619	0.9447770941821284
0.9999999959968041	0.999694777685212	0.9773588946250737	0.8772284235528461
0.9999999988197237	0.9999201907344111	0.9927508480293594	0.9295348501952952
0.9999999993368232	0.9999465189076102	0.9964383270182701	0.9685465071698626
0.9999999987175318	0.999903069649987	0.9934308902602739	0.9522996357826972
0.9999999982907051	0.9998631044093264	0.9904994083874352	0.9318980795647052
0.9999999992491547	0.9999486261956759	0.9948573918043866	0.9528346972103335
0.999999996165228	0.9996805179083129	0.9751958127433603	0.8166967220437749
0.9999999993886277	0.9999550238347665	0.9973885626137937	0.9727582499431479
0.9999999976247289	0.9998174510054431	0.9868194448611314	0.9100168301124136
0.9999999988016829	0.9999055160043571	0.9940424868521454	0.9487468667410508
0.999999995867436	0.9996388562397163	0.9722721402961364	0.8552121940118966
0.9999999985838876	0.9998860989214904	0.992953220912202	0.9157394188581437
0.9999999982935907	0.9998615671960467	0.9913910262770094	0.9359017714383854
0.9999999980891214	0.9998474571556413	0.9884876269576308	0.9138748614691138
0.9999999994540363	0.9999623223563845	0.9971417251776251	0.9732966337045028
0.99999999825888	0.9998660005265042	0.9899679231789884	0.9224884180403014
0.9999999952827323	0.999628501512719	0.9770625234429678	0.8062084240682457
0.9999999987148234	0.9998973873960084	0.9948943967375609	0.9626524823142265
0.999999996929272	0.9997538624241121	0.9876979870520621	0.9043756383095007
0.9999999966681132	0.9997946284326154	0.982513526786807	0.9051016098928665
0.9999999970289294	0.9997497845590382	0.9816066643129794	0.8953893472716657
0.999999996634351	0.999725643676842	0.9821419977143823	0.9095030987842269
0.9999999954465271	0.999613207328745	0.9781175995819138	0.8337287185912967
0.9999999981510599	0.9998534578872829	0.9882854151936672	0.9187278162077873
0.9999999980321631	0.9998518955465745	0.9893316693194658	0.9247908147173012
0.9999999985674639	0.9998941196706853	0.9925058581906706	0.9206899688759507
0.99999999781969	0.9997983300878291	0.9882782439338302	0.9283977027218757
0.9999999967734493	0.9997595328442116	0.9821427076878254	0.8891430371929931
0.9999999983439525	0.9998742078573601	0.9936231185831139	0.9609414947294005
0.9999999979309625	0.9998446501789243	0.9894072173440709	0.9388144377728461
0.9999999967052265	0.9997237079006018	0.976342583820677	0.8546465189585318
0.9999999961811007	0.9997208605373495	0.9786125831526787	0.8615086747385513
0.9999999978340834	0.9998341361759868	0.9887631983797388	0.9036511870326305
0.9999999978628844	0.9998461636422674	0.9876084357213648	0.9191582380027311
0.9999999982793926	0.9998568634087125	0.9890955713469927	0.9216267391265878
0.9999999976336539	0.9998313674278877	0.9897564812024472	0.8965303754204526
0.9999999979629646	0.9998282357887938	0.9907699611076164	0.9539316836550805
0.9999999989586698	0.9999202590532623	0.9944685768175368	0.94939715281733
0.9999999983114222	0.9998643029485961	0.9903748036667431	0.9432513719664116
0.9999999991903061	0.9999448481830864	0.9942247585560726	0.9501310785111703
0.9999999956283279	0.999626204265561	0.977585282787484	0.822578212548933
0.999999999343641	0.9999478852213811	0.9972721345978967	0.9763914043962316
0.999999997253442	0.9997759040079833	0.9832654543470692	0.870025894730519
0.9999999959071402	0.9998067042096578	0.981308213270805	0.856674691599237
0.9999999960632131	0.9996728333971449	0.9778834906134087	0.8653859136705793
0.9999999991129717	0.9999409237632254	0.996249392108514	0.9565266101475915
0.999999994750449	0.9997169253607608	0.9749634625956141	0.8891656404252282
0.9999999955518349	0.999586714702449	0.9771243075797134	0.8502947163278577
0.9999999980004857	0.9998435479660973	0.988815628636688	0.9062580154779087
0.9999999976928498	0.9998037073608655	0.9854900005973146	0.9001433156667104
0.9999999972392944	0.9997894528793925	0.9872296589816099	0.9294036160333817
0.99999999649158	0.9997110587484235	0.9808156430683223	0.8915810033529838
0.9999999980399502	0.9998580022450164	0.9886733530479282	0.9103026887498092
0.9999999980178331	0.9998663864692613	0.9914016967659484	0.9075351038735554
0.9999999960740406	0.9996949306987477	0.9766076406404409	0.837669078205612
0.9999999984267723	0.9998806121259859	0.9918082857010915	0.9309064561906892
0.9999999980902433	0.9998538541907994	0.9914699187774458	0.9314778196742416
0.9999999973117314	0.9997561081524424	0.9896454384471245	0.9362689905187939
0.9999999983284864	0.999870536529471	0.9903992978944155	0.920116808311116
0.999999998211979	0.9998473296720245	0.9919919845825568	0.9605504303896941
0.9999999977188447	0.9998016170686901	0.9854597490497407	0.9215659007793767
0.9999999966898578	0.9997238288410165	0.9799005148900807	0.8795999496306075
0.9999999939112189	0.9995056630830893	0.9716233206732361	0.7907749356175473
0.99999999961202	0.9999741301434407	0.9983346618770716	0.9783985013666483
0.9999999980082872	0.9998435279813181	0.9912818621362818	0.9392484005619366
0.9999999982708596	0.9998624391205455	0.9932594082022366	0.9417457236196026
0.9999999976381891	0.9997918583411118	0.9857262097901781	0.8584260166146016
0.9999999992642857	0.9999415168588572	0.9957861876456863	0.9751218575769856
0.9999999979255494	0.9997990858283345	0.9853731824765553	0.920812021186312
0.9999999970845908	0.9997537602637496	0.9868187016286538	0.9110811761454701
0.9999999949590308	0.9996075944646999	0.9704735305787106	0.8663117040979188
0.9999999960142818	0.9996900162400302	0.9810338739671548	0.9175831031377297
0.999999996055517	0.9996783121214252	0.9819029237112982	0.9043575538099897
0.9999999968774782	0.9997485450013642	0.9842492684138753	0.8471565763392178
0.9999999985383324	0.9999003297456265	0.991420749987314	0.942837897131987
0.9999999946933352	0.9996237233798824	0.9684685587624209	0.856049290928828
0.9999999950664591	0.9997518864777462	0.9738418915525722	0.831218129017002
0.9999999961696451	0.9997231179976457	0.9761681484887578	0.8588095503496991
0.9999999965754883	0.9997671672985254	0.971537235491828	0.8816412945088914
0.9999999971725728	0.9998165328364461	0.9865904638746776	0.9087950549033482
0.9999999947117775	0.999609744091243	0.9723554316013197	0.7880775709544686
0.9999999966153621	0.9997247449988169	0.979815042387329	0.8400141659439971
0.9999999990116435	0.9999282394251815	0.9940607773739327	0.9430600436092929
0.9999999987980773	0.9999035380693999	0.9940558727681179	0.9302044631811075
0.9999999964443649	0.9996961678170223	0.9800770811991768	0.8894162884012137
0.9999999959030853	0.9997657544675871	0.9790769941537365	0.8769327227525262
0.9999999969954728	0.9997410136395386	0.9849903670146647	0.8851323443028141
0.9999999955859178	0.9995743569501276	0.9723282857277824	0.8394556206233139
0.999999995681701	0.9996866248253992	0.9747990792089367	0.8598490914733312
0.9999999978099186	0.9998242411832293	0.9890681125438223	0.9256565329837927
0.9999999955655535	0.9998125923998252	0.9837779645663506	0.8883548105861748
0.9999999951598831	0.9996406881935733	0.9732799047641115	0.8715669552212508
0.9999999954030826	0.9996749635451627	0.975863883360007	0.8516140129491607
0.9999999974287386	0.9997768177081453	0.987544218402212	0.8947024639493676
0.9999999982298801	0.999861366668136	0.9912948316517539	0.9379474694535934
0.9999999980424351	0.9998459215687848	0.991251378574812	0.9252167801011065
0.9999999984167105	0.9998780512197428	0.9924310940898803	0.9307917518769996
0.9999999975763377	0.9998031404515475	0.9844732061410542	0.8861534935518057
0.9999999990542998	0.9999303915488281	0.9946017952047187	0.9507842133763695
0.9999999971901601	0.9997819854139522	0.9854738335419208	0.8930574449342781
0.9999999963483412	0.9996945271835722	0.9769288188643502	0.8404798128806669
0.9999999989414504	0.9999345705478438	0.993540672968615	0.9338734062936976
0.999999999308356	0.9999484359596816	0.9963491203265995	0.9651042018768083
0.99999999514515	0.9996496753769022	0.971152883046428	0.9008341104229276
0.9999999979550867	0.9998232033443659	0.9907070080341741	0.9392994837985498
0.9999999995036509	0.9999669853818617	0.9983686614226692	0.9823193341057432
0.999999997989917	0.9998487354139447	0.9859042132409874	0.914215350633846
0.9999999986406682	0.9998837310389606	0.9928169022195028	0.9484236123195571
0.999999995061185	0.9995892274325997	0.973771987709214	0.8278380661720712
0.9999999970705145	0.9997443176524213	0.9832632758423454	0.8340484883688867
0.9999999989353403	0.9999199743024861	0.9946497781232606	0.9404693980874241
0.9999999987682646	0.9999105707214012	0.992438041173697	0.9249691447452084
0.999999996707318	0.999693616461355	0.9815506157584717	0.9011478995394866
0.999999996484382	0.999742367523728	0.978387925101313	0.8845298913407993
0.9999999995762398	0.9999686376568404	0.9968858920439913	0.9772104470648831
0.9999999991375524	0.9999382502230076	0.9956200862528294	0.9590321156408624
0.999999995968175	0.9997450297685658	0.9668797175952468	0.8442202456135572
0.9999999991396811	0.9999342063363413	0.9952425055532471	0.9651822104618081
0.9999999974633283	0.9997489348997249	0.9893659496374123	0.9325833676985387
0.9999999991558259	0.9999374064123097	0.9962265152360666	0.9658736987354776
0.999999997601486	0.9998327309921344	0.986722346255382	0.9088374875046448
0.9999999989369617	0.9999186085022705	0.9945459128152337	0.9653804011100697
0.9999999973364891	0.9998272693289322	0.9838735904190027	0.8577695462020591
0.9999999987352263	0.9999018100840971	0.9930287630207872	0.9413857272278066
0.9999999972537393	0.9997749058380988	0.9854094809191384	0.8955495053804343
0.9999999963295308	0.9997352787637399	0.9820061111957309	0.9286060183863816
0.999999999337863	0.9999481846924841	0.9969101436432406	0.9772708380117138
0.9999999953944342	0.9996092741620293	0.9734696607651494	0.9066876287565411
0.9999999991631366	0.9999443983412822	0.9963032569440389	0.9666198317074713
0.9999999990401038	0.9999337277760706	0.993761665014066	0.9403621783443403
0.9999999957932638	0.9995835821218323	0.979983868244333	0.8413613249698152
0.999999996722423	0.9998782081955185	0.9851274419044989	0.9212449234934593
0.9999999956411373	0.9996602458058513	0.9744215746431527	0.8448428487536901
0.9999999952557436	0.9995661388211592	0.9706478908541438	0.8454499116296308
0.9999999994712311	0.9999639720472435	0.9969575624595672	0.9680193049179259
0.9999999996073373	0.9999721827605722	0.9971925201565239	0.9758323712480329
0.9999999959965011	0.9996484936394896	0.977624116329784	0.8686649980382235
0.9999999996692632	0.9999771407236832	0.9981080606482183	0.9789156880923245
0.9999999970133244	0.9997145356323313	0.9809404457260149	0.8980472221450897
0.9999999977998273	0.9998190050024075	0.9875828656298531	0.8933832217483201
0.9999999948764356	0.9995790130694052	0.9708527328789953	0.7789586335639754
0.9999999994173185	0.9999620384167387	0.9971136421079165	0.9722075364707106
0.9999999950841737	0.9995428650342256	0.9723769913967271	0.8338393824228737
0.9999999938320732	0.9995950258801757	0.9747042468951244	0.8271529518159252
0.9999999947089132	0.9995136154235195	0.9714450087572851	0.7855133229610629
0.999999998927016	0.9999197942669773	0.9938905892113991	0.9368806943271433
0.999999995569577	0.9996113113298424	0.9710907489299895	0.8988739098339894
0.9999999966403813	0.9996933021196626	0.9753444096352338	0.8420834356750332
0.9999999989945365	0.9999147877936316	0.994617589246602	0.9709392011521214
0.9999999991906128	0.9999364811511432	0.9966929305488694	0.9680731698227487
0.9999999967581722	0.9997410103067583	0.9758613463581862	0.8852109053820475
0.999999997592129	0.999795794045835	0.9833465823803631	0.9361281892063075
0.9999999956777931	0.9996399286904986	0.9747839743778115	0.821464876471171
0.9999999940987812	0.99963607503393	0.9564482189663052	0.8734830230785027
0.9999999975511638	0.9998229749229008	0.9911596647159324	0.9102184509661083
0.9999999985676031	0.9998933333557664	0.9913908068486317	0.9234761987630268
0.999999997539938	0.9998136027679241	0.9875688646329087	0.9128705455874764
0.9999999990543366	0.9999344679233825	0.9951922782874342	0.9504873808139254
0.9999999955422392	0.9996772058944999	0.9701429321075007	0.8508221503315987
0.999999996445789	0.9996969172450202	0.9841839402571544	0.8429820530238099
0.9999999990010866	0.9999370992007478	0.9930119848597546	0.9341704685668796
0.9999999965064179	0.9997027911394105	0.9762687755890755	0.8079326011282368
0.9999999993865137	0.9999542162759231	0.9971915539800722	0.9738559109065127
0.9999999995629185	0.9999687975559859	0.9984528551381966	0.983246110362212
0.99999999847585	0.9999072825838148	0.9920347884836174	0.9023232129281695
0.9999999965792258	0.9996976001384665	0.9799789188112796	0.9377069281970096
0.9999999985133335	0.9998781361206608	0.99202713042847	0.9261242932146024
0.9999999976365048	0.999830312555934	0.9869993651094208	0.8861616425363803
0.9999999952160147	0.999632657420437	0.9752373435299398	0.8354099504486517
0.9999999963241525	0.9998209779489435	0.9832397410463724	0.9221186473108293
0.999999995519549	0.999632472854692	0.9765737945616234	0.820383792334183
0.9999999971678395	0.9997653802987538	0.9821635687385176	0.8659807301207043
0.9999999992785941	0.9999482833058755	0.9961765481106417	0.959525683927239
0.9999999996408948	0.9999745509098081	0.9972685023302261	0.9752663681674109
0.999999995288731	0.999629424260094	0.9721484218057416	0.8422555222929199
0.9999999987687394	0.9998978579594541	0.99360015974051	0.9330602040980575
0.9999999979105616	0.9998449406630794	0.9883997279235688	0.901649805378564
0.9999999945062973	0.999804873311219	0.9825343071423026	0.8734600079602698
0.9999999979950105	0.999828389785074	0.9859378014571824	0.9091942460434983
0.9999999957874485	0.9996646678915551	0.9768677707733742	0.8833066752917141
0.9999999976173046	0.9997922499916793	0.9858237749723381	0.8647531555675023
0.9999999984303635	0.999874824257269	0.9908730277936402	0.9254411260721359
0.9999999996989344	0.9999770652682726	0.9977241366821823	0.9740036775844416
0.9999999968470139	0.9997954905096959	0.9830196213246016	0.8978805791179866
0.9999999970922521	0.9997363735628885	0.9841608941027417	0.9048548771907382
0.9999999960546424	0.9997362641818494	0.9759759054878633	0.806287125560007
0.9999999984944532	0.999894357839849	0.9930660160525547	0.9476386393786326
0.9999999965454454	0.9996738320056102	0.9746622283975274	0.8908433933233136
0.9999999983860263	0.9998548685008054	0.9898403229807462	0.9338529100407467
0.9999999976780127	0.999834751840091	0.9859536551898496	0.9298640136496755
0.9999999972249697	0.9998134446691918	0.9834545686542713	0.8997405254185044
0.9999999982041887	0.9998677511001262	0.9913202038608216	0.9620952290579683
0.9999999957935903	0.999676539264245	0.977706092492102	0.8579621303856734
0.9999999966319307	0.9997183046809391	0.9747637237301122	0.840984823661087
0.999999997752719	0.9998496719417043	0.989042187042562	0.9141161764058762
0.9999999981639411	0.9998760120947726	0.9902304630513118	0.8942553571157925
0.9999999965609757	0.9997241351548927	0.975484948885529	0.8883157246878961
0.9999999994893477	0.9999627362862649	0.997094101522591	0.9734126812645474
0.9999999983087694	0.9998666326427397	0.9906826004676512	0.9196312044380045
0.9999999994872907	0.9999643039170901	0.9964796872441779	0.9632531005638261
0.9999999978037796	0.9998285688021042	0.9888628918480706	0.9274539452185673
0.9999999983619924	0.9998680628143852	0.9922165616108609	0.9500298979782125
0.9999999974338475	0.9998025118678161	0.9838268760317379	0.885240870300336
0.9999999979677434	0.9998582796825238	0.9912885492169129	0.906317425038982
0.9999999968711405	0.9997720092567035	0.9824580764429487	0.8607162721647773
0.9999999988830333	0.9999189801553928	0.9936038389272082	0.9439257555200001
0.9999999990526496	0.9999265786744499	0.9955862574813095	0.9581134877324367
0.9999999956596455	0.9997791216809796	0.9798707774868273	0.8762990592831305
0.9999999987385298	0.9999031872687058	0.9922377638683145	0.9295555445929424
0.9999999954568386	0.9996385086848439	0.9708959590824009	0.8652792041203237
0.9999999971804747	0.9997856569526681	0.9856192479906012	0.9286149573735892
0.9999999981367789	0.9998372856656227	0.9910941661741064	0.9409448495598592
0.9999999987208948	0.9998867269288662	0.9931592102552648	0.9332856390785181
0.9999999981994632	0.9998574695374399	0.9890669134022229	0.9462647058509118
0.9999999983272986	0.9998702364677959	0.9918166029109506	0.9542148833237969
0.9999999954573889	0.9996044738958377	0.9723756091775388	0.7958442826789671
0.9999999974904011	0.9997972392639465	0.9837483516540959	0.8598799489230322
0.9999999964374235	0.9996938562750686	0.980386679760863	0.9013357782959789
0.9999999981675038	0.9998801567479285	0.9932533462851545	0.9697110095984484
0.9999999991166345	0.9999354342160479	0.9962277023878472	0.9769143064320972
0.9999999998295211	0.9999887163570926	0.9988674868053747	0.9879310223299692
0.9999999955438935	0.9996120691629993	0.9720695861198562	0.922225420821714
0.9999999961441336	0.9996748134146988	0.9764842899027418	0.829570243025583
0.9999999964301471	0.9997254518216423	0.9799607523812577	0.9229920129619441
0.9999999967181583	0.9997075319174843	0.9835208979792954	0.9105032453773362
0.9999999977007239	0.9998276228754245	0.9895167180943403	0.9272719173612882
0.9999999978157024	0.9998702771788793	0.9863569205576911	0.9364077523246691
0.9999999983874664	0.9998724272240939	0.9917325939956572	0.9103908643082826
0.9999999979985772	0.9998421965392013	0.9886290719060423	0.91219341212874
0.9999999980674134	0.9998433115073035	0.9907244399453616	0.9300363703302464
0.9999999971610787	0.999752305983768	0.9817538191225269	0.930645983900204
0.9999999975076522	0.9998171616913738	0.9881081619568218	0.9291325404997907
0.9999999969373489	0.9996939314567573	0.9764391250524304	0.8135761645235571
0.9999999953384897	0.9996650351980585	0.9696866705825505	0.8038946990510812
0.9999999961077338	0.9997027406380795	0.979967133182221	0.9127411770594664
0.9999999983934059	0.9998734409512171	0.9908185279807891	0.8873211196694362
0.9999999989008396	0.9999042163344009	0.9958246303792223	0.9630091315206114
0.999999999001775	0.9999209831348087	0.9944815176735824	0.942060837196303
0.9999999978284411	0.999786759338013	0.9880272657590394	0.878983871427216
0.9999999994755276	0.9999631254052433	0.996834077443273	0.9673058897469352
0.9999999987485493	0.9999018466677617	0.9942068634185245	0.9408054165533745
0.9999999972205352	0.9998069425830973	0.9854015608396735	0.8671871065487078
0.9999999968537211	0.9997314538777106	0.9831057573327873	0.8582766026113252
0.999999996181	0.9996895739734947	0.9796733060804697	0.9136431154606807
0.9999999989105726	0.9999139303660742	0.9929026799043602	0.9431856431170097
0.999999996262221	0.9998075233499009	0.9822329799609727	0.9064524946453443
0.9999999971733623	0.9997756883094105	0.9847254750151004	0.8980806816000595
0.999999998043128	0.9998284930436859	0.9901994798849522	0.948252535437698
0.9999999990702619	0.9999320156934862	0.99485173297751	0.9478190217943062
0.9999999959313255	0.9997552300582908	0.9815760439091047	0.8930782825686635
0.9999999976832376	0.9998384207916089	0.9875804086290537	0.9300501296936767
0.9999999975006566	0.9997909544599316	0.9842363837036667	0.9234711701451335
0.9999999986912124	0.9998941152337686	0.9923198826034076	0.9475846995985879
0.999999995447227	0.9996859949417315	0.9692272247975451	0.8028948591257782
0.9999999979786136	0.9998209485200028	0.987642524685177	0.9225283308796176
0.9999999981866328	0.9998607906267387	0.9914228717859533	0.9233290018353585
0.999999996848633	0.999758721691775	0.9797443466213489	0.8764934881286476
0.9999999973689914	0.9997868354409284	0.9799643052368974	0.8866228232128953
0.9999999983847544	0.9998711600055957	0.9915406275771023	0.93923892538623
0.9999999974098894	0.9997735149566	0.9867738705693552	0.9003977469380917
0.9999999973683869	0.9997986601153478	0.9861149609842653	0.8734584176846664
0.9999999995049502	0.9999639212099555	0.9974959553318571	0.9783154171216609
0.9999999988054599	0.9999086060640499	0.9947908336001501	0.9656529853864817
0.9999999982010587	0.9998365214025124	0.9894082758282141	0.9011775550591656
0.9999999987310049	0.999896817892574	0.9938237866477057	0.9451098984989184
0.9999999981252375	0.9998524231279358	0.9924181033435335	0.9404617672800948
0.9999999979305242	0.9998433689899063	0.9885464563030534	0.9035347186996739
0.9999999943146576	0.9995353369049911	0.9679292903934594	0.8074270829966781
0.9999999978291353	0.999826798019837	0.9895249967763535	0.951436490603086
0.9999999954435862	0.9996765133112173	0.986397825350982	0.8666946500095307
0.9999999965812302	0.9996993629052813	0.9768796391384439	0.9268829466484734
0.9999999982397603	0.999860419397964	0.9923904838907037	0.9522519098426175
0.9999999963265134	0.9997399990791292	0.9825541686063857	0.8845523232064032
0.9999999977276011	0.9998210779997939	0.9874612180703657	0.909462665497012
0.9999999988639507	0.9999128566234693	0.993782977790451	0.9415397929511674
0.999999996110232	0.999743606306509	0.9787568631392503	0.8176423238551551
0.9999999982168997	0.9998743972686432	0.9884093406588319	0.8953049646686573
0.9999999992646471	0.9999407489952397	0.9968074844810555	0.970348608368867
0.9999999959359387	0.9996668423347005	0.9785643069381055	0.8809532938118402
0.9999999976895587	0.9997976100450329	0.9884659308912361	0.9548941585904499
0.9999999972153615	0.9997631360375896	0.9822465879208384	0.8816360875016712
0.9999999982526662	0.9998607369871705	0.9906496564001848	0.9365237523162699
0.9999999961596654	0.9996537889698345	0.9776181807653759	0.8830945920128499
0.9999999989527454	0.9999255792887517	0.995651629939255	0.9717835304331387
0.999999998086265	0.9998390963435116	0.9868198426493635	0.9041535069862833
0.99999999788951	0.9998446910938671	0.9878459716697676	0.9123258277701586
0.9999999970488441	0.9997885190142839	0.984066170236924	0.8527928540750361
0.999999998646638	0.999907532283927	0.9915593098122901	0.9101147063671061
0.9999999989218323	0.9999165181964099	0.9939189503136654	0.9505408305963929
0.9999999976609175	0.9998522913779125	0.9883397776219357	0.9386526294388842
0.9999999946800365	0.99955520330957	0.9697043672950537	0.853804798398648
0.9999999979823528	0.9998413266978405	0.9905177336666812	0.8920068611499995
0.9999999996323468	0.9999750450117607	0.9974952189882369	0.972411312859249
0.9999999950807812	0.9996888184184007	0.976784030579175	0.836316389319078
0.9999999983418613	0.9998711636207239	0.9907186237523851	0.9253995564435569
0.9999999976033651	0.9998003641331309	0.9855158121849896	0.8818764267658059
0.9999999963054307	0.9997263046972993	0.9778591371414905	0.8736182967544914
0.9999999978607135	0.9998516774440043	0.9880460620689101	0.8871214417418565
0.9999999965563284	0.9998187108651916	0.9858137470776748	0.9179393198946741
0.9999999988289973	0.9999070388798971	0.9958091207773917	0.9744002053417891
0.9999999948909623	0.9995846289111385	0.9721051429768693	0.8142314230522995
0.9999999952701796	0.9996477767522837	0.9728835119175305	0.8263116131443712
0.9999999954411677	0.9996417514583392	0.9739144974132611	0.9080641749044474
0.9999999972302366	0.9997688816726443	0.9863967474554366	0.9072648434434274
0.9999999976730262	0.9997855263567534	0.988650577053251	0.9435184746851047
0.9999999970168741	0.9997330008326046	0.9833366674343452	0.9380097966201213
0.9999999958359258	0.9996842771801303	0.978251907007882	0.8569949046807274
0.9999999985303759	0.9998821664887975	0.9913912621355684	0.9590542172849736
0.9999999990620634	0.9999312311146458	0.9954016415195696	0.9600301199265189
0.9999999997019507	0.9999783442729664	0.9980352018583118	0.9781154438693044
0.9999999977599904	0.9998243727012013	0.9878740165695161	0.9010180699317146
0.99999999478716	0.9996232350351578	0.9721939187356761	0.8479746577045407
0.9999999984666258	0.9998702118596327	0.9897327958001133	0.9283653821785263
0.9999999981649106	0.9998775546369637	0.9923090133929638	0.8916648208890593
0.9999999967096764	0.9997540119866333	0.9771012486212675	0.8562514985012022
0.999999998013384	0.9998638272148991	0.9878557101326381	0.8860077915157203
0.9999999987533844	0.9999020816599734	0.9925352207459788	0.9257355105257552
0.9999999980385119	0.9998389503500386	0.9918176566038654	0.9386234557099895
0.9999999978401849	0.9998245790713788	0.987918735750992	0.9209153406020143
0.9999999994220661	0.999958297116244	0.997133294191328	0.9719453866782968
0.999999997718009	0.9998139892955531	0.9859601989243284	0.9112181850126304
0.9999999944155074	0.9995205933878334	0.9643034275690445	0.7312993059396212
0.9999999951780285	0.9996283150976037	0.9765795561368543	0.8475993961440211
0.9999999974029848	0.9998155370755331	0.9846128330907346	0.8631926611878924
0.9999999987810194	0.9999095067922984	0.9945968601225382	0.9645572037884079
0.9999999969652302	0.9997290254181872	0.9795354639525313	0.8722743839148615
0.9999999987088627	0.9998916542706787	0.9912923886579573	0.9367746977663313
0.9999999979330084	0.9998459699587565	0.9880108871486958	0.8839539426792935
0.9999999991900417	0.9999354303932566	0.9956505918298081	0.956843232441051
0.9999999968211485	0.9997572959905534	0.9846367307312859	0.8869212551073984
0.9999999987729913	0.9999025907964694	0.9933384484317759	0.9259070139940414
0.999999996759741	0.9997532876398366	0.9820019967818733	0.8919887131547896
0.9999999984132745	0.9998674244138906	0.9905066883278201	0.9333402870866394
0.9999999988681311	0.9999135041431051	0.9926340833387601	0.9379481356572048
0.999999996362412	0.9996581313333068	0.9809196729566372	0.9312903616640331
0.9999999983397698	0.9998760137355689	0.991893608942288	0.9173255064761282
0.9999999977071492	0.9998393574283071	0.9887388165640297	0.8828760662120678
0.9999999996318422	0.9999738918172623	0.997750270651511	0.9759280472542081
0.9999999992803869	0.9999485654786158	0.9961227346059384	0.9640255843175474
0.9999999948341741	0.9996020934150753	0.9713748694314424	0.8378572461940644
0.9999999962202564	0.9997058273900016	0.979736641431442	0.8210725517944164
0.9999999984580177	0.999886566823727	0.9909503053840534	0.9291341138384819
0.9999999977749402	0.9998296019104007	0.9891623507403191	0.9551304342290136
0.9999999959595128	0.9996849998021604	0.9753380775312672	0.8384253895727364
0.9999999971579634	0.9997773571210984	0.9827631794185608	0.9312711426576141
0.9999999975604432	0.9997884135623922	0.9881141561690677	0.9389513726465092
0.9999999994043177	0.9999609176930475	0.9964233485522118	0.9628759857917242
0.9999999966480139	0.9997441495305842	0.9797437151185109	0.8571037073342009
0.9999999977195989	0.9998198996996579	0.9878103819840001	0.889400922960469
0.9999999981516947	0.999872876356539	0.990193013188361	0.9130080722752161
0.9999999981415459	0.9998574189364428	0.9897011449117311	0.8864922002866235
0.999999997846435	0.9998519537102035	0.9899899528550118	0.9310753383177334
0.9999999995430082	0.9999665675943123	0.9968317352326754	0.9696924575206003
0.9999999966340275	0.9997398840002604	0.9774450440829462	0.8885243335570419
0.9999999956708081	0.9996198879927133	0.969660310056302	0.8536393178909947
0.9999999991624903	0.9999419829750931	0.9963275447935636	0.9695534272795132
0.9999999965289542	0.9997168130406627	0.9856164606542195	0.9178095241080025
0.9999999993872969	0.9999551282285434	0.9969296221522632	0.9695870513485936
0.9999999995985552	0.9999684790787149	0.9984609738581163	0.9812667713028121
0.9999999971077412	0.9998052032691942	0.986975638695867	0.9516664084723978
0.9999999990593768	0.9999269414186238	0.9952066084932347	0.9579638567937425
0.9999999955308395	0.999639369373836	0.9795809932607098	0.8738758858012411
0.9999999988941675	0.9999283015366824	0.9936678560048935	0.9347382111635044
0.9999999987797727	0.9999179294802837	0.9925185385938033	0.9502562373814231
0.9999999968389226	0.9997204123354493	0.9823058753175257	0.8713395971730684
0.9999999989976873	0.9999239511080668	0.9943037402915353	0.9526221119399817
0.9999999971338808	0.9997843977242183	0.9850063986923955	0.8511050707541449
0.9999999992933634	0.9999492127182502	0.9970343122838344	0.9682612539354527
0.9999999976424719	0.9998023935350783	0.9875050851932522	0.8946291875088395
0.9999999989381658	0.999915916482594	0.9946681846008909	0.9514422756015523
0.9999999993490868	0.9999502394147346	0.9965844939271121	0.9565934430324441
0.9999999980049814	0.9998440387997245	0.989394113840074	0.8871726259945816
0.999999995526475	0.9996263216085951	0.9725305119446208	0.8329331454974819
0.9999999969596562	0.9997104257567955	0.9791853524924974	0.9067579984309623
0.9999999987775114	0.9999131866512493	0.9929154313692409	0.9396470322505017
0.9999999975544436	0.9998035690073063	0.9872834018503729	0.9146734967004716
0.9999999976387562	0.9998051427797875	0.9847874807854948	0.956457303423235
0.99999999483167	0.9995797942354685	0.973427829051681	0.859593343835379
0.9999999991304466	0.9999388944316233	0.9959938679451694	0.9694244743104522
0.9999999974159302	0.9997961154688063	0.9889475308241825	0.8903064180967275
0.9999999962079861	0.9996891585517582	0.9804234584365527	0.8829779319225576
0.999999998376693	0.999861967257316	0.9917480440393206	0.9186390996480767
0.9999999958428447	0.9996676550503126	0.9758944731416475	0.7942046609597794
0.9999999991880922	0.9999338511409419	0.9951369368023494	0.960045183619488
0.9999999966369744	0.9996810018981501	0.9843006208731321	0.8979463362847506
0.9999999989324463	0.9999080320881342	0.994056939512199	0.9606915615744454
0.9999999982923432	0.9998646225509519	0.9887525002871924	0.9082396210803725
0.9999999991957782	0.9999360162160865	0.9960271842759031	0.9614005744174016
0.9999999978464698	0.9998082045950273	0.9880222777723594	0.8960791899255112
0.9999999975058779	0.999805475038481	0.984420101215126	0.9300775475999095
0.9999999994519464	0.9999599489274242	0.9979358511284475	0.9765217386488358
0.9999999983216871	0.9998696906016086	0.9910115593667024	0.9290280975715938
0.999999997850974	0.9998381773637738	0.9866450811418512	0.9048153192337307
0.9999999989577467	0.9999274566146356	0.9952796892523026	0.9748607780320214
0.9999999977486248	0.9998153258994547	0.9850480766957617	0.9098504483930911
0.9999999987599673	0.9999108113988566	0.9944015739556255	0.9335204205948491
0.9999999952878706	0.9995883857710893	0.9686530822138759	0.8696022338665187
0.999999995506644	0.9995993536719056	0.9700483919420935	0.770289932933293
0.9999999984315163	0.9998760005375069	0.992980360894202	0.9611969557854961
0.9999999970910504	0.9997368713680401	0.981442028709505	0.880249622285751
0.9999999963059967	0.9996896233553983	0.9780120264091593	0.878610720076059
0.9999999951179812	0.9996460817580036	0.973467012128674	0.8275813200107568
0.9999999963566073	0.9997158214747774	0.9811995150583137	0.8672733125561108
0.999999998900327	0.9999128466959928	0.9946355938444693	0.9519146287757301
0.9999999964065774	0.9996722395101331	0.9788215098633137	0.8484356864624145
0.9999999955535269	0.9996142229373417	0.9717541182100217	0.7983805052679047
0.9999999979477638	0.99983708832745	0.9890316822616324	0.8830075758361882
0.9999999985955871	0.9998794603736175	0.9917712122816885	0.9336622990851885
0.9999999973426223	0.9998131831797289	0.9848042253983632	0.9098594929511833
0.9999999980074068	0.9998832655073471	0.9890911482183128	0.894254714868486
0.9999999993703973	0.9999564645447477	0.9948867097236658	0.9581161484899013
0.9999999970359128	0.9997915327495112	0.9853357401199012	0.836937598263244
0.9999999956046142	0.9996722292468398	0.9760019354029457	0.8221238962459382
0.9999999962702774	0.9997075825285813	0.9806682662707965	0.8460409979066523
0.9999999985667716	0.9998924246002372	0.9935774711538438	0.9553639147086108
0.9999999968212558	0.9997565990012159	0.9778623076365174	0.8502457667743609
0.9999999977348769	0.9998199396129958	0.9897868452113436	0.9487702725637893
0.9999999989354404	0.9999295080214996	0.9941755476187646	0.940078157863315
0.9999999975817108	0.9998065721177376	0.9833708208978905	0.8834715211377525
0.9999999994100262	0.9999587709447388	0.9960536325591326	0.962356447663174
0.9999999995605048	0.9999668565793451	0.9967723423735674	0.9737888641495153
0.9999999984649421	0.9998901679533198	0.9918680279907762	0.9622948817090783
0.9999999987496845	0.9999026397155264	0.99279061160292	0.9437573633751583
0.9999999965985367	0.9997615411914103	0.979340493646914	0.8709490907659967
0.9999999965304777	0.9997287442168526	0.9830925693814999	0.833161001016254
0.9999999973748332	0.9998196622826857	0.9871578637721324	0.9187148028880544
0.9999999989649729	0.9999109894770194	0.9957588897321431	0.9685303245500443
0.9999999971133509	0.9997767745613952	0.9803987456739491	0.825231606081275
0.9999999983561136	0.9998827964253366	0.9928709504951205	0.9401485373074695
0.9999999989336356	0.9999180872434761	0.9941507618345461	0.9469129788837876
0.9999999981381644	0.9998555315386655	0.9899931566220788	0.9090223849651793
0.9999999972262535	0.9997682003435052	0.9818637975698745	0.8559728281684589
0.9999999993402205	0.9999489487150098	0.9964917409833328	0.9645328589239189
0.9999999981633649	0.9998529211166737	0.9880005859098003	0.9155839639006363
0.999999998366491	0.9998753905328737	0.9913358760191268	0.9232533895927548
0.9999999992943088	0.9999493372568137	0.9958593100128165	0.9549857467790619
0.9999999970798108	0.9997382772236955	0.9802031700092566	0.8739644081917203
0.9999999948752883	0.9998391976479547	0.9783481728979503	0.9211658194582384
0.9999999960378154	0.9996764958582439	0.9829051708368137	0.8562762000584012
0.9999999957869814	0.9996811421909607	0.9753463345622652	0.8668955703201771
0.9999999978591712	0.9998578414179216	0.9899135868622808	0.9236965181456296
0.9999999979090797	0.9998321818582037	0.987591875885743	0.8873411241021333
0.99999999652858	0.9997153733132883	0.9842729201699951	0.8734588452274552
0.9999999961391024	0.9997050078280328	0.9773383966521173	0.8940899517055331
0.9999999989216436	0.9999110533411026	0.9959279463258879	0.9795178081415524
0.9999999970816976	0.9997644031280692	0.9797889752492641	0.8511094414644436
0.9999999965697206	0.9997564490454914	0.9840516162670127	0.9220512422560629
0.9999999980678332	0.9998738684936239	0.9891511264523993	0.9244766360255005
0.9999999992668839	0.9999425690646341	0.9962137418493144	0.9537467901990382
0.9999999963291751	0.999684366959535	0.9776356435645607	0.915245113457914
0.9999999963941727	0.9997295702097228	0.9777753812042269	0.8940027977950961
0.9999999979798057	0.9998241172725801	0.9848600693670052	0.9277887631054162
0.9999999969437573	0.999754869494669	0.9792027499841197	0.8962260040913577
0.999999996447491	0.999698970689145	0.9748641202811471	0.8552949780952024
0.9999999961471517	0.9997234149307804	0.976164944405992	0.8217958612287057
0.9999999992116572	0.9999486411907702	0.9955875440180784	0.9553705261427111
0.9999999977099076	0.9998395238049622	0.9867918134688453	0.8764688244536859
0.9999999973335113	0.9997841547899718	0.9881260973134914	0.9204116492247207
0.9999999965028717	0.9996902977925624	0.9740578484409986	0.8907347111140793
0.9999999977068755	0.9998100547054057	0.9891169349735254	0.919420260590657
0.9999999967552122	0.9997421770041067	0.980343895717103	0.8646927073934861
0.9999999979869096	0.999866639898902	0.9883362384664621	0.9428999016156036
0.9999999979706401	0.9998440736688529	0.9886610208810508	0.8942636070816486
0.9999999986847063	0.99990033108462	0.9942316989781196	0.9538355020096327
0.9999999962326863	0.9997473407789397	0.9829294416509301	0.9145060576939963
0.9999999991222949	0.9999363695833253	0.9943935926828117	0.9470421190331084
0.9999999956337468	0.999637292347984	0.9747858418715929	0.8384782393567092
0.999999998518008	0.9998811689517716	0.9901266713801672	0.9288691420676934
0.9999999964518989	0.9996864284614396	0.9777965649222746	0.8625110557822069
0.9999999950919768	0.9996930890531901	0.9760960829549781	0.8376129328828282
0.9999999976256577	0.9998418204679329	0.9871273385809611	0.860343421685013
0.9999999996217686	0.9999746235822866	0.9974766938144857	0.9714317322028914
0.9999999992552796	0.9999414156430092	0.996408459465177	0.9655885412644383
0.9999999974543898	0.9997706600885156	0.9867777735239218	0.9415593160970301
0.9999999984973763	0.999901447945025	0.9938804329050491	0.9250814935013723
0.9999999951775908	0.9996100044112509	0.972033704437347	0.8154545684806439
0.9999999997724374	0.9999845365610571	0.99838363234834	0.9862409737840265
0.9999999983717962	0.9998802318688663	0.988470171856985	0.9364582825563604
0.999999998944194	0.9999263813477203	0.9940614168184687	0.954162243941162
0.9999999985081675	0.999889203221392	0.9943901737087817	0.9710817299207113
0.9999999979294191	0.9998316653260971	0.9893620377585063	0.8830870194730144
0.9999999975095688	0.9997756671756248	0.9880154534388655	0.8944464553432523
0.9999999989705063	0.9999218853868529	0.9930398684843965	0.934867129165163
0.999999995871173	0.999602535509373	0.9730931838042725	0.823483846184703
0.9999999989998802	0.999925545499626	0.9950516967746108	0.947651815201862
0.9999999998156903	0.9999867388109285	0.9986273804173318	0.9872328157682069
0.9999999976498575	0.999840554307891	0.9895069361668938	0.9041969331378279
0.9999999981113247	0.9998618773899425	0.9905815905422102	0.9123029199580143
0.9999999995056761	0.9999641788587318	0.9963088701500412	0.9655659424848161
0.9999999972400062	0.9997582663477206	0.9827426895851756	0.8450832361762299
0.9999999973125882	0.9997707860815491	0.9806483087287382	0.8577331023469008
0.9999999966478784	0.9997081409329148	0.9841374565069189	0.9126640814047262
0.9999999987833497	0.9999086458049068	0.9954307170949374	0.966768414255131
0.9999999957426678	0.9996476841315364	0.9730751351253096	0.8256598377580969
0.9999999983897639	0.9998758171234049	0.9901303891832094	0.9326824520152907
0.9999999987453615	0.9999088505832108	0.9934033399214749	0.9279269466494591
0.9999999944592534	0.9995433895896153	0.9677175452128352	0.8614744905061363
0.9999999978398291	0.9998248962148508	0.9905513908720551	0.9572209703726308
0.9999999957646665	0.9996596073939513	0.9807819716254351	0.8980364181755007
0.9999999992121714	0.999940438004566	0.9962664172977161	0.9637106964404568
0.9999999971478486	0.9997565073404103	0.980907011895394	0.8360112694699287
0.9999999993450182	0.9999488246457242	0.996604173326624	0.960812429925459
0.999999999224657	0.999945224651411	0.9954677032847253	0.9512168443776792
0.9999999970648806	0.9997782419150366	0.981203342484959	0.8428270613783785
0.9999999961065288	0.9996717716371212	0.9847964931723163	0.8907057608273241
0.9999999969098979	0.999763698269832	0.9810665762723161	0.8837458058336999
0.9999999976466729	0.9998252373729376	0.986893341710757	0.9056945627496646
0.9999999958796111	0.9996750241265394	0.9739284703734092	0.8332929260428825
0.9999999965472077	0.9996782982033877	0.9737771670157548	0.8950248025898675
0.9999999946827731	0.9995094808129162	0.9688597334619341	0.8140929272710784
0.9999999953528921	0.9996104740820457	0.9763617121020554	0.8570176912049787
0.9999999984049566	0.999868559708799	0.9935700021556595	0.9523009883741943
0.9999999977439015	0.9998079994065014	0.9869353639453233	0.9390450252645218
0.9999999986172435	0.9998985045098866	0.9952151014234792	0.9532899327031826
0.9999999953206599	0.9996256403928123	0.9746180702329864	0.8401429363315315
0.9999999993102032	0.9999509924619036	0.9958895442081678	0.9582363619714807
0.9999999987018513	0.999906884277261	0.9937150049768391	0.935194896545777
0.9999999948529742	0.9995221958226859	0.9748895345173908	0.7556068830629453
0.9999999972274111	0.9997536130024549	0.9842080669585551	0.9104240358202359
0.9999999970818777	0.9997558599255033	0.9841886763016316	0.8872212985215144
0.9999999982161694	0.9998559507576235	0.9888746158150247	0.9017138977371437
0.9999999981146585	0.9998677706900927	0.9903275713000078	0.908118262182946
0.9999999984645681	0.999882435066491	0.9915050382266135	0.9151421373953965
0.9999999970456064	0.9997769237778603	0.9829896350101495	0.8642685837213994
0.9999999961187038	0.9997087115924895	0.9755091918803448	0.8487382481323169
0.999999995309106	0.9995983043913544	0.9711272362660609	0.8115767966881358
0.9999999983662002	0.999882391300697	0.9920899436251438	0.9338863295021407
0.9999999968888146	0.9997528913352286	0.9842025003339637	0.905333565440067
0.9999999957097875	0.9996861573305784	0.9806616660059515	0.8536443964577343
0.9999999985152387	0.9999009187409738	0.9925034321621421	0.9391432964780864
0.9999999995523414	0.9999669025436124	0.9975674001052793	0.9759434270376045
0.9999999979063658	0.9998289407076361	0.9887254115323351	0.918863497643513
0.999999998903346	0.9999245115867018	0.9942135879453223	0.9403627631575079
0.9999999973473953	0.9997997782199375	0.9858419773060862	0.8874725949849849
0.9999999964761473	0.9997434779060954	0.978534141415661	0.8336263951363609
0.9999999977036313	0.9998231847248655	0.9845592352867502	0.8740489388054388
0.9999999939475062	0.999561439038051	0.9678853926242528	0.7763218072035967
0.9999999978303203	0.9998366496508873	0.9879293086228914	0.9223264450008255
0.9999999972064891	0.9997619523358904	0.9832520777805887	0.9101317745537406
0.9999999974609707	0.9997988437126173	0.9845968909283477	0.8840401191313642
0.9999999968542065	0.9997236355468675	0.9754937514268833	0.8871973170177608
0.9999999975956404	0.9998170858005428	0.9843882247070795	0.9091611465996148
0.999999997883452	0.9998401887171146	0.9879083470165104	0.9299858947419014
0.9999999962489109	0.9996466193765479	0.9796959123290804	0.8117513029165386
0.9999999984734647	0.9998704434787475	0.9915574653999015	0.946946802286485
0.9999999996434571	0.9999755838183828	0.9974572685170902	0.9760628664895152
0.999999999258688	0.9999424330754201	0.9960716103737576	0.9612614230975913
0.9999999975579226	0.9997883630718982	0.9881902254438244	0.9037348748832509
0.9999999991802674	0.9999382276289863	0.9952381136256567	0.9572402831337811
0.9999999979465368	0.9998303997332564	0.9914864128235642	0.9353578295350589
0.9999999966660177	0.9997620655379057	0.9789707645904359	0.9111227746449535
0.9999999988373234	0.9999174450267319	0.9952622956143176	0.9470303225088504
0.9999999971636725	0.9997398710059585	0.9820465431702777	0.8530907948581704
0.9999999945701883	0.9995737516318522	0.9672602677176152	0.8472989394169675
0.9999999946495278	0.999571395457042	0.9667061006118048	0.8081418365898491
0.9999999985209885	0.999873963389226	0.9910813980476353	0.9312142698248792
0.9999999954926234	0.9996773685081802	0.9740128937856082	0.7841302946822868
0.9999999971837727	0.9997808677638931	0.9801900583100769	0.8824188214858141
0.9999999969792893	0.9997626975307623	0.9850132052687706	0.8933704906705109
0.9999999947906865	0.9995847918742258	0.9751273844777527	0.778784683722942
0.9999999959073494	0.999646327286302	0.9775599995070322	0.896381745134012
0.9999999973495359	0.9998027833356972	0.9833935161102633	0.8625653285286324
0.9999999989517169	0.9999223522806387	0.9953736359974295	0.9631847518973461
0.9999999977184315	0.9998009783126415	0.9890156836139641	0.8949766700309255
0.9999999954650047	0.9996215146872236	0.9736737584726382	0.886167915512631
0.9999999984154431	0.9998777640378398	0.990080968982329	0.9015868534185099
0.9999999967803632	0.9997394794690512	0.981058304371081	0.9001844592559839
0.9999999951172129	0.9997462800094516	0.9757255474510945	0.8626079043626252
0.9999999982635099	0.9998671555192367	0.9898226903893026	0.9368791551967159
0.9999999984706183	0.9998868504101902	0.9908490727499768	0.9295499747935096
0.9999999991199525	0.9999316617578557	0.994846513123238	0.9565713264197873
0.9999999959464005	0.9996713855726019	0.9791116663218516	0.8128400240749001
0.9999999956524981	0.9998123431864845	0.9827029138925362	0.9118233856512673
0.9999999978584901	0.9998100089331969	0.9893099841154911	0.8996864716415826
0.9999999990358049	0.9999225393481843	0.9953722811598263	0.9530080729576872
0.9999999968446869	0.9997614684152208	0.9842017119789954	0.8374052731588111
0.9999999982228411	0.9998489610148089	0.9910173185390838	0.939004691688262
0.9999999989121445	0.9999207096095982	0.9944719086335907	0.9599523923420188
0.9999999984420533	0.999875661244351	0.9924324927472785	0.9020098739345006
0.9999999942668134	0.9995066405459837	0.9658136077763776	0.7805616541368353
0.9999999965023929	0.9996741224349283	0.9757495165538413	0.8319365399580199
0.999999998933312	0.9999127756638303	0.9954503770846501	0.9623655763618091
0.999999997771161	0.9998436775940329	0.9875549524093988	0.9124489991001483
0.9999999985731679	0.9998955368958845	0.9939650718095925	0.9454147861095495
0.9999999964918839	0.9996987126329131	0.9807199336495647	0.8865386122909823
0.9999999975602581	0.9998071410388243	0.9856960062580149	0.922409311531519
0.9999999989980161	0.9999140236868372	0.9961958859922257	0.9593834751774182
0.9999999983722277	0.9998791533103311	0.9924056860091715	0.9592864188664383
0.999999998498848	0.9998995084961093	0.9919880339455723	0.9245152605352834
0.9999999974261173	0.9998156438332761	0.9860916596762722	0.8758297439036612
0.9999999984497883	0.9998874802059726	0.9896914903993831	0.9142041260732308
0.9999999986107695	0.9999004441563687	0.9926834572206819	0.9255440345001889
0.9999999982386376	0.9998684135977315	0.9907141790436574	0.9183863699959031
0.9999999963309143	0.9996862486175699	0.9770003048903066	0.9252084014542931
0.9999999980584255	0.9998250735792555	0.9876815014092365	0.9376881280832314
0.9999999986734817	0.9998992049694995	0.9936525442447043	0.9477270961392822
0.999999994687408	0.9994492718149466	0.964040867090571	0.8516777024012367
0.9999999988504721	0.9999048253384716	0.9946502075833088	0.9396215264367308
0.9999999983278632	0.9998797731184075	0.9903245228878315	0.9396671121213731
0.9999999985369632	0.9998906473536726	0.9913486073825035	0.9444315385261705
0.9999999970652822	0.9997263885911316	0.984810440692358	0.8545434500255357
0.9999999985449103	0.9998951613734394	0.9930231283294174	0.9246006625050128
0.9999999973543391	0.9997872877846912	0.9897824704644449	0.9354844431055902
0.9999999989929881	0.9999282688902604	0.9949494346188975	0.9564604263450929
0.9999999991203085	0.9999425343191607	0.9948098715875361	0.9490733472228455
0.9999999992021102	0.9999459729215839	0.9946263019616399	0.944171428675442
0.9999999993290363	0.9999548208327886	0.9956744097762924	0.9559171969248341
0.9999999979011185	0.9998269960835645	0.9887538605172427	0.9387747865275415
0.9999999967600606	0.9997138210860461	0.9848606294073493	0.8917462183709253
0.9999999995186052	0.9999691287105509	0.9969151679539497	0.9662597856761868
0.9999999973324427	0.9997825513853497	0.9836081830145725	0.8443840263302275
0.9999999946150104	0.9995706837027498	0.9706104974338383	0.8102570751482522
0.9999999981557085	0.9998535169559731	0.9883620020441303	0.9358541653748724
0.9999999968577544	0.9997848834110548	0.9816414541950972	0.8671257151059149
0.9999999977094255	0.9998325102480347	0.9884253410320077	0.8887096241819603
0.9999999968748838	0.999711663897397	0.9810790516291744	0.9065430350890126
0.9999999989490767	0.99992481673101	0.9932891167297702	0.9477563319723126
0.9999999973503836	0.999805900558617	0.9839755191309991	0.875750391171189
0.9999999974273182	0.999757214341503	0.983142476871889	0.8656963658694732
0.9999999979331522	0.9998570563693626	0.9902797675680943	0.9308720243390362
0.9999999950161675	0.9998050810268155	0.978455113828525	0.8454484627965998
0.9999999976888907	0.9998150225932263	0.98858171628951	0.915456367290796
0.9999999988378222	0.9999150031821532	0.9947160349400553	0.9261968959481559
0.9999999962672047	0.9996895576812541	0.9773482614952774	0.8645509413773347
0.999999998084191	0.9998366142313312	0.9901044204814964	0.9176305801672201
0.9999999988341199	0.9999139932178417	0.9939935855668294	0.9465624937759791
0.9999999969564359	0.9997239540084399	0.9820812931008917	0.8636665494073718
0.9999999988741057	0.999910757740501	0.9946592489255255	0.9541686568304365
0.99999999737491	0.9997692803230529	0.9873421119751293	0.945404312157168
0.9999999965437213	0.9997015970444066	0.9828237470849578	0.8667845486469563
0.9999999993007744	0.9999456398949518	0.9965346945019999	0.9748615935234446
0.9999999986380484	0.9998941638340978	0.9947320798256735	0.9675826764717579
0.9999999979528731	0.9998235636858954	0.9865811988928056	0.9096296102150566
0.9999999974423246	0.9997713904844466	0.9838122101775304	0.8944535624606725
0.9999999954691953	0.9997488280391531	0.9792915959477885	0.8865494706810091
0.9999999961898343	0.9996922026576561	0.9722106160293016	0.833918522606812
0.9999999948878182	0.9995909520767736	0.9721322844178201	0.7937576230324491
0.9999999991250519	0.9999311284585873	0.9968083065800025	0.9778069940900702
0.9999999972405476	0.999774438293529	0.9865926749426916	0.9296360662892842
0.9999999995119071	0.9999646826765659	0.9967554471452371	0.9672545013335688
0.9999999979935644	0.9998485983622819	0.9871636011637567	0.9044329398850726
0.9999999970961586	0.999783157708903	0.9815051041275503	0.8483982017377595
0.999999999578432	0.9999684019949756	0.9969491818891818	0.9689431291479985
0.999999996578151	0.999730815079867	0.9825957607679658	0.8754895800686174
0.9999999955532272	0.9996866670457986	0.9727645184338086	0.8554485178719048
0.9999999985381854	0.999888241578282	0.99430505325702	0.9499584557029938
0.9999999950537181	0.9996502771469602	0.9756518100410875	0.8461887844065661
0.999999998394964	0.9998932869472625	0.9916683060373734	0.9290735483297504
0.9999999990256822	0.9999243276640798	0.9948163255399038	0.9490556874201832
0.999999998809741	0.999912863608628	0.9925665005326954	0.9557494861287821
0.9999999994022538	0.9999523642178744	0.9953514713239524	0.9551239805261664
0.9999999985181425	0.999886156217732	0.9913904612597988	0.9270673626287899
0.9999999985571606	0.9998939380799057	0.9907202888225067	0.9266322171807475
0.9999999985993783	0.9998890681523104	0.9928351304545067	0.954044511807013
0.9999999979528369	0.9998657808836607	0.9885559296017707	0.9143645076235871
0.9999999992754653	0.9999508503351755	0.9965077767379812	0.9638392312212106
0.9999999975888707	0.9998037602328838	0.9877011365005585	0.8810775366045025
0.9999999995682146	0.9999666596807173	0.9983191293834227	0.9817298771469988
0.999999996151706	0.9996965649368148	0.976968873118957	0.8267458830593845
0.9999999954752893	0.999630359509239	0.9713394868315537	0.7803105848501327
0.9999999964109499	0.9997561966087452	0.9806908374028631	0.904523676496659
0.9999999984727093	0.999883794222187	0.991558930865693	0.9282861799030379
0.9999999987243813	0.9999151496946872	0.9929023038855185	0.9632949786859735
0.9999999972020094	0.9997678828511772	0.9826981585930619	0.864729050407329
0.9999999986359079	0.9998875500805622	0.9927079779652109	0.9357003355314147
0.9999999992153192	0.9999387968772804	0.9947291475727071	0.9578790708754495
0.9999999978573707	0.9998455389864098	0.9912808124106444	0.954082615840497
0.9999999986773813	0.9999078608085875	0.9920910218046792	0.9487687214066381
0.9999999959934315	0.9996811914237645	0.9724930780313585	0.8257471942880383
0.9999999968532938	0.9997636700600674	0.9797660284496192	0.8695516940921054
0.9999999990891792	0.999932665095646	0.9952462892535269	0.9602160648179395
0.9999999992825522	0.9999424847932371	0.9965568704333102	0.9654415627268456
0.9999999955228364	0.9995967658654742	0.9699164586614656	0.8690166320767155
0.9999999963738002	0.9997870096295026	0.9828287743415215	0.888003941435439
0.9999999953352526	0.9995451088837438	0.9802228214437855	0.848669973371659
0.9999999957700939	0.9996659217337106	0.9833779362306319	0.8517934337659819
0.9999999987262035	0.9999067050753019	0.9938338453226261	0.9428720862188684
0.9999999971325598	0.9997658289557426	0.9850649484731374	0.8694655182956028
0.9999999979990248	0.9998419987207151	0.9900819289270824	0.9315947611615827
0.9999999939445093	0.9995242428142661	0.9688807766240631	0.7446776523751968
0.9999999973941167	0.9998138806096138	0.9894864135293718	0.9093896184313391
0.9999999954104493	0.9997075737654381	0.9725446383091588	0.8360610172036719
0.9999999985220801	0.9998708857943301	0.9906479901581476	0.9293919024985957
0.9999999992337357	0.9999378749706768	0.9967143119266498	0.973960450648996
0.9999999985942613	0.9998859564950958	0.9950964086017794	0.9648134564568268
0.9999999977854015	0.9998522734866425	0.9876572698390255	0.9419669848638558
0.9999999985320807	0.9998720324947991	0.9923405124561036	0.9485100904035683
0.9999999979611005	0.9998189568180781	0.9874431420947054	0.9540487346635778
0.9999999980027984	0.99986201583122	0.992522298919339	0.9337019162262437
0.9999999965546108	0.999667924419401	0.9794110855919578	0.8391556367376117
0.9999999970523017	0.9997354799050094	0.976421195804334	0.8622949419645907
0.9999999971330245	0.9998168755329188	0.9897153581086864	0.9505192126480053
0.9999999983100725	0.9998788816172585	0.9893978344931987	0.9416648651609363
0.9999999985669504	0.9998943404893946	0.9934023576321026	0.9503067137750718
0.9999999977012445	0.999818341523747	0.9902875551959927	0.9574997254493041
0.9999999987429404	0.9999161798729809	0.9961223493720747	0.9736602630353247
0.999999996215548	0.9996678444533538	0.9770060683966084	0.8437841248496488
0.9999999992522709	0.999941070228285	0.9971549825103458	0.9805182067340756
0.9999999993844263	0.9999537144731655	0.996355801698291	0.9689330811477843
0.9999999954913367	0.9996577308844156	0.9757463916726579	0.7706111542036302
0.9999999987348807	0.999899258915099	0.9939388513847901	0.9560804603915323
0.9999999959650921	0.99973824140748	0.9741273425042245	0.8810463230601451
0.9999999959533801	0.9996625184502071	0.9766862926978841	0.8549420566116206
0.9999999966155669	0.9998699608105625	0.9874074608051159	0.9329045798066518
0.999999998132726	0.9998702628715077	0.9892114457555573	0.8942609429526156
0.9999999985963427	0.9998778438137031	0.993607777736957	0.9522611876579493
0.9999999988339311	0.9999178364564086	0.9936973776409423	0.9350078266872625
0.999999998671403	0.9998878134400636	0.9933380715010361	0.9264971421588845
0.999999996223864	0.9997375371490267	0.9780882615944227	0.8457504819732333
0.9999999982741057	0.9998875325843581	0.9913709278367083	0.9447303303726025
0.99999999762247	0.9998002415547829	0.9857140079561381	0.8910381741862821
0.9999999984884884	0.999892624777964	0.9909350244194255	0.9319910291479424
0.999999998896867	0.9999056736157297	0.9944692711928217	0.9444212851806522
0.9999999977324014	0.9997985632126103	0.9871454403484962	0.9318563871697001
0.999999998908142	0.9999191052594983	0.995952964595953	0.970190802713727
0.9999999970834803	0.9997941196654053	0.9826458746667844	0.9176408160737577
0.9999999966660009	0.9997349433519189	0.9782410875832576	0.9040564336230217
0.999999996647557	0.9997597686241706	0.979776884165641	0.859262028711832
0.9999999978675116	0.9998452485032675	0.9889362624590439	0.9210205233429252
0.9999999983909942	0.9998636199608718	0.9896894022847177	0.9311196853748129
0.9999999949738797	0.9995798175545124	0.9693384940761275	0.8332263829126941
0.9999999962757462	0.9996801585333491	0.9820667551410179	0.872799598008261
0.9999999946710977	0.9996651594019503	0.9740191357084579	0.7611903601015236
0.9999999993265674	0.9999561329970947	0.9958338750321231	0.9601378868292879
0.9999999976903201	0.9997937364853168	0.9865758631023052	0.881950620182584
0.9999999995001702	0.999964485569032	0.9958337488855571	0.973254665469276
0.9999999965363535	0.9997026798333494	0.9777019649935478	0.8337610663065483
0.9999999963996244	0.9996281380387214	0.9784843831657655	0.8773652271980598
0.9999999983189142	0.9998579084468544	0.9888378014538078	0.9403809757506257
0.9999999965794034	0.9997084424004851	0.9812184195004061	0.8690351561306191
0.9999999959000732	0.9996020881583221	0.9775072964857744	0.8256339189444376
0.9999999997256588	0.999981032046355	0.9990999452585512	0.9868403173924589
0.9999999985800403	0.9998875273347132	0.9944425534762746	0.9605549057801784
0.999999997427394	0.999817745389752	0.9812188706725266	0.9258924708129614
0.9999999966043887	0.9997273183124851	0.9818507802951252	0.8715342114513699
0.999999998054896	0.9998408264684311	0.9891933686402236	0.9083253654695902
0.9999999946607604	0.9996143069680492	0.9599980163848654	0.7800587422459586
0.9999999994720761	0.9999658006675249	0.9973678444009595	0.9677283679070431
0.9999999963387283	0.9996874319354667	0.9770176226164	0.8992711885342256
0.9999999984723474	0.9998861335160465	0.9920700216702835	0.936736866844821
0.9999999996297804	0.9999741931491183	0.9976198564608961	0.9753714092973247
0.9999999966687396	0.9997757039062763	0.9829451059886828	0.8618329624180293
0.9999999974087246	0.9998048684781925	0.9863236375934944	0.8621223669723297
0.9999999962885784	0.9996797057823698	0.9765841907705329	0.7964265871946072
0.999999999392058	0.9999497167920998	0.9974587315497597	0.9747426649275294
0.999999998816953	0.9999134330279162	0.9942102956365406	0.9366923724431404
0.9999999968268767	0.999702834245802	0.9799763006963647	0.9212606846103496
0.9999999949335677	0.999628611433562	0.9743707739014605	0.8992874239425427
0.9999999971661875	0.9998114897115858	0.9848392664314778	0.8514930268023561
0.9999999989849497	0.9999217849164089	0.9936527098221308	0.9349321016463414
0.9999999972337644	0.9997697547163216	0.9850595548136173	0.891884750260423
0.9999999977952253	0.9998407574967987	0.9868071821974836	0.9072972159605378
0.9999999972170607	0.9997822581295112	0.9855592081300351	0.8518548805517016
0.9999999994796531	0.9999600716701315	0.9972540835994574	0.967701836145642
0.9999999967903619	0.9997227537924454	0.9843545291737582	0.8572546122820826
0.9999999988643047	0.9999102178469886	0.9947317222311732	0.9524766493538711
0.9999999992291863	0.9999408438157249	0.996405568298704	0.959014363820881
0.9999999984719603	0.9998762947515601	0.9931952217049154	0.941032966321495
0.9999999964900803	0.9997795041443698	0.9832208505471469	0.8847933194949368
0.9999999980829292	0.9998603498895766	0.9919728616091388	0.9336742676323082
0.9999999994723452	0.9999647719322613	0.9963273950003372	0.9526082304591907
0.9999999990976401	0.9999255712271027	0.9946944464829623	0.9630146491993218
0.9999999986936391	0.9999033852665913	0.9945735676501362	0.9505040855812626
0.9999999985540465	0.9998869384971625	0.9919607789465295	0.9481318383617717
0.9999999951210323	0.9996885344305746	0.970498358147134	0.8718119835491833
0.999999997067899	0.9997414904530355	0.9828122237805632	0.9054898668848343
0.9999999969955793	0.9997424509868182	0.9800950127345436	0.8521281332762531
0.9999999971086994	0.9997852233586133	0.9842105556810741	0.8652950445508418
0.9999999957751852	0.9997284412460758	0.9801061453364542	0.9177448320056459
0.9999999983856108	0.9998636638735005	0.9914476065483351	0.9305010754917138
0.9999999980606354	0.9998404306601841	0.9909488463816979	0.9494328647208803
0.9999999992796016	0.9999478886387628	0.9948587749899278	0.9543060788944906
0.999999995775875	0.9996122354184587	0.9755178738744006	0.8442891361026043
0.9999999977915356	0.9998154457218272	0.9878989764571329	0.9276073643027754
0.9999999975409493	0.9997928324871802	0.9846957080956444	0.9109941813747149
0.9999999987702038	0.9999046771608768	0.993002411044038	0.9402883961047785
0.9999999987110404	0.9998986548129026	0.9922818724701171	0.9230488494899886
0.9999999984434133	0.9998927314255394	0.9923923622254753	0.9332138969880317
0.9999999985539927	0.9998832581860505	0.9911978590186399	0.9398302241650025
0.9999999987661878	0.9999134188613052	0.9950434459434758	0.9580652574121995
0.9999999989760068	0.9999201281685013	0.9948101997573217	0.9501091303625715
0.9999999964996308	0.999710385687244	0.9820140279957761	0.8807602220908022
0.9999999968793098	0.999700945767512	0.9807081779104015	0.8552107494200683
0.9999999995192476	0.9999639738542162	0.9983378343562187	0.9802986644384056
0.9999999964343269	0.9997176028261824	0.9834553259281674	0.9073699079338416
0.9999999989884404	0.9999170371618362	0.9943191758697965	0.9482257699402612
0.999999997064304	0.9997533943526962	0.9858719493573134	0.9044597566016646
0.9999999971826539	0.9997483260064036	0.9856469226485044	0.9223614896894019
0.9999999982041617	0.999832997412135	0.9890768997519196	0.9522213874444413
0.9999999976393169	0.9997896255815906	0.9858969770258429	0.9147787343640861
0.9999999985306267	0.9998824637570581	0.991643482801376	0.9328302359056335
0.9999999985841201	0.9999032952895932	0.9907316729030958	0.9175707250205742
0.9999999967674684	0.9997439582499683	0.9831167447351313	0.8416791975729099
0.9999999971922616	0.9998321210494014	0.9829507958869206	0.8674452182598799
0.9999999988206524	0.9999133549351699	0.9946229295130657	0.9575196555260923
0.9999999974579976	0.9998231232436746	0.9844443810305739	0.862305488227928
0.9999999974211548	0.9997551015204301	0.9842429476780433	0.862712441294972
0.9999999994467905	0.9999615105425689	0.9971248310052782	0.9681865445675576
0.9999999966006491	0.9997337231155802	0.9798277919115519	0.8576795502715504
0.9999999976065914	0.9997868560815755	0.9895084007925976	0.9191158209062702
0.9999999964918965	0.9997576110603781	0.9816172008668285	0.8503694379599454
0.999999996782146	0.9997799016284171	0.9754277175881191	0.8684502680138712
0.9999999983890128	0.9998748713529374	0.9894101362012642	0.8993938181167466
0.9999999984502073	0.9998639367718472	0.9931751584770145	0.9470613094641142
0.9999999979639893	0.9998520484977919	0.9878827407842177	0.9085833327717018
0.9999999991424802	0.9999299508850452	0.9949664176199339	0.9516214395161549
0.999999997447606	0.9998088375188571	0.9841503335498686	0.8816453238206786
0.9999999978929128	0.9998306189408324	0.9847178710908515	0.886660799807885
0.9999999981106557	0.999844185982335	0.9913094719518936	0.9046931868429395
0.9999999952936286	0.9997060719845777	0.9717792763646516	0.8502136896310857
0.9999999957650202	0.9996408202312549	0.9724590075446482	0.8124183579399928
0.9999999966308752	0.9997275302226137	0.9831567701643636	0.8674011984466062
0.9999999980243622	0.9998630591207011	0.9907090194464282	0.9230599439757934
0.9999999951464008	0.9996251757021292	0.9759738260947458	0.881541528137159
0.9999999977958935	0.9998143162786604	0.9855132838077676	0.8920035253407086
0.9999999985500343	0.9999070458592899	0.994051890303344	0.9435920118022146
0.9999999981611035	0.9998696621979943	0.993606253966085	0.9565821928642492
0.9999999985210994	0.999886583079066	0.9897233378740714	0.9200968944720956
0.9999999982204433	0.9998583262401667	0.9914159794288037	0.8817556782026731
0.9999999993641944	0.999953145325704	0.9974046130309839	0.9767209454194823
0.9999999976942613	0.9998415240716095	0.9823636349464503	0.9082603759695768
0.9999999966454793	0.9997499402687388	0.9816441428410874	0.8544441236706628
0.9999999972952713	0.9997801684053808	0.9820202647837644	0.872943235329138
0.999999997069684	0.9997538603623053	0.9871165773856484	0.9007977444588784
0.9999999980751856	0.9998212306114751	0.9882616888766222	0.9062615813744743
0.9999999956979176	0.9997024965460809	0.9724574449082666	0.8709394761220112
0.9999999973519982	0.9997613524895276	0.988048176769047	0.9473296337537142
0.9999999969699856	0.9997634006029007	0.982272128722045	0.8667516519834292
0.9999999952846437	0.9997010068096075	0.9812251799283723	0.9076194037359362
0.9999999985552026	0.9998956618475044	0.9935280793959947	0.9268485418054524
0.9999999985014668	0.9998779407799827	0.9924637119894907	0.9365809819322675
0.9999999990518088	0.9999348491478274	0.9954394376390839	0.9562856626542093
0.9999999984721993	0.9998986819741315	0.9899550981029045	0.9218511683059167
0.9999999954362983	0.9996204934572395	0.9754682888380282	0.8644143936249908
0.9999999966067867	0.9997163222693023	0.9809634449409419	0.8649533810556789
0.9999999978799023	0.9998251802753024	0.9915329672767521	0.9296831129198291
0.9999999953954677	0.9995875467016725	0.976635109813767	0.833394141010675
0.9999999960581627	0.9997160573678231	0.9755639604300036	0.8985420444731367
0.9999999982339739	0.9998623961605073	0.991320798779848	0.9435120701666782
0.9999999979573815	0.9998324233485187	0.9873162983449377	0.8995726484936741
0.9999999986301508	0.9999029670028349	0.9923841582860718	0.9445220091631045
0.9999999984108492	0.9998868361669785	0.9919687079003182	0.9486280816751369
0.9999999934613766	0.9994408555709865	0.959385099843804	0.7329483496381097
0.9999999977769239	0.9998451268892529	0.9812259611585594	0.8622004487146981
0.9999999967932972	0.9997661012688714	0.9798712337456545	0.8934132012347188
0.9999999960759034	0.9996741881777109	0.9778555838965928	0.8598389026157605
0.9999999989723295	0.9999204533223348	0.9946634254140164	0.9675205137273483
0.9999999992297259	0.9999492746782374	0.9960422772142477	0.9572670676571186
0.9999999960623502	0.9997181901724909	0.9725016534835869	0.8282675740198803
0.9999999984754337	0.9998803731100326	0.9945918635599478	0.9561631153845187
0.9999999982458289	0.9998547348760949	0.9935886802706807	0.9581895154680293
0.999999998650369	0.9998913288117586	0.9911955571956712	0.9320362076941536
0.9999999986300622	0.9998991959443496	0.9940339695636177	0.938482264098268
0.9999999987600052	0.9998972310943061	0.9935798776716418	0.9456692746842275
0.9999999986229844	0.9999113709371911	0.993477506704142	0.9608503518241307
0.9999999973459	0.9997542564967239	0.9827852143780018	0.8615288110490762
0.9999999971993568	0.9997741377620141	0.9837180175479795	0.9299516220291754
0.9999999977949884	0.999833824766623	0.9864070856659718	0.8877715238743428
0.9999999984540989	0.9998766792267483	0.9919716995124647	0.9333742095498774
0.9999999971839891	0.9997742609102238	0.9836382259818225	0.8574256559845479
0.9999999956631174	0.9996079380057598	0.9759714986658979	0.8717614069974445
0.9999999958354607	0.9996582701558344	0.9777547137181628	0.8720586158011127
0.9999999982527169	0.9998680344396205	0.989679690161919	0.9233445680301813
0.9999999954261409	0.9996199710533231	0.9746589893793438	0.8457844057834226
0.9999999986213273	0.9998990105011748	0.9928423587657833	0.9265044684531412
0.9999999979500833	0.99981733930766	0.9917142800667603	0.938183679963607
0.9999999945273729	0.999480319573159	0.9663662013881673	0.9077619571162165
0.9999999993980804	0.999956281573318	0.9974003178792127	0.9773699279683892
0.9999999981421004	0.9998772995455422	0.9924004725875091	0.9504368156585048
0.9999999967175536	0.9997093537388992	0.9782738080995114	0.842524922894953
0.9999999947304362	0.999634626946952	0.9719804940889939	0.8073529561124334
0.9999999966837136	0.9997158615853373	0.9768309163914761	0.8649990949788768
0.999999998892512	0.9999121966879069	0.9960094115557848	0.9624534618161307
0.9999999962349232	0.9996772024879154	0.9770148906722347	0.8884464532985796
0.9999999980479161	0.9998504555307047	0.9905088223833867	0.9006004823277304
0.9999999975854962	0.9998225453201518	0.9857802410794351	0.8861230026512512
0.9999999994639878	0.9999630213870334	0.9960365518657235	0.9673709049765084
0.9999999960488879	0.9996461522977738	0.9729996053489188	0.8088892551685543
0.9999999992239998	0.9999399416523905	0.9956725313374916	0.9580137135984367
0.9999999994600696	0.9999613803777754	0.9970459446047929	0.9697276034516558
0.9999999977482141	0.9998214899883562	0.9904942335768471	0.9360425659149862
0.9999999967518503	0.9997324913942569	0.9794216227767925	0.8669911423540081
0.9999999969376742	0.9997678518316445	0.9837572566562938	0.8652398844437349
0.9999999952322312	0.9996765251520571	0.9759914445186822	0.8001627628876926
0.999999998427762	0.9998817661634702	0.9933548467336688	0.9452940762526816
0.9999999970310433	0.9997466050404834	0.9792512407103594	0.8436002847973165
0.9999999983736904	0.9998960600118236	0.9938971126680723	0.9466373352323167
0.99999999817638	0.9998664483005005	0.9898586442325682	0.8878794328555665
0.9999999976053943	0.9998118133567989	0.9892437213943803	0.9382922355604126
0.9999999964466371	0.9997122691753492	0.9759815416755627	0.9243799991503263
0.999999996883743	0.9997281350598887	0.982041753619268	0.8796012729339165
0.9999999975351528	0.9997923815201681	0.9856310250265807	0.9474555954750495
0.9999999985395476	0.9998950572854304	0.9918961980863432	0.9278388965168403
0.9999999952254106	0.9996540102824877	0.9729382801820362	0.8424577186933146
0.9999999950443793	0.9998041630626766	0.980597498955025	0.896845361739266
0.9999999972294402	0.9997675553831644	0.9801556419317454	0.8818670161099523
0.9999999983986873	0.9998851084832345	0.9907240825986033	0.9441399337650236
0.9999999946167907	0.9995558885962357	0.9744454693781108	0.8405905383363302
0.9999999992823989	0.9999491053521931	0.996617995993021	0.9687550064105188
0.9999999973066317	0.9998102989969273	0.9850964228167689	0.8982366538760699
0.9999999980763846	0.9998551338658457	0.9913473311050496	0.9187999578376546
0.9999999972444719	0.9997553490196202	0.9863713256024356	0.9030340762074442
0.9999999982404075	0.9998480050681368	0.9911049245707744	0.914180677084065
0.999999999159537	0.9999398940707857	0.9953691377460713	0.9620450347515263
0.9999999944209259	0.9996004921202225	0.9765907794577862	0.8248358203475966
0.9999999992895329	0.9999496847918399	0.9960853195656287	0.9662634480441795
0.9999999991427995	0.9999352787934124	0.994498902335784	0.9417331666867624
0.9999999989936195	0.9999188518279086	0.9947597438034238	0.955601473783159
0.999999999514394	0.9999608094858087	0.9966959228117114	0.9675826840358435
0.9999999960975625	0.9997723612301455	0.9754997259313906	0.8585940755242699
0.9999999984729457	0.9998882399463561	0.9933885421546942	0.9568853295495688
0.9999999994510511	0.9999576853180597	0.9967232306078083	0.9652548413420913