0.27234374058602084	0.2771915101219679	0.26626813649997383	0.2917366876499408
0.299823686135749	0.3081533652539354	0.294864768191437	0.3131722776460546
0.2755308518209672	0.284686429331253	0.2739022781410585	0.2845646712835741
0.3742307799989721	0.36406438919670864	0.36955529015339816	0.35981342424907786
0.27117968587018265	0.2697953833633932	0.2677939131234493	0.27870203607501004
0.325474898020956	0.3157508283341566	0.3298836127898314	0.32475098666290203
0.2634808902575215	0.2696833333004543	0.2698107049103652	0.2687012135278689
0.4208616331828625	0.4001696283342789	0.3943263432933407	0.45227962952207834
0.2864215852749663	0.2907318929912974	0.2975621518845327	0.28920217342993537
0.3918528740633655	0.3763207438742322	0.39259826637439227	0.3748082815440956
0.2461011098707892	0.2449875935084491	0.2433529319108175	0.25332727293681195
0.24033325688111837	0.2396964316231182	0.24057980298572587	0.2410994660860475
0.31327738816784007	0.3150429611376932	0.3120944045672308	0.31693114281168155
0.36299856164243294	0.36878362473609855	0.33832079195617887	0.3292246731364496
0.30142030565793976	0.30309242760840915	0.30087537011053683	0.28905867072356745
0.2734519140136483	0.2735977369287028	0.2641081981066854	0.27468426621842806
0.31662236185508336	0.3124887778788005	0.3191910652598684	0.3108953215710998
0.22858161821296172	0.2301322878734746	0.2298688102463242	0.23068450384663908
0.26393519774707935	0.25920426203510144	0.25237426141594077	0.2517220311491297
0.30193806897901554	0.29734576294777165	0.3057645028519644	0.2969513027681088
0.2771342484435604	0.2749113351092643	0.27198556416284664	0.27386102889948866
0.2153226435553952	0.21456642519599273	0.22750592430097394	0.2328055257045169
0.26632275413781986	0.25911593696820684	0.2684349558498403	0.2797179885898843
0.21145347699701578	0.2098794037269914	0.21084335289614833	0.2106875669497608
0.2564564165102466	0.2614546567500577	0.25814045869377633	0.2681612480927181
0.3013619948207968	0.30557284563225406	0.3107522907590035	0.3019824613858761
0.3516018523221374	0.34543809815707016	0.3554406012108508	0.32683973597104266
0.264238498119971	0.26791686959468003	0.2719027547911803	0.2781833863352045
0.3166686976021268	0.31086869262012035	0.30363023544449175	0.28972283187973574
0.2827385909400594	0.28319250365409604	0.2840470775105651	0.25881186454150673
0.31171893719918553	0.30882873722881854	0.31514217783261306	0.30993223620526744
0.3252276305420471	0.32015187343884083	0.3267574998384657	0.32218584711533266
0.28170101656815977	0.285461992245428	0.27225502291684783	0.27525646754040006
0.24964996899085548	0.24750914002463525	0.2516133057956553	0.25729496723596634
0.3262528717105166	0.3276404768899036	0.32989781855738576	0.33654589355968567
0.20065624315410283	0.2007796579506791	0.20616968570071909	0.20792518519536377
0.29260825240358157	0.294563667151899	0.28955687132986313	0.30160787862173816
0.32383100152720734	0.3256014494345257	0.32359196477624497	0.33489225312179594
0.23826294289016658	0.24524216201811627	0.23879244090547838	0.2173712794866117
0.2502124836766054	0.24708187499958112	0.24620057761340636	0.26111925105585365
0.2964389545282017	0.2848884791933671	0.274176623737319	0.2783997475113011
0.3384774943466872	0.3320749233628354	0.3213562469742914	0.3433067598637963
0.29038830244703484	0.2897045009068254	0.28514514912019495	0.2989756364365007
0.2464719213225835	0.24788776647926727	0.24351589936161663	0.2609643622148082
0.3291078955455491	0.34053213841978897	0.3257472936177241	0.3098516738842026
0.2721168361037393	0.2736215626269147	0.2586689392214032	0.28014919187824655
0.366991003035165	0.35681344877606486	0.3634036070083181	0.3760452888216282
0.26127910365567963	0.26382068685393767	0.27195841106106816	0.2616863364628036
0.285679137069661	0.2820334652039333	0.2690875405839745	0.27981042474025053
0.31092649647230786	0.3021768284655285	0.2951268703331426	0.30753384584923127
0.3283220730413655	0.33339670170812946	0.3322059993124518	0.36419704435465033
0.2736011283544063	0.27601090024187314	0.2757684031546333	0.281952356484873
0.26451923824944507	0.26161446379475123	0.27070897240363906	0.2605367805138704
0.2535871987678438	0.24886857470947915	0.25099085881189	0.25866085206007833
0.26156440770020073	0.26226504600896566	0.2553304804144118	0.25692026447524385
0.35411534316080384	0.34184091174070824	0.36098642017920385	0.33148016309794714
0.26894729472964457	0.26939038419055333	0.2689000880157787	0.27991047607918956
0.2967627782246833	0.3003556988969049	0.29682249845163095	0.2956335275275979
0.3267562943606528	0.33833595455593657	0.3264251517087918	0.3373217569214983
0.3060885529734465	0.3037837497578347	0.3042622351538156	0.3157911864952802
0.2997180790709606	0.30380177978441475	0.3033827260438021	0.30364348960699494
0.2593065466462452	0.2636932646073926	0.2851671118171808	0.286561934321624
0.349072412864572	0.34549609962693495	0.3458770628181499	0.34074698755354743
0.33110903762153476	0.3124775364886777	0.303487770633572	0.30698237200753836
0.2900438302186295	0.2851333096474709	0.32908518827163696	0.2888975242621981
0.2904871135105414	0.29106330872817765	0.27973437599961615	0.2855268496430999
0.25553686502410317	0.2607056961933104	0.26198926674600587	0.2374717666876406
0.3547801223135758	0.35625823253380257	0.35847611534495827	0.31694477483239525
0.31804209802570865	0.31467972415221457	0.30116480803948353	0.30802033364331566
0.3035180137584194	0.31286091048837983	0.3201027955246635	0.2786621025224986
0.3267578984971242	0.3137764060719234	0.3122793120716334	0.33318438398156464
0.3244162031339965	0.3224472336897328	0.32315182471029985	0.31795350990821
0.296816454031069	0.2927872956382851	0.2991375918411115	0.2970469864451426
0.2810639180885714	0.27749016843486485	0.2813690844436355	0.29490190222158014
0.2675641999016676	0.2726287798471962	0.2597157856974937	0.2705041427668097
0.24068036847127502	0.24154080919231496	0.24425040299534861	0.24928092948362096
0.21023793996253065	0.209279712873776	0.2136510687298455	0.21094574762032878
0.358622469499484	0.34767867975914396	0.359910967213302	0.33695177807076837
0.24394596025736562	0.2436324479206552	0.24510128869099726	0.24259179890431226
0.26111862003566216	0.26577506527214084	0.26017586751892713	0.2576962548814976
0.24328828516198142	0.24447653981058545	0.26050328238156895	0.26003608686983276
0.30548952773670207	0.2978354682651497	0.31703058129489253	0.2727673297265565
0.2905701339188046	0.26702976429594716	0.2816966769600377	0.28060459517085123
0.3482233559246357	0.34209528356784363	0.32505121760951866	0.3391223126982528
0.2792762518977583	0.2716342413066216	0.27801865041868035	0.281779365234424
0.3038748821031737	0.29210727502601497	0.294303894502331	0.32195410903013816
0.2957176286775101	0.2989447748136413	0.2984439979359143	0.2865813003394413
0.34604916242388695	0.341980413161987	0.34547676956837226	0.33907687063930514
0.2456487066159871	0.23909446149537458	0.2498518695485443	0.2660483831721267
0.29242471946391313	0.29184754802966817	0.28334272190103077	0.2718539754024848
0.2688019873125022	0.271952980370795	0.2818634492192608	0.2836218848912436
0.33904890507693236	0.3311425450633075	0.33757763040425504	0.33978321478920803
0.3142128155830797	0.31430283971644024	0.3129531261280036	0.3049294892652198
0.27489591664434726	0.2758039805997648	0.27494385443211145	0.26014311291888653
0.2799376544833658	0.29112881380472966	0.2728903914587283	0.3386144762081058
0.28492788984139705	0.28317668802900803	0.27962958603025007	0.2855475283222082
0.2672374729326176	0.26920019711191306	0.25478953238642926	0.2542969605851523
0.2520338285441239	0.2525635829458143	0.26444517815497454	0.2404950758524965
0.5158309400017502	0.5187743076003791	0.5123972626923737	0.4950994728037491
0.31400743930868963	0.30770827075561535	0.2817667268893561	0.2906847546899401
0.28904534456579783	0.2955924831830951	0.28644137128382	0.2871663480280335
0.31305778441817284	0.3125975596197484	0.3096517691488611	0.29652928970063375
0.30501584554310346	0.31202800596680685	0.3202684168890421	0.3066652569799421
0.2563405437772067	0.25360119974809353	0.255705179967129	0.2580669995761023
0.31697601406409626	0.3140701721050436	0.3121159942182281	0.3036728514688022
0.2626713445535078	0.26448276558389966	0.2670244058296388	0.25149348792429177
0.35224497690416173	0.3524492324824197	0.35313628967644434	0.35307499734149567
0.32163536677541293	0.3196864930448367	0.3173187132343377	0.3052813876889062
0.2988946304810139	0.30227672334585076	0.29996302379593276	0.32481863551307383
0.2958993954808569	0.29757352103756707	0.29736927790847173	0.320848162433711
0.24541418966937284	0.24746113006532927	0.24641677352671426	0.2467215850544467
0.31047932622074315	0.3142698858223112	0.32022980223785746	0.31331885597375053
0.26632910991402886	0.2660348991303411	0.2558257846267612	0.2626259705490392
0.2673616626936121	0.2706825520931065	0.27408747819675777	0.26298129977760876
0.2212130806138304	0.2241440602030698	0.2259054289510481	0.2398311193240359
0.2912200753105756	0.2881274684435073	0.3023700286511848	0.2799015528359894
0.31430436395277495	0.3151534469932645	0.3159131079254995	0.3101606997791022
0.29477704047379877	0.2860405063040942	0.2853627071985448	0.2828833695875627
0.3342083746991567	0.3347764977896718	0.33430471891278474	0.33049966580693174
0.2534531190662562	0.26051510188679916	0.2497299676761307	0.2759422895284008
0.23868375110548654	0.24825885218722038	0.24381052433989697	0.2529717057057928
0.3065617741282084	0.3046258590999769	0.3150351950743441	0.30989047406165554
0.29615339979369676	0.2852033628672746	0.2965715687918306	0.29170751054183336
0.2756908253789137	0.2770529882075117	0.27770279962690375	0.2607999861139243
0.2820801793030448	0.2956067229103688	0.27693667475704964	0.288971880302757
0.26551938794537894	0.26682946506157806	0.27049664135470985	0.2583566884114849
0.2716661277257637	0.2731927552240483	0.28882912797673527	0.25760064823779777
0.23537592270475965	0.2310549604891058	0.2311911993327444	0.2407497968837989
0.25251251105045586	0.2554774458949959	0.2681339082285758	0.23101325351566776
0.23723946532410806	0.23579138743098885	0.2386048320024412	0.24991842713018264
0.2716555619511863	0.26401390261478513	0.27014085490917517	0.2605807404731183
0.4223419313949425	0.41775153690916117	0.4281617072908704	0.4165928018715068
0.2543330302552012	0.25800124957574155	0.25857544930317383	0.2667164292367302
0.25174009713648793	0.2564134260738971	0.2542302907898956	0.2583001271430117
0.3981795102465556	0.39702886231582446	0.41946080030601285	0.3333393127727832
0.2759508027214707	0.2756910033135932	0.2849755621399368	0.2655038729161707
0.24069343487887387	0.24149855193236086	0.24220969082952096	0.2510042511505122
0.2781106263381895	0.287504099203514	0.2817091608205685	0.29974088984609837
0.28760373226214353	0.286567232054737	0.28454503148551347	0.29780850069971865
0.26509923596627266	0.2697656384618196	0.2699038491605377	0.262924290266969
0.2940681786179953	0.28722781148320287	0.2929437477362749	0.278073173978448
0.274537650021348	0.2835177020637349	0.2746100262887416	0.28652444956676293
0.29197709837909375	0.29109613040632387	0.3002932662001877	0.2694202131207394
0.2831150429969988	0.27701029746411765	0.2817393801986258	0.27908942422524535
0.30061338215484634	0.3014158308751521	0.2908549310916912	0.29043416843108155
0.30660979945509215	0.31045961157132257	0.31509934243663185	0.3055816314947726
0.24546486577727597	0.24414919656953193	0.2501434307070018	0.25316376926278933
0.3430213448810744	0.34809157437959837	0.33716927136737607	0.34345496883011933
0.3077781955662184	0.2992585128073309	0.3043726686928711	0.288484728201182
0.2918718215567843	0.31548695462500354	0.31044323183151634	0.31430068769030217
0.31741323801670146	0.3148843093489991	0.2967349728278887	0.29941438026043565
0.24932781683303423	0.25115822011518035	0.2486848576573457	0.2516900571156647
0.343192967767464	0.34449878621850577	0.34581010160404596	0.33701223442257394
0.2801178614425763	0.27763914447844	0.2782996702587414	0.28469846547457567
0.3197054075529015	0.3166768060942607	0.3268712563401716	0.31235331120440774
0.27568071406549916	0.2795734306663857	0.269167992045641	0.2876766525732571
0.3193808809938464	0.3251866402656853	0.3277070480278442	0.33471638775081786
0.21795227726503394	0.2149665783803168	0.22147538455188145	0.23062678899667963
0.29059600963674603	0.29647826609986644	0.3149694782455457	0.30841752247724447
0.2843503992330023	0.2904147136216617	0.2727497824314912	0.26824723877294987
0.30904073032055596	0.3071959349260654	0.2909048358179493	0.2746564492018995
0.33046372316893213	0.32866651208568964	0.3163188867807592	0.31475012343429615
0.2229426307149617	0.22216229189407893	0.21919303553146588	0.22186943239391482
0.3084953764581493	0.3075801939168221	0.30775281858086995	0.3123421089821668
0.440880251117461	0.4463716285794874	0.43029358193784906	0.4620273801052172
0.3121703333419707	0.3115519391060365	0.30003689060968625	0.31782344601607687
0.3876343045379202	0.3984818645529773	0.3766286176277261	0.36904052637758805
0.27404503800133523	0.2724138582269099	0.27650779924915486	0.274553055995656
0.28583589821839944	0.28163753596707164	0.295903575075792	0.30519521651567455
0.26837737059284744	0.2687737851440308	0.2767681792759894	0.2800642540323477
0.2664261439840528	0.26635053311947066	0.25826370350676586	0.2787681026171422
0.3204702502004809	0.32049387181913236	0.3082751742789121	0.3224551874571024
0.2769406274676525	0.2688676255940758	0.28260796965818347	0.28607687057292003
0.36168300082405297	0.35726801266953073	0.37264192336309804	0.37797665484534476
0.25579673165403943	0.25030649343613687	0.2371918854570447	0.25173198570162697
0.2808435493306939	0.2837277898187638	0.292804342186398	0.27565361635389635
0.3432503225140311	0.33227787205999887	0.3268961363670815	0.3006269770528099
0.30231668828081365	0.29660486921240214	0.299816212724923	0.2877576076417667
0.31617381261079325	0.3119654525923523	0.33341104913172614	0.3214293041841353
0.36688301969298587	0.3640982492859704	0.35444324136669575	0.34981381929982025
0.3357587715182699	0.336413041631026	0.3215983980387961	0.3295898441158445
0.2502711729280624	0.25815508477706534	0.2534768004195005	0.27363366516909476
0.3308645061140785	0.33365394818342164	0.33819059970549914	0.31819289025938585
0.3083547952755636	0.3103179705524619	0.3115398328908148	0.32243188137556394
0.28087157916465716	0.2767847080197578	0.27441248648502115	0.2501007108764181
0.2826626414397823	0.2797581996956248	0.28444752769004594	0.27696423197170417
0.23298371111313212	0.23519612387464864	0.2352378470320706	0.24104106886486462
0.285584323543936	0.27757413481032606	0.279421722359485	0.29727062462263903
0.36963992754730457	0.3972813720171603	0.3682502066615628	0.38519065264828306
0.25978827693325873	0.25620135025974944	0.2631514448514743	0.2776272030084182
0.22412576551759747	0.22518758745049197	0.2315572643101783	0.2399567702457362
0.49473282086650144	0.4782021955745043	0.4771214489956955	0.48603866673569945
0.3135071627080933	0.3067893680017166	0.30411396204298363	0.2997672947267348
0.23398464818929654	0.23813959477365612	0.2269000892524838	0.22891921116539743
0.3291499913781628	0.3320198666353743	0.32626352089773225	0.31377808555593295
0.35346654916946474	0.35307140895816136	0.35832381759931875	0.364669449622745
0.3658497384569668	0.37010357873407784	0.36050192229738914	0.34170503249317113
0.3241904040771068	0.3134971474297518	0.32912077964190795	0.3032174562756415
0.21660485337346858	0.21658224186272895	0.2146254627968112	0.20175555894788783
0.3089185224836591	0.31197254496860505	0.3060971814875576	0.2976020200718722
0.32026168265144817	0.3192315625638127	0.32277366565128696	0.3323280145810151
0.30411086719319697	0.30100504469184963	0.3033086166789385	0.2694471409161064
0.20924697305191237	0.2102939029144851	0.2151119939416493	0.20085487705101426
0.23443065357349469	0.23446473150828576	0.23285645649603923	0.23249044931389173
0.34631028862697966	0.34038698643688226	0.34016317860419387	0.32912561376945326
0.2813891414227426	0.2829212558596338	0.28585487576536217	0.2801125078712401
0.2652974170577297	0.26816889535093996	0.2553831589722542	0.24904155364511255
0.27732763167750885	0.2774811730730701	0.27629584202572116	0.2776932010701941
0.26839025354467816	0.26504161877487503	0.25541876329317487	0.25340311792190146
0.3139235726079101	0.31600027178261153	0.3231478028520191	0.3178135611851136
0.37012262841008425	0.36863459658803754	0.37918935981778434	0.3783754549003328
0.343649577554478	0.34725068170864815	0.34689229084576834	0.3586941289852625
0.3216707815356299	0.31786543509728266	0.32269520000424057	0.29613957584658934
0.39514875706993796	0.39366559295401987	0.39941371284583854	0.3827223141308886
0.26603030387219284	0.26973003210659074	0.26674508415460063	0.2708267872281773
0.5599724774076095	0.5603868959036686	0.5571386334407465	0.5381832754774367
0.24472577589793784	0.24646646289143206	0.25353783020999243	0.250417047637742
0.3198251705196041	0.32445534508094404	0.31277266585914965	0.3226644011255318
0.2869621427362519	0.3040390152723365	0.28084186995949156	0.29120007075564125
0.454617729231544	0.4476047597279258	0.4492625029693945	0.4270847468559917
0.29099488727015976	0.2847451668781158	0.29015461862477704	0.2795031931457292
0.37543156244803516	0.3890621659957608	0.3781332226825412	0.4001242431537377
0.2740980199171154	0.2755654573525033	0.2749602655115935	0.26080469624943675
0.18396354797345715	0.18367536094721934	0.18182124190343782	0.18349363995658063
0.29585070540307484	0.29431548695854953	0.2823486840059946	0.2620117775042852
0.30436225242034354	0.30608192300659876	0.30449596886185987	0.30895643988324467
0.3096451235474004	0.3132330027795669	0.3072300263804384	0.3166799726314726
0.24677664046232967	0.25615272584867904	0.26477282942427327	0.2699061556364851
0.2874454943810526	0.28629718117825753	0.29370986779802083	0.3444696855523606
0.24244297396568518	0.2479716289858886	0.24068836689859727	0.22911025938869728
0.29194640726911897	0.29510242368138745	0.27396294563433543	0.2913568286599789
0.30855899119372215	0.30360955637466425	0.2903275485223113	0.25534103529060165
0.2615447853228928	0.2683526741198203	0.24024913193972147	0.25318264285160724
0.2409476740053001	0.243997687487394	0.24548946643699862	0.23838018833324542
0.37607665533795515	0.37178440906872073	0.3868448659776727	0.36787306399329156
0.35421293872670623	0.3618922558481489	0.3444423996185613	0.3448880650849809
0.25662987479322585	0.2617651990682477	0.2580640742940121	0.25315314394812527
0.256132235402768	0.25902838874081735	0.25797189029310197	0.2500328926872424
0.29540025309677287	0.2892243290379452	0.30095195595815805	0.2740901234254414
0.36595220494303615	0.36249847780548666	0.3567559678566534	0.3557503899900035
0.2761257565264429	0.2800901216137103	0.2746829586084688	0.27433711917079684
0.5201497408046853	0.4936679856882765	0.5441232386829596	0.5313977729087623
0.28974765512191897	0.29217823236094115	0.28162225367547633	0.2908583635117877
0.3029778840327685	0.30792259497900515	0.2983946474259323	0.30998220915188257
0.2507242236865622	0.24760984557876806	0.24966553838585542	0.25367112384320095
0.2554379552568619	0.2541574797002591	0.2545215453214652	0.23560634167944058
0.3120775500623109	0.31495671255766977	0.3170086783838855	0.3030170522206279
0.2786881858628062	0.2779572822183502	0.27778004986905247	0.2814881061714279
0.26454311514590767	0.26152118585405265	0.2787109550203038	0.24039470217958034
0.339384164283447	0.3333240641808276	0.3308806927073103	0.33602983783540286
0.2272469218064239	0.23046081798834178	0.2247788233858139	0.23043214717873606
0.20428426773858166	0.2037705880092603	0.2050866797158002	0.20167507343221563
0.300382881020043	0.2916934472370126	0.29787952134907086	0.2932113598697424
0.2988517514577506	0.30311589413359674	0.33288204777794556	0.3046666026777613
0.26217502780422425	0.26287272390537375	0.2616925674901204	0.2765243417227354
0.25596506776290645	0.25163911215408397	0.25088551842283874	0.2669958126213936
0.29487858922376553	0.29975413302105147	0.3062644978224648	0.3096473135655964
0.27606422681084597	0.2791148195398163	0.27614160971116997	0.3046841952317983
0.3663176267875182	0.3507931160653183	0.37110786541505025	0.35091473628959446
0.3469322941945653	0.33668031271742394	0.3548404938558576	0.3426694852098422
0.23291986069939266	0.23606861456641023	0.23233844169879583	0.22893966707808536
0.20030223872025912	0.20425385619113365	0.19805995722906514	0.20124751881029734
0.40302722782204764	0.40267048980433323	0.40628607961712826	0.38289030763961973
0.3011025744313573	0.2952207922220651	0.29411373678980846	0.3145328710337008
0.2417016383602962	0.24746837701716518	0.2470460458723032	0.24188923167241969
0.3565958931050123	0.35574593625120027	0.34905510184583677	0.3505954770347829
0.3112611198066767	0.311286162298462	0.319814272056233	0.309533876279308
0.30102046453146575	0.3022477206402851	0.3066107425323901	0.31913996299459574
0.2445940382055023	0.24614043150675208	0.25493172661091085	0.2912594347099363
0.24827248251936032	0.24775669049798024	0.23847861647655177	0.25342735919588216
0.24281357779851076	0.2424887490608817	0.2398808943167729	0.2456703349161536
0.25425752510610694	0.2507708126594916	0.26007036069838174	0.24414327602375377
0.2569579334802302	0.2694993224505196	0.2539395636352053	0.26306716669897046
0.3202048345736107	0.31369214342906854	0.3171249494193954	0.3116586660798355
0.24627170693550943	0.24617407469447722	0.24730731276987802	0.25759828556421105
0.35685683709498334	0.35539050681542844	0.36272052953135564	0.34447283050678656
0.3007399214777872	0.29871170474268416	0.28907401659571946	0.2885026410679623
0.30545278259355213	0.3009566473700935	0.3113322741177638	0.31545777463339075
0.26373501662828536	0.25957493731803194	0.2570118744744008	0.24560573895941332
0.3652096582671426	0.35777930448057244	0.3537894520867159	0.37958632779100643
0.24600360490294781	0.2479924795927798	0.239240796693684	0.25015373925761225
0.27861113495490486	0.27583255528254214	0.25487185853421035	0.25324416442330716
0.26160917672099127	0.2579707885028168	0.26296005762137414	0.26025996281006075
0.2578520710574578	0.2543769288663691	0.26438208176978956	0.25185899658632155
0.37094847965967515	0.37083140395673514	0.3464707363696883	0.343625063130506
0.24239829203237057	0.2290791421059191	0.24050311076806768	0.23648504815207166
0.2598638491222108	0.2541189585437223	0.257826556111361	0.25785390498931754
0.2852921749760425	0.28541554630425475	0.2947015845280848	0.2782991128800119
0.3390851876090998	0.34168421509928154	0.33748528761773283	0.3368805666200683
0.28896013287701416	0.2870107330380836	0.2868240865220934	0.303195449697151
0.2915017988307831	0.2942308678008908	0.29965072893827055	0.28256314339761046
0.30647292040132823	0.2989425316240797	0.306694888422553	0.30627688860795116
0.2594683642708356	0.2550428634775124	0.255270752167679	0.2498976867992356
0.2739992248418856	0.2765818926390724	0.28414908099290603	0.27002922326066015
0.22537251501117342	0.2256142645696831	0.2241501254831779	0.22525882892622157
0.37625818430959385	0.36449040526450316	0.37154990617179173	0.3617706393328686
0.2725926342311865	0.26952462455988657	0.2615281211267616	0.25803187584644743
0.39963419216157514	0.4025690995502896	0.39551501743274053	0.4196843837748843
0.33221785675296267	0.3303865023722295	0.3315759956497675	0.35814120278388917
0.3082950436813093	0.30251255248849607	0.30317720527046477	0.3092520538942592
0.25270266848018946	0.25129586248981495	0.26159751807595133	0.259547883503309
0.32970682331742635	0.3359190510541294	0.3220889039093399	0.31808130721717115
0.3485326294832597	0.3558802569650886	0.3407152908881999	0.34403146975314347
0.3145047376207981	0.32004766646333627	0.32164673090321233	0.3289705984917278
0.3092039127117468	0.30649083880864436	0.3097645914045567	0.29142523120296315
0.3044520277141885	0.3101713532645735	0.288998426727373	0.26466547413854874
0.3375868475100219	0.3441908343200982	0.34239711555396096	0.340560793497512
0.2731117563134884	0.27739977956102646	0.26608265417250726	0.2719120548386223
0.21200717699393376	0.21294233428051348	0.21228039126620607	0.2111755224591924
0.3846286648054087	0.38019470253701526	0.37738531480737325	0.3432660367434998
0.3985343954716501	0.39110305297951714	0.3957706621216663	0.3861485384647365
0.31425876777682277	0.31586831475882077	0.3158026906013712	0.33752532484234804
0.2702484563989455	0.2754778803537261	0.2687524165071304	0.29838659794522876
0.3227161093503655	0.3186181575937843	0.29668391096235874	0.33599192482425816
0.3057785627117291	0.3013741881095607	0.30516138007617666	0.2940120356466828
0.3586118129391711	0.36394589608550715	0.3596059586124136	0.3500397515923957
0.24748976824294042	0.2369756767519414	0.2609685396108318	0.25068517087152464
0.26162079486502376	0.25569962820732706	0.2699170292455721	0.25127102743058666
0.3114816898677134	0.3051263899765764	0.308863005601608	0.32711242274316776
0.29826306289732024	0.3005890354324641	0.2905624399785472	0.31079299357600415
0.3949604541355462	0.44985740390416223	0.4488172813352063	0.41741627214744853
0.43398264764434186	0.4372445307333674	0.42818002169882646	0.4096574576558511
0.3221955495042446	0.3152699878841136	0.310369574873541	0.3150358090540214
0.32099937917199917	0.31832661191405237	0.329250447406903	0.32910495503517817
0.2590934759651785	0.2567519001307854	0.25423719037634557	0.26300012781379223
0.2546622519469496	0.250544619167944	0.2507627009046493	0.2591395706043119
0.2859324494247924	0.2846096311030738	0.29559644536576996	0.28223292973140457
0.29762578650323346	0.29555351457898027	0.30025852458817937	0.26803042465860305
0.23922978144963944	0.24385724800170303	0.2352670359467799	0.2609159296541769
0.31797952753558445	0.3172342975314933	0.308339317069347	0.3186222059713237
0.3471857108677322	0.3451664998098462	0.3408057608562981	0.3610420948127982
0.37203188715475766	0.37720152988774436	0.3703525613116685	0.3590224628724056
0.29816392569686845	0.2996474502577504	0.2991019022449942	0.3003291374844229
0.29347960487830993	0.28814329093734625	0.29063381162022767	0.2697664476124578
0.2840293960412589	0.27861663212105103	0.27539340071445334	0.2718025806402451
0.36629420751451786	0.3591567155118585	0.37606344523317775	0.35133247844018056
0.25772417686577986	0.25404416010184566	0.2463201097817361	0.24434545755549467
0.26650614268258416	0.2609230721914403	0.2751450877771986	0.2722746090457708
0.24172950785060895	0.23871486258005287	0.24802575110006814	0.25208780162656574
0.28397712489405924	0.28178869095689685	0.2768950230765045	0.2842105529794096
0.2773614498473111	0.275513925106334	0.2737028792636163	0.2713222527314806
0.3697340004003857	0.35662194227397626	0.3287752145145825	0.3061735227078556
0.2958126406426903	0.29048178080599213	0.2918429453139697	0.3034784010951701
0.2637311873225144	0.2590925650859815	0.255721946377551	0.2487952989543359
0.29737729830011356	0.2920821343032408	0.2917406876419365	0.27114800053630733
0.30321873794656373	0.2917068234092281	0.29087029707738576	0.3088351121518167
0.25434826857847326	0.25347224548733327	0.2533695339450096	0.24623466478107334
0.29858072586414053	0.2931192067921013	0.290170211577635	0.29455855319225493
0.29367603577493634	0.2912226709006274	0.29638003866975987	0.290011939873961
0.2590626404715807	0.2641278660330886	0.25787822431427526	0.25957459486711365
0.2550131483836717	0.25204324751683616	0.25379970229694865	0.2501075315683413
0.2914298497860483	0.2874919692001652	0.28901789194562866	0.29694785861719686
0.22034021845202467	0.22162752762817392	0.22298841467376024	0.237646676668024
0.272879531232885	0.26642285654708825	0.26312678382913224	0.2619292886435578
0.2287717634907606	0.23402991194374537	0.22066020141746281	0.22443467985942941
0.35005782476108827	0.3576832407752525	0.3589968370101449	0.3874756087617705
0.26841334961926633	0.2711144794398939	0.27383020183320994	0.26835105129461423
0.39305037221672207	0.3874804971073832	0.3724316725965046	0.3813670737181286
0.35389997690329517	0.3488009425014143	0.3402418875711768	0.34664334594518564
0.3109659672945497	0.30348120442684373	0.30168660401235253	0.2961331007874458
0.2918081931136314	0.29865407848500897	0.272100258361418	0.2845520525582999
0.29195391133554405	0.28870363432248675	0.2800690972489614	0.2915639986151035
0.34686032518330556	0.3439621402915371	0.34392876422548496	0.35293537311300355
0.3109430221739743	0.31032169244615315	0.3116552714103076	0.30069586178261487
0.26540466002280233	0.2611551871013605	0.2700661212977076	0.2654388723576816
0.21235396631491088	0.2106646473169546	0.20700904673389328	0.20761578184949656
0.32920950287400164	0.3216406710829625	0.331987222122065	0.3387352913498502
0.2485100074921662	0.25314515439199187	0.2510352136244221	0.25793505152921636
0.26464898419984934	0.26501995817444574	0.27139539471322116	0.26514699229781713
0.2268294448399844	0.22505243790966112	0.23297458055226816	0.21929098183966259
0.525931587476735	0.5335275135026503	0.5262128192365099	0.53012342201535
0.2325643510310469	0.23318843792560676	0.2351816131009015	0.2441707009301992
0.31273986075683025	0.31400101476469483	0.31125929051019025	0.31311761631576035
0.3460934097488615	0.3428394579382228	0.3367672125977917	0.3364138491236574
0.34531532963376765	0.3376381208680786	0.3427548045019655	0.3505269039937256
0.3282273697330801	0.31964596581923194	0.32618019428796613	0.30493589517141223
0.2628823339649465	0.26287223062675535	0.27221601177158095	0.25707610469829817
0.3313244143431642	0.3301807839851712	0.32056829960692157	0.3278748853691385
0.36476299815663016	0.3633880339384948	0.33861411777336287	0.3546599792348966
0.32499323533429403	0.33150739074381275	0.30846358990506134	0.3146907865480539
0.2326031938972744	0.2337801111170462	0.2392416699308426	0.23067197324247235
0.4178551977689219	0.41865621084929494	0.4041075406665358	0.3843221820450942
0.26571187346450265	0.26796109459349216	0.26508881049226024	0.2601526015837816
0.24469802184970246	0.24831767069788	0.24923644795932545	0.22736432237922155
0.35131846484572204	0.34198588470039903	0.3389859337004922	0.3566818842990209
0.2562480322374234	0.26098333562153736	0.2654353499856083	0.24681880507721138
0.2795790412507661	0.2879452118816933	0.26693018464351437	0.28844871258648014
0.2585907314812542	0.25072919471698996	0.26100534216811827	0.26049254556285356
0.2759472407314828	0.27804263272182017	0.2751496505169962	0.2614450145699276
0.28203128055468774	0.3025384565988563	0.3082602021206064	0.3362051164650444
0.4074010527476045	0.4116767929339118	0.3880259448927005	0.40184207809622224
0.274076954777336	0.2655603040856713	0.2752984193379646	0.26400705223057824
0.29445310763699195	0.2986942758917866	0.3000518737444256	0.3070340662110808
0.2668222966574925	0.2694392569372506	0.25248889842839634	0.2439076422572589
0.27165255289603185	0.2661275024875819	0.26434297912730914	0.25969350082686693
0.3296310431726843	0.3234024271440309	0.3206499493041507	0.3315030710246196
0.23789288740869927	0.24081626576728374	0.24597635087764252	0.23729833974332343
0.2820619498606689	0.2850244969179097	0.2819445766617719	0.2844439965542642
0.27180987915457666	0.26969295805186516	0.27665035881620065	0.26582910014013295
0.30451365082003307	0.31913950574703154	0.31142769930389147	0.2952571238446863
0.30498383385577643	0.3000746805797794	0.3007350326042968	0.3003512200962346
0.26680251689162837	0.2671068833099253	0.25350977573453287	0.28255522791040794
0.3700484985216367	0.3739986625654909	0.3659357312585508	0.3619890652232415
0.2903612156013487	0.29193304424598165	0.2890833681833634	0.29399203450098266
0.25967392725985167	0.253640365797081	0.2654704024307734	0.2518057376336236
0.26567214141933876	0.26680653641348223	0.2740732835718957	0.2601238678395123
0.2506361132343069	0.24446567884255146	0.24838637956594137	0.24258826877861234
0.20039725398910177	0.1985788170923337	0.20182083452144223	0.19570152748645925
0.32989387133324805	0.3236130598757736	0.34362479034439136	0.3229691139435553
0.2807674803528521	0.2837394463752503	0.28698480601391235	0.2729480963748993
0.30165349131264424	0.29504043208190767	0.2989009117645107	0.26033207212840037
0.31965533350318315	0.3185027567290951	0.3165177186911576	0.31164715467397697
0.22863164800467461	0.22874288691072367	0.2350040628915524	0.2372616430644326
0.2771006107288503	0.28090403127837643	0.2820172345721419	0.2860262132331811
0.29262576023480424	0.2949339724930709	0.29173975639106103	0.2859095562495662
0.23804219064852614	0.23743302092051152	0.2809822692168302	0.293429272753986
0.29541716017300335	0.29575568649631157	0.29801698782797403	0.289371238396802
0.4102120523545856	0.4076962525842188	0.39976970335535006	0.39464297566428314
0.26140057444074005	0.26161589632047394	0.262432461662967	0.26651373715750887
0.2593393962847758	0.25818079037124686	0.2644635818138148	0.26685877039722805
0.23471100175220433	0.23276664743865724	0.2290342794185395	0.23427818909662043
0.3496850069482431	0.34839726683528477	0.3441326132369949	0.3541758390575198
0.3452226364274472	0.3284832538491654	0.34027878366020037	0.31089905788835065
0.34783339595237917	0.34589956070159533	0.3476572751209027	0.34583919826902915
0.30143557300510976	0.2934727970168051	0.2934948523557497	0.2952874974465893
0.33618325525219256	0.3367437860857267	0.3373346205364934	0.3333738296177848
0.24045112292451112	0.23701733833872454	0.23850461616315322	0.23778427970472735
0.35589642270409905	0.3580642457766449	0.35398924495723033	0.3941826812559692
0.2965394177552477	0.3011702736171469	0.2977253276417001	0.27998680232865125
0.24494003392938052	0.23908255850072896	0.23727277184752718	0.2555492629247492
0.2911733040942643	0.2926391054236781	0.3131854415447147	0.30362434198498245
0.28112236704922205	0.2852283303743573	0.2990039190975683	0.2731878761293396
0.29438984469702173	0.29790544458403617	0.30184532850129847	0.30736985820758017
0.28787630343750825	0.28803383084001616	0.29623329346124566	0.28204407600282133
0.2884839504035139	0.28798737883021425	0.28510204955914237	0.2850456956974098
0.28533659433117	0.28693667330855954	0.2789763708200634	0.27653621796771083
0.3113366742230465	0.3090740166080044	0.3015616437065647	0.3104157955176964
0.2728640610929908	0.2747167040207238	0.2666445121086094	0.2650851276868422
0.30957449603236725	0.31299033786622193	0.3139402965292909	0.2873268151566287
0.31321201374774915	0.31353484099254875	0.3135442951386321	0.30733310505198613
0.26859503315659694	0.2709049410062395	0.26341054996620394	0.25934933209760325
0.2838437924330906	0.2835595520115592	0.29713443875421214	0.2811580406931984
0.36981073236466133	0.37264452851127416	0.37711958232384746	0.3537608348175545
0.23936754592835	0.23660151078955624	0.24102470509946408	0.2482154830113292
0.26378457170612635	0.2561811823949911	0.2762941568031487	0.27054085808269895
0.21488001996846506	0.2150974352763267	0.2214803188064464	0.22049798818086808
0.28657941074409865	0.28442398646601763	0.29850112644728866	0.2955846850753254
0.3639945226346543	0.3610062079869115	0.3705053288497447	0.34195168476597104
0.24557413072700035	0.24768535125122207	0.24451996280093302	0.2551611065887037
0.32169300517503746	0.31233652273008605	0.2964744968189894	0.29673528150580264
0.2610094754723677	0.25737277650409646	0.2565083744147217	0.25916400892347013
0.2994696566420575	0.2943078701773333	0.29863385878456217	0.2983637509671853
0.3048014619943717	0.29478208986785054	0.30634068174495543	0.2929835553598327
0.3492129844138525	0.34477482872888005	0.3372749505477816	0.33220048470449665
0.3221735189978805	0.3258034443062615	0.31477339670457366	0.2924841249883613
0.2530453177603868	0.25609653108577335	0.2502730706173409	0.2381007508737051
0.273187456383099	0.27651398263950683	0.2672212022116446	0.27629128840144246
0.38230286671073405	0.38124007589022374	0.3825457460671286	0.3677022396559962
0.2552618872880561	0.25792998476384255	0.25070497909756023	0.2713469497944074
0.37902197317623443	0.3685186503642762	0.3729792664215319	0.3604760103656912
0.33848614646154235	0.3423840920561614	0.34029846161938904	0.32005397094219656
0.33465460990429474	0.3265041089666168	0.33434625852167665	0.3358199712101845
0.23208565932353262	0.2352458749987962	0.226034903938245	0.22483981858550112
0.29258502994398544	0.2977384156348809	0.2998785514447004	0.3045609657634815
0.4180217980924146	0.42216486448391854	0.4278364519728473	0.4096531947894651
0.31859791379848085	0.3214937939415335	0.3199420915990832	0.29432668094929476
0.2581946712238834	0.2646480417273901	0.2645406512557168	0.2489679008646813
0.3075192623951975	0.30337561860216666	0.3098448514062064	0.2815535711856807
0.3669944582159428	0.35864637788994236	0.37891770151189597	0.3793103936611609
0.2856365390802182	0.2871483677993878	0.28564047170257556	0.2845299704259396
0.3633138711618276	0.36621169789787494	0.33491608096526965	0.3354810845524378
0.26049069019529575	0.2601089327562885	0.2599050358655342	0.2613530389294547
0.28474812219030526	0.29545565004536833	0.28898856370033355	0.27263262722663295
0.2678269513554647	0.27008773535694147	0.2794570518748136	0.26032168377742676
0.25488015983284074	0.2545137478791239	0.24383845684977676	0.25398293709488123
0.21709297809724107	0.22020816678880056	0.22167836736972482	0.22292744643682885
0.34442404539705107	0.34186544412510406	0.3466093655426491	0.32462659492586377
0.2856922818511143	0.28108925426181414	0.27570222230598185	0.30431756935010185
0.2627061376181233	0.26194407081025123	0.262561092900378	0.25933845146634604
0.29749958154442885	0.3003664238573728	0.2913532323346184	0.2931578148269747
0.27314887563317425	0.2693135542784107	0.26691201738596265	0.2580271123335732
0.27143729898574637	0.27809734959671956	0.26697503760032393	0.2690585370320192
0.25323904822734333	0.25209785150059305	0.24948689809556596	0.24756423731331834
0.3238938425846121	0.3235281511183765	0.3206321920132287	0.31371446735676595
0.437178802839267	0.429615891960959	0.43158938385443046	0.4546113920148061
0.27804108103285147	0.274159020121775	0.2811601238314323	0.2788601628217677
0.29048932183096093	0.2894047353299499	0.2855516933945652	0.2967904163336655
0.30513330730252086	0.30826550738229325	0.2843365132231532	0.2765323068340216
0.3193366933021214	0.32301856556273245	0.33731418557954185	0.3157813459265737
0.32480346318605635	0.320262191265447	0.3263918715141784	0.3209617896403618
0.3769300723764978	0.38305475301739894	0.3891204771346066	0.38552167061652814
0.25427607868407387	0.25194580316431975	0.24983307981276484	0.2513769451590538
0.29992512972643187	0.29373363135166064	0.3004241683642695	0.2710826668402628
0.2629352826500758	0.26646312898408697	0.30447642089466403	0.30142304562187255
0.2777629026502551	0.27259394241642904	0.2735892680911893	0.28224970335689115
0.31438645054753117	0.32003153885743063	0.3050108600300923	0.3244571801821243
0.25355641274639495	0.2472362245523021	0.2563751505143911	0.2607497467930307
0.2723498451189848	0.2684935278774077	0.27563682043451104	0.265180839367266
0.357401264383313	0.3594885923282661	0.3509371855903686	0.3560935358921211
0.37219187798384784	0.3674494573407907	0.35075608979524575	0.35257952426118316
0.30137331063181927	0.2986054252418927	0.28591817273065173	0.29875634057996975
0.2961013144992615	0.2894363448169286	0.30422448455580187	0.2868512586924138
0.24369949070282726	0.24109207126379328	0.24425361313168747	0.24066835980837994
0.30444642677123834	0.3038263992931885	0.2970645723110769	0.3089841549365656
0.2660311782625948	0.2634572333563731	0.27421488797406146	0.27881147339835594
0.24774029831019648	0.25005096455920467	0.257563348936366	0.24976717190474262
0.2437700642417592	0.25624584652580185	0.24959294110045832	0.2530782212782837
0.2319131551835573	0.23096673485996916	0.2282072574135712	0.2236197016469651
0.2307276887184604	0.23531504918777338	0.23604663108168925	0.2236982457901615
0.2818663638777141	0.2830363122452039	0.29198608378850616	0.28629606074919767
0.33506280581796866	0.34113114319840426	0.34256427522437904	0.3301753457523571
0.35198046118429127	0.37624483130513703	0.3496230842970592	0.318716641823006
0.3620254910499987	0.36640803207790384	0.3398395074560772	0.3471251903078097
0.3293205234398052	0.3260669727793884	0.326171253247282	0.3370838042295699
0.26722813608067136	0.2591050008041416	0.264561148893434	0.2579681950397119
0.24176168141721802	0.24093523474195044	0.2712195719685978	0.27915222910294857
0.25429608376756485	0.2612577549390306	0.2536197190701602	0.24413397068619067
0.2491426418414012	0.24891278344441597	0.25462144102270995	0.2529252841742994
0.27003223688053957	0.26735798659024307	0.2812817741898498	0.258560533127711
0.29499155702447577	0.2960839066310124	0.30507106610201934	0.2819445839810345
0.24120595333380138	0.23575805212412015	0.246747971591091	0.23798444094678786
0.30773483024155035	0.3070914416771196	0.29490950835240226	0.30675020793566077
0.252908742214014	0.2527665490172263	0.2438065144362393	0.25247365681585265
0.25826285149429995	0.26035525853702585	0.25365817085702774	0.26163729374725997
0.3202013991640435	0.3268247801363136	0.31282453975627134	0.3287654033857671
0.4441858898944672	0.4428151783548328	0.4401237364266245	0.42892449490288925
0.3270136795661232	0.3199271282048645	0.31343088447402145	0.3068653538331905
0.3854472078338956	0.3865194654170062	0.3835436796417655	0.38266632393489275
0.26597067658497336	0.2658599960426139	0.2758366844611361	0.262900181824632
0.2751053469080295	0.27887061519581335	0.264136845563541	0.26052679467825957
0.27477334371010237	0.27806132944224843	0.27967203667187635	0.2910655507256919
0.3327042251640027	0.33563213791687135	0.3450791890583594	0.32170529707792644
0.3073853017596051	0.31472210387526106	0.3062592915916579	0.30884258662878433
0.2994808700547245	0.30283161993699936	0.3041652989091652	0.3030163158237548
0.30847619129217085	0.30860533699025394	0.30328190040607367	0.28809032029709575
0.2823771882244661	0.2814267738903175	0.27618221947838834	0.2718771865794174
0.23338328697589492	0.23688713811527934	0.23479450508580957	0.23245074647276734
0.32935267066422447	0.32490619284231465	0.3330290434760651	0.31625739380462253
0.26614903514773736	0.2696475359524309	0.2551997033231827	0.25184748103095006
0.3031038366747721	0.3098960083260275	0.29485006284107124	0.29295164077975705
0.2981660522392375	0.3047475453825131	0.29645476060001874	0.30855227775324506
0.293102058255975	0.27705908791936085	0.288738833371135	0.2887045406555837
0.28869901741852994	0.28762137369552077	0.2845275898499778	0.2798878360426744
0.23512096265722573	0.241280860956631	0.25080178283335036	0.2501409769262323
0.3421709101207876	0.34947883968186255	0.351696241477248	0.3147470590341989
0.27725452282369717	0.27575492001444796	0.29209657863920047	0.2706235121144925
0.3747762191859844	0.36923486182018733	0.36109406227731705	0.35657600319598276
0.27316340002649697	0.27593428418708504	0.2635361204269078	0.27088394637368524
0.2561224636651096	0.25795604880061085	0.26270170905227364	0.24959782940055847
0.3082999061146934	0.30463769376367933	0.30978896921079857	0.30251200502907755
0.32131514008817685	0.3239904410305451	0.3296589881611934	0.3357054826379225
0.2927996943650746	0.2967074543726022	0.28950471235349584	0.2884637181182971
0.47931644677879914	0.4883888176639456	0.4648542275352303	0.46260265942224565
0.4291301585901088	0.42212068724550056	0.4281991107076764	0.42659469257777566
0.3693358135325115	0.36729861356642973	0.37194548233242214	0.39631175396158724
0.2616870951879402	0.2524634431223799	0.24138659433835824	0.26474103769353213
0.269642256083725	0.2796373912071796	0.2735821509299914	0.2741410058599716
0.35366397181710807	0.3464818255067231	0.34130245103632983	0.34447444044724745
0.3037504919612218	0.3022338225880335	0.2923365248789161	0.28880388188257233
0.3327571689868615	0.3315210261899883	0.3279118751534632	0.33336766191748346
0.25896429391395426	0.2555493160064995	0.2544208612085638	0.25128780074445217
0.31332938289093115	0.3234854324519869	0.30274400199676504	0.305204409662583
0.2331348732033161	0.23048067147385823	0.237881565667371	0.2374328255330058
0.3968350109412996	0.3979416780366847	0.3700767391201494	0.3938107135287941
0.20440524802534005	0.20378901508553962	0.20720936733127884	0.2014977735475127
0.35706819075914686	0.35201753110920975	0.3578126221890036	0.3459250319699931
0.23497070674178708	0.23017515820105813	0.2409703011990114	0.2424299256525709
0.3255573019141191	0.3264328180250303	0.31606817362549944	0.3095574709832699
0.30207107666101773	0.3082514367624909	0.2887250908334396	0.2865054303123238
0.33756729926091006	0.33481033798345977	0.30641422529040147	0.32627267248307157
0.32330674502798834	0.3262154327357161	0.32323094737391306	0.3137318220560689
0.2701060189105944	0.26407290150380386	0.2813317461172022	0.28389003521497075
0.22189714598820964	0.22468343395564558	0.22158838212257875	0.23101947862828434
0.20372513851213273	0.2015127111847835	0.20302972225263163	0.1970644534885703
0.27196376706956676	0.27772751756923203	0.2780735896030318	0.2699975017814371
0.31561508717421993	0.31637036921015244	0.32302970628402433	0.3057297320961576
0.27379080729437355	0.2744607603053036	0.27512645893285737	0.2668382118016168
0.28916700588884453	0.28790694835663355	0.27410532471350224	0.3539549990281104
0.3032757868346943	0.30514834749960196	0.31744893598180124	0.29063748499769965
0.3277465594514302	0.3354371565172295	0.31458642691043687	0.3286947390201019
0.24025252441594755	0.24018037129597322	0.2400678330264664	0.2438106916734426
0.5183895512893245	0.5257137240213247	0.5074727363444048	0.5213152373735415
0.24259710414852875	0.23012573237717313	0.26015398414985896	0.26237835053946823
0.3335196801131706	0.33250610957435867	0.3214867210851571	0.3160243769080815
0.3249798338003529	0.3269900468901361	0.3005289693192349	0.3223117356315117
0.2995016880045332	0.29557155989298056	0.30427948768805163	0.28786736113644995
0.28999604756441066	0.2754858064817731	0.2787344303349145	0.25863848334247674
0.22278185661105554	0.22161887604761474	0.22870683863306937	0.2276016310230538
0.2662027468834267	0.26671219748638936	0.2585004948590909	0.2694545341657497
0.19319212940404795	0.1952769897340376	0.18835608818130153	0.21087963876464488
0.25325423582192713	0.2535747022652976	0.2538023103625603	0.24536136267822273
0.31854858047280904	0.3140657208645166	0.31133593037037693	0.3006761474717861
0.24962960202161594	0.2508162949134718	0.24134353105083503	0.27877719945670854
0.2533954131671369	0.2613399603208407	0.2439810465588468	0.2541007669544785
0.31050974688504573	0.3090250871442603	0.30646327255320954	0.3310661923606604
0.37295873844894084	0.36361966313792754	0.35371858771846276	0.3731434372966785
0.4381522355279785	0.44237904765708874	0.44511249214226534	0.44487695881696904
0.39246017289564006	0.39605746149373705	0.39732334979308337	0.39669797224600073
0.34284177891587875	0.33625167050057386	0.3287026805394874	0.3275114112756672
0.26171341255747566	0.26731930772119894	0.26223184932286214	0.2717188053142521
0.3771589171415902	0.37847645852624917	0.36276762332823026	0.3631838330142685
0.23370736351985072	0.2267696392341368	0.23738494313801897	0.24527401852248562
0.2764728050844888	0.2783430449865924	0.2824647504982461	0.29793265719891887
0.2187440479324473	0.222421660216037	0.22369259443119124	0.21739198146258326
0.22417443478956903	0.22622942805664242	0.22681895866752275	0.2402092067031655
0.3405188149734364	0.34571164519640935	0.295022895864925	0.3142825031165061
0.2968683088117051	0.2974174609570008	0.2918677925283815	0.30600003928884684
0.29829424186740383	0.2984052108363222	0.2811110181098863	0.28141302122630696
0.325049140877989	0.3276827390638934	0.32508336570890306	0.30922092649944266
0.22477440750820157	0.22235015239951042	0.25008957541890053	0.23498581344068706
0.23927997369939735	0.24121100655911706	0.23485227947345572	0.23662948610961212
0.27258395201113933	0.26808804500344646	0.2788128601168236	0.29111961062973496
0.3542417612151392	0.35869717094674225	0.3311105818994613	0.3286409442222874
0.291525559857105	0.28429999785087845	0.29648681484085265	0.3111678313401198
0.2242432726170831	0.22095317849063784	0.21808973469637058	0.2111156264821372
0.28979535901534903	0.2850095514834383	0.2986771305610105	0.2887742935311828
0.39739852987867136	0.38247874390550174	0.382143564469834	0.36037924171687363
0.24889992463271118	0.24754392214628967	0.24639058943749925	0.26023907253853307
0.24974121488068213	0.24718900816960315	0.24763371816418556	0.249889997521442
0.28683404957991027	0.28757556392398054	0.2756882487773811	0.2884337882113057
0.28776139430755365	0.29272340579855827	0.2767789712757323	0.2874757843619594
0.29659833739274943	0.28359389121170264	0.28616914948812355	0.2941530645056466
0.3013473080665404	0.3000952663187015	0.3102856861198513	0.2879839054877977
0.2845400262259151	0.28572397981011743	0.2717955686415845	0.2867423329535687
0.3403068978254245	0.33734849926220173	0.3263688236024104	0.3341212146973351
0.3252807546760525	0.3279110888044413	0.3292864595597259	0.32569297394981944
0.3874462076106615	0.3852920376093106	0.38635386417905443	0.38264806182197486
0.3244365108259955	0.3282522676052999	0.318131856764121	0.31343982679105803
0.30993096872207954	0.3117262434173487	0.30171484882112	0.30180566051694413
0.390084304565557	0.3948063613142648	0.39018749048521506	0.36992959804076425
0.2845089746487317	0.2923499920934728	0.2775700377722573	0.2697268023074414
0.28805067727431727	0.28136948916688903	0.2879832677053924	0.2969849308303831
0.24860309197639863	0.24625995491878416	0.24953531818583782	0.25271076863338016
0.22260785599660782	0.22487758827225568	0.22193466383143767	0.22481364776344684
0.2714769501201065	0.2673418423269959	0.2688654189900661	0.2741303201861848
0.24127062481926692	0.24715737203299015	0.2439610916135969	0.23902041726455767
0.29318290446272205	0.303366913803453	0.3010821355824263	0.28428548597170145
0.369295500651712	0.36910456328350616	0.3660289192859942	0.37219646098052156
0.2851045585760797	0.2881253333386782	0.3006015802419848	0.29023047260634965
0.3031550106432789	0.30013682824829396	0.2990150411819612	0.2958410920264053
0.26973423666170565	0.26887547021052083	0.26845265475198465	0.2665415653893072
0.4087804443317872	0.4038098076292864	0.4018991539128855	0.4241379901513627
0.3605054686270238	0.3475958712129224	0.3748426623191448	0.3472651682763081
0.2616598735519144	0.2592980052780195	0.2784036176026127	0.23832799474630775
0.3552497787303181	0.3420025553879587	0.34941575676844466	0.338007128722849
0.31830752745084784	0.315479023364547	0.31486763746542334	0.3339364148424511
0.2926384505878765	0.2991443297715478	0.2812248527914443	0.2958055778949347
0.3005512237113638	0.3058980786390748	0.3064648898112224	0.28907825879848165
0.28664029081369846	0.2772809234723824	0.28848129929489913	0.27834771699881483
0.34971390982681727	0.3478649153803156	0.36898690683869234	0.342127598355594
0.2725586129517113	0.27562458032491644	0.2711599252749082	0.2669457350384913
0.2747909015470897	0.2770640432951062	0.25702088830199804	0.27451722990311533
0.368164334581915	0.3707871388417916	0.3627172949311027	0.3525286152657963
0.3136953927222231	0.31548659492727005	0.3167414488490886	0.2998120257605213
0.2760005913322741	0.27199527540794166	0.2580932902629573	0.29396494331289913
0.3060665434477366	0.3207928593658203	0.29550607441185917	0.3445437440840675
0.37013445565251707	0.37140493670358005	0.36600014495245364	0.38206803934184635
0.2243826236230137	0.22577300549260976	0.2256297488303857	0.22402172440165627
0.22168619100292322	0.22346886257357798	0.21564392331357007	0.21570561424752982
0.3273603944928677	0.3147895149842902	0.2995704769681919	0.31331514902753227
0.3278646463090224	0.3171346605193201	0.2968369400553783	0.28718988062148165
0.2787774078760471	0.2692760600903316	0.26588177559353643	0.27587739115933785
0.2653830590961206	0.26822792916310384	0.2671163619244106	0.2691634848996413
0.3022854921151847	0.2981887986416816	0.31482964289000076	0.3085937033630756
0.31121207881087753	0.3119406079717652	0.30117367756489194	0.30878921029012163
0.2629338345432587	0.26476500940722986	0.26455317100185066	0.278149921705493
0.3334938825002123	0.3395807069857137	0.3297986273280316	0.34815869013702416
0.29535469945055887	0.30009105482260534	0.2882304372105965	0.2822783678203277
0.23241805367226076	0.23464504894328092	0.2344427863849482	0.2340502814482462
0.33518839877679296	0.3316977192934259	0.34013927371329716	0.3197229082164259
0.3044945053474228	0.30367156371842513	0.30623664527542943	0.3393580418179673
0.28191546419831465	0.2861582190441781	0.28416897897065746	0.28709901350271205
0.26848744033373934	0.2655399772457565	0.2602543475187342	0.2610807246355558
0.2926573160478586	0.2941122614540374	0.28858043773327635	0.30602921998061566
0.27693341246043046	0.2773585767963777	0.2656509719433304	0.27038556864478236
0.29764547761381605	0.29369270948238996	0.2927482051060385	0.2867979079558059
0.28297890643155243	0.29107018041794774	0.280450523996574	0.2702181710149747
0.2784527383032609	0.2662310025168188	0.285002507326811	0.2687408757868827
0.27353322556136983	0.2738287322639914	0.2505723910074646	0.2473518953179017
0.24700162593336464	0.24935413955457766	0.266203912712594	0.2633460128398948
0.2631362769345331	0.2588298495016486	0.2629866397829898	0.24540328649612925
0.3545724069320895	0.3590003375255851	0.36224233130936917	0.362525096789397
0.31925826833581344	0.32433140099368407	0.3268867928165754	0.32911989544511316
0.2491821532181723	0.24960499382912943	0.25331991575405866	0.24941653485514853
0.3630103106591	0.3621215400655397	0.3623135894435461	0.402243149501582
0.21231332466477434	0.21832019553916904	0.20797328728113346	0.20947022736465842
0.30087904673199456	0.30324996995988784	0.29267037270629725	0.297195615502671
0.33167792234367177	0.3312058988335481	0.32006352481407374	0.3071164970916981
0.3444484629963055	0.34947289982069824	0.34940244656021163	0.38643198582065424
0.2304360517680008	0.23132888755464365	0.2204718793016792	0.23077297011907127
0.261541003110382	0.2622850520970282	0.27494449644983376	0.27072173181204073
0.32135134870700777	0.3215498801546654	0.32869322670631995	0.32412470003595995
0.25935413997464535	0.2596859539229322	0.26574262304269153	0.25230947661889824
0.2516367662729243	0.2467576235306397	0.24806230247788474	0.2497708610789261
0.2543835884814545	0.25413036291381835	0.2613723543247579	0.26478227527057785
0.35053251824844667	0.34947591101206604	0.3415934883261734	0.332746931851598
0.36560964385041894	0.356528452817807	0.36585138176935633	0.3529495948635636
0.2765469033213344	0.28441889916887325	0.2743271209293931	0.2690727729902575
0.29434543900206245	0.2997670482913961	0.29562142321422546	0.2952632901878107
0.46793006756119077	0.4603086046568298	0.47316660717006986	0.4479579302068361
0.30276004444720805	0.30770286559347926	0.3125247047122061	0.30459484084503735
0.3098903171728118	0.3219557303256182	0.32041285024209004	0.3184164984457536
0.2650716695273444	0.26336582969577	0.2743702389457732	0.2594645586909962
0.3031409482506875	0.30395278974025475	0.28088023772609133	0.2955142565073872
0.3182666886091744	0.3155388770555046	0.32552232915852386	0.30779784668021826
0.32806344368702234	0.32064689372347827	0.3206641858374395	0.29809701365237795
0.2841571926286164	0.28520547832574666	0.292964793736422	0.2765825659735693
0.31793735425712816	0.3224239880720246	0.31828116016388375	0.31903264926104896
0.3065345623304503	0.30806735788664535	0.3427145712513138	0.2798196164782312
0.3267795550032999	0.3173948772023939	0.31096107483034935	0.32722874669218455
0.26264572927919366	0.265163459907629	0.2585784075832902	0.2652346457346659
0.31560064267199217	0.3135928637961506	0.331412530658869	0.3303046952329886
0.2885171437838055	0.2934208945571406	0.2834503819665894	0.29337383111890586
0.2422433488746947	0.24530729278152325	0.24024896259253462	0.23414408320269958
0.24934733684715832	0.25835837276011797	0.27267729387659106	0.26891674734898524
0.24437664911410392	0.24072738152698764	0.2489524598233739	0.23978789915355236
0.3502742303014978	0.3475380631417804	0.3441960952100549	0.3316105496948081
0.38385588001294635	0.3916230671203899	0.3748333799278676	0.3551002729673091
0.28632832932075175	0.28838694673751564	0.28460565647568203	0.294579264009976
0.25911692746591547	0.2591777741145571	0.25225649867801164	0.24494948526366597
0.25783996539775367	0.26519616050225403	0.26828586530352155	0.26001268075206696
0.251569672075076	0.2437115566436117	0.26246295590618063	0.2744334813574377
0.32449346460577644	0.3323868968535664	0.3407766825033384	0.3269968049753913
0.365451065883474	0.36386091310828844	0.3879634529857967	0.3689837577144351
0.29445520051146273	0.2963963864302253	0.29879332773902123	0.29959171941911134
0.3250435479493194	0.3246340052832189	0.3275715152050033	0.3252787967856683
0.27320243463244714	0.27491884783062864	0.2809044260188062	0.27747098377948437
0.24931015773608892	0.2499746069981185	0.25045079147859894	0.25404125316461196
0.2729131615095373	0.2704559633173184	0.279206495356147	0.2765440942945532
0.3122661214893688	0.30270584277690105	0.3129214443777407	0.3356031203268576
0.2647811739599848	0.26646015618436264	0.27180705588402576	0.24704452296603646
0.317124885633202	0.3300762000962949	0.3174667264391176	0.3239741217416129
0.3000664732513744	0.2890919860212278	0.2741154529992162	0.27477308671722445
0.23814257758373833	0.24159046243458565	0.2494990048177679	0.24721193598233032
0.28847335984940475	0.2851188722423417	0.29210272288297456	0.26164008218133056
0.25760614213066807	0.2558709528868725	0.2594321455400473	0.2589529989889971
0.22176805527006238	0.2199553597895928	0.22710710704774745	0.22521201622168796
0.25202960371029776	0.2596782455053202	0.26251320067648515	0.26713174850278043
0.24753556457950932	0.2448863415637923	0.2392071814244176	0.248512807079808
0.2419542332673336	0.2289677302691627	0.2388996678927336	0.25620285356235023
0.2956404727592638	0.3021777959063793	0.29722924264632306	0.2834349510969972
0.2957063108414249	0.2969515134851151	0.31197733192416166	0.30140011055169785
0.3183207656475883	0.3157057679721896	0.3223677410339228	0.3184330279199127
0.19555395562791375	0.19935300892989488	0.19629479557273036	0.18960098887178908
0.24268183442652777	0.23858722216812678	0.22591100438472328	0.2343714778458539
0.2355389221041537	0.23493471276379743	0.2361497860194125	0.2228459934812893
0.28000543930133753	0.28729679319652623	0.27881747888877983	0.30856912217945714
0.33930706415803835	0.3324670305381182	0.3273565416892668	0.38227658270038567
0.2890356881144958	0.2857535023558543	0.2856859256137137	0.2829670653813553
0.24591895560431656	0.24904930323011554	0.23444676891922742	0.25471385342812003
0.3118302792825034	0.3135852473554701	0.3035383406395818	0.30945878276129324
0.30566323881340546	0.3027976910359739	0.2994212893119497	0.3041631607705765
0.310527672199675	0.3068061338454034	0.30866396585753364	0.29958971999615724
0.2790132657288932	0.27702487804649867	0.2868984873775009	0.2827977058901264
0.26640393630759057	0.2701093933995153	0.27869905786176796	0.2516800245130188
0.2636108572627482	0.26905897321091815	0.26552761215184756	0.25805093538845447
0.4415991233505943	0.44544511656269586	0.42708689645846015	0.4430368272708786
0.2494400347784979	0.2499610160342925	0.24559763681460908	0.24421805991987827
0.30255572050983065	0.3070336202806872	0.29967977220795206	0.3146985461076146
0.24050699880750692	0.23209464208934732	0.22855006790507543	0.23335068642735846
0.2642285913208107	0.2619629310898695	0.2812952174596741	0.28149311228433405
0.36166324055318627	0.3604143683746212	0.3566417512053792	0.36851279516277596
0.344261443077403	0.35085811197547623	0.3557420460218168	0.3452671494764037
0.28380492642083066	0.2816394899899169	0.2641345383017859	0.27046316337899545
0.2765015180424987	0.270768558639522	0.2706394144360764	0.2703559010282362
0.25445756102746997	0.2551445164690823	0.262799028413027	0.24744966903065907
0.26784388585614005	0.26270009181235077	0.2595560008970462	0.2575995482200168
0.327713232767662	0.33589645289252507	0.328058548684804	0.3334984288699775
0.3044168982528625	0.3047682828063024	0.30029566282681736	0.29910813097545674
0.3464288233540083	0.33682789914182315	0.35958068141260413	0.36309248944647027
0.28974075837474833	0.2908435538057612	0.29792013699358916	0.26837399348088536
0.2780057881126076	0.27726226349901983	0.27557543060405787	0.2873331294114506
0.29448483962747224	0.2832489625248618	0.28801604424716976	0.2781628839908176
0.271714158439379	0.27310036614197475	0.27913816859319307	0.292119710129874
0.29125296007852564	0.28754849900594076	0.28654349917193106	0.27727845408840107
0.3611216643821081	0.367194841748435	0.35173142363595267	0.3623820242625522
0.28883331595646927	0.2813436416170064	0.27540336830020595	0.2952335235126003
0.2809098517075114	0.27047688470813147	0.28804677204306045	0.27927591029868676
0.32749949030090053	0.3325427405880796	0.3658432498026614	0.4006568362478586
0.327254426063749	0.320263784767411	0.31678597650674784	0.3363797119676719
0.2911047247452432	0.2859719335551382	0.29351474607551903	0.2916774004760659
0.23632709433757232	0.23676967145175487	0.24697117749667163	0.2426301229510863
0.3002062071048256	0.30647521048579157	0.3049581554057476	0.29591609367836075
0.29333477149402726	0.2879752402864893	0.2895207727319918	0.28745528432176765
0.3085969945764497	0.3076438797442947	0.3056994253568028	0.3215906339217914
0.25990533723526726	0.2564027171703923	0.25987854332160043	0.2655192433324015
0.23933682146322213	0.23946239698914182	0.23654517002454892	0.23344784101469085
0.37915243457935194	0.37044330865925534	0.38919481731630295	0.35296934132718527
0.21604678626718254	0.21836756757373682	0.22609845750059043	0.22028488470074153
0.49322271458186445	0.5011099204873372	0.48790352810434134	0.5005009504740681
0.422099120907907	0.421388963712422	0.4284320107839333	0.42328673188501903
0.327189808223018	0.3309102406280121	0.3245464632471445	0.33019676188901526
0.2513832431772615	0.2551387493721269	0.24911623915350628	0.2499025242529613
0.2712199585651359	0.26985172491646287	0.26861245305778375	0.2561860554493665
0.2576224481848969	0.2533099168733113	0.26271095276228995	0.25723032178367805
0.24055433567799558	0.2470995570277201	0.2406804426441511	0.2492705232532871
0.3469300719956937	0.34381144326440766	0.34967287149510956	0.3382019881215707
0.3135297164536372	0.3112341713447603	0.30400770348990214	0.311880030533297
0.2648545412424067	0.26391869858131134	0.2639779261516326	0.2624708120137606
0.2676997477504509	0.2672546036588598	0.2689446089808646	0.2713785478076795
0.25833590044520516	0.2613597177897959	0.2690165156111603	0.254351795242269
0.3799270728779106	0.3968636516553066	0.3740493077596243	0.37921847906033035
0.2540913182718592	0.2480169273827753	0.24910190070908947	0.25825008010814926
0.28947401614167473	0.2921191487435429	0.28996951884179695	0.2790669345160693
0.4531732980906551	0.46335151789350904	0.45590930639000865	0.4702419984754692
0.240375595029535	0.2455773065107997	0.24336092396818265	0.25040014608135736
0.310838998820395	0.31130312751535644	0.3010254085500049	0.3266055215649554
0.24752265448435182	0.25051549118320376	0.24095679285096616	0.2582722495576881
0.2929079687235449	0.28456137400997106	0.27922703291343015	0.28222473009795385
0.25265972975541157	0.2565624820240604	0.25924444825511317	0.24265491616189605
0.3303015849279959	0.3404909290119589	0.30516153177243655	0.3466476902448678
0.22982118853185307	0.23016238917959403	0.22622527979882567	0.2266353917146191
0.26229186886563893	0.26726608807412183	0.25963532087151153	0.2525841365282057
0.26615234448415714	0.2639167556613593	0.27242824659027387	0.2617203279194522
0.29400796320426387	0.29368389549164486	0.3040221773341839	0.30156456369166285
0.3486082622768706	0.35162252988860687	0.3609622602813469	0.3448215542487938
0.30876689417948033	0.3132782541504058	0.31075899921198563	0.31006764928935887
0.38223200823355297	0.4010740933157078	0.39252927640860136	0.37482224328636976
0.25862662493134375	0.2551384680381984	0.25750460247457035	0.2745542655279606
0.21025066557850783	0.20839456192876338	0.2128500693068368	0.21197253608076977
0.2513553528843372	0.25170111631576314	0.2517794725006153	0.24676253456338226
0.36594940498404455	0.3647893926952628	0.3832645771564295	0.36991524033635204
0.29800520660132235	0.2879307584889165	0.3014361232264129	0.29024082273446444
0.2741704057813658	0.2716016512035702	0.281674089436079	0.2808065525829534
0.3559566787910628	0.3607675236391468	0.34277100347040035	0.3168735286840174
0.2815141980700182	0.28400179210612175	0.2795483473461975	0.26541676748505816
0.41202698186474757	0.42339961488784006	0.4197561826129027	0.41002926533062795
0.258458580032504	0.26912116845352485	0.26023594433521935	0.25909395329739443
0.20317641016118512	0.20174186804121072	0.20174425205307567	0.1916145708641664
0.2642786248222248	0.2615265279485836	0.26601767380383506	0.2612006721701348
0.3121836582368289	0.306203660688641	0.30830762751612634	0.3070829208294209
0.28003719479587125	0.2822461744482093	0.2688994476542657	0.3347168011153204
0.22717467492245474	0.2255281644795199	0.21939381681072045	0.22806045607745626
0.346215263763061	0.34468730310205714	0.35099439306817076	0.34621614315821425
0.3100558076506846	0.31041953928557625	0.31389084661168914	0.3051202342679482
0.34322791916449374	0.3355871026449206	0.3324037034642963	0.3448966442929521
0.25636057536952156	0.26098972055518	0.262103227987949	0.2530394174106918
0.3700597836246298	0.36597189465153307	0.3697239593429348	0.37065571974608125
0.4536940567713635	0.45408765200017576	0.4511414594165666	0.4337734771854862
0.2722667228214284	0.26996997787821053	0.2732320427831459	0.25715515761224095
0.33190458461086614	0.3439799744330187	0.40493670688369876	0.4008118321053633
0.3168597358852708	0.31980353132264117	0.3195636991590414	0.3029409367440073
0.40103003225780015	0.4034625041310072	0.4041959568329478	0.34468320084037307
0.27986465960015905	0.27698139590139853	0.27012845029983035	0.28205446136584555
0.24364470818272588	0.23975638080767028	0.24566289109831024	0.2459896413944778
0.24530946503298726	0.2496798495446364	0.25178433863627914	0.2565574754452778
0.3828877685377182	0.38022993860715565	0.3703170232991918	0.3546699961430399
0.2868176526478142	0.28460756460846265	0.27947749797889454	0.27213844897296174
0.3248243465684773	0.32701187534440573	0.3277554087443861	0.32872989822539134
0.28194349144398567	0.27929643417175	0.28731940335041256	0.27817027179787346
0.23454058186692728	0.23546323154970797	0.22718197040246524	0.23380995326407308
0.24071786710209755	0.2449256210416719	0.250744948500046	0.2335616352968228
0.33255795688163187	0.34130276291569384	0.3293978013604271	0.32603017369530307
0.30436036527952887	0.30189437146974296	0.301144934683429	0.3065117590725627
0.30950015858861096	0.3109558679394473	0.29297192052031645	0.2968057467349651
0.3282965974262001	0.3218567018815098	0.33279008241381897	0.3294214111010464
0.25696716221326116	0.2695928755907719	0.2760987535430427	0.26831088815326787
0.25980492598228805	0.2589949450835732	0.2575239633263769	0.2737767087105197
0.3199390531051403	0.3202969522929891	0.30801329116654785	0.3164577913946571
0.29537867200387885	0.29566246627092096	0.2934412304804808	0.29656110136429004
0.2976971299037701	0.2923417394470928	0.2973153665852299	0.30222905022624513
0.24882114470413846	0.24320226155660438	0.25019862342686217	0.25332851683480834
0.2300751578321051	0.2271126795075782	0.22099880644110687	0.22834290582449165
0.2260289314723347	0.22407812473542288	0.22955615590753833	0.22998485112656292
0.25503978399386074	0.2560203680925774	0.24387608789258677	0.25765706436252733
0.21241626878846154	0.21848981085932495	0.21927457587771348	0.21487468047264438
0.35847330206568967	0.37138127100906054	0.3558849503864242	0.34418871306994936
0.30123459495529764	0.30126844828978566	0.29772575054372485	0.2987748456985119
0.26838507499700537	0.2674931699026961	0.27086898290495526	0.26436386630650094
0.360636654646931	0.35987850798945786	0.35830057262730697	0.3625467800787432
0.25760116446571524	0.26847338144841415	0.2739565326424784	0.2832511648151066
0.2334096078576639	0.23331605491196056	0.23514404697930846	0.23343195626239002
0.28333765229669144	0.2815326080635386	0.2862109668660154	0.2987288576952887
0.258526962698064	0.25627470902638977	0.26546818317645154	0.2662699445802904
0.32269737583451696	0.3346837214109815	0.3070095543226184	0.3223482440126299
0.2895890552809901	0.2911317460373297	0.2959666375979967	0.27808873351593255
0.27094922474390765	0.2740250455605498	0.2620025719174869	0.24753729958413037
0.2656292150505694	0.26291673902370466	0.2757485812836932	0.2548629191460256
0.24344265543001609	0.24527375397233084	0.25188816354412524	0.24639186030604646
0.27030438464082385	0.2705259333215521	0.27532053721672667	0.2640824983127631
0.27622884792587793	0.2686648766668384	0.264066801972509	0.2712432427411445
0.3049054023854498	0.308902391268505	0.31349029379632465	0.31849681179352635
0.2382447254797897	0.2367004532737715	0.24345872459587461	0.23928136064602973
0.2978218558421943	0.3020850232382083	0.3118767895184985	0.29463561429740576
0.2596109552633902	0.26901390090147	0.25908340992461004	0.26378108594276267
0.2652688886235762	0.2639892427312051	0.2615229439167208	0.2645883430774742
0.3350388323395658	0.33556126260714714	0.33218855783691464	0.3135900496444927
0.27253084804111466	0.26943111723874497	0.2683806715747803	0.25427056149431476
0.24453016885061118	0.2550580476491861	0.2520611108946659	0.24016355354624858
0.31315976880478563	0.3083613651384326	0.30894905488624125	0.30780433349781156
0.2718331268776717	0.26436309813857417	0.25979105052525436	0.2793918568868882
0.3052834234824664	0.30121478477215463	0.30673253977882825	0.3114148497255228
0.2875778458966956	0.2819817343343117	0.29259631749488835	0.27834444268485803
0.24800687085829137	0.2530660643029772	0.25803378843271213	0.2775362252508955
0.27506057966030145	0.27958495745217304	0.2805683174141741	0.2737850092435447
0.26022502356981575	0.26247310672369956	0.2612603843703563	0.2710232276852539
0.25789889333119576	0.2584352486961729	0.2573352103060848	0.2569271040987529
0.2900657533142537	0.29550648852670597	0.3104079059146149	0.3120239335528605
0.3378658448193069	0.3349717134199464	0.33888447289823687	0.34963003901594897
0.3807765116786595	0.38244532920994584	0.37925464726899105	0.3763452324025368
0.25432405605580555	0.2554081513738711	0.25374770528821977	0.269679259115
0.3018743182133376	0.30447101255177655	0.3234657318895195	0.3238664093389242
0.30940862655644896	0.3180514754498301	0.32419585084219793	0.28791184383077106
0.2472520887981179	0.24354991871398848	0.23791567136389072	0.25230703373195956
0.2935617202960412	0.2858807042297134	0.2900145361672923	0.2835577795956268
0.2639229105589808	0.2642412434319037	0.26741731970087024	0.28417085921466095
0.30826252687549965	0.3074095494080149	0.30180066578534237	0.30682641915875075
0.24796089743450964	0.25088696260257454	0.24691029905655718	0.25203972849754636
0.3245963255147353	0.326153110139704	0.3145696608567896	0.3401185592782716
0.24157939055624628	0.24769855588853099	0.24478976992311563	0.2515607814989425
0.27114786354288567	0.2826787222257153	0.2651348127855768	0.27057289771662907
0.2877315649614125	0.2789666669934025	0.29795019927917443	0.28218840750294083
0.25335863156140526	0.25897653897311224	0.2656985964529866	0.28128990876073473
0.3452427989030809	0.3566375003299288	0.36679683322827855	0.3707510432970155
0.30554707115955654	0.29894088534447605	0.30684574021232663	0.29240769229617064
0.30929389249621025	0.3086192667340487	0.31722870585623486	0.3192943389249968
0.2833180469357389	0.28203538395303207	0.2877673930965936	0.2735157960635317
0.2566745077450629	0.25798414571885936	0.2685322060466982	0.25486439385253956
0.24317498742134264	0.2460802004811401	0.239477808995161	0.24018710291841933
0.25648309326217544	0.2561201409653127	0.26574132014358076	0.2584059676870249
0.22670424908475745	0.22650723028658074	0.22848555069236398	0.2224119585950556
0.31926083185784443	0.31968526220703336	0.30804967772757363	0.3153588685024899
0.2956251644522341	0.2890856549796325	0.28374606581249834	0.2877739549165673
0.30695019939899865	0.30786392852203387	0.2935513244378805	0.27977332529786614
0.27915699770445557	0.28892405502493346	0.29789093352247836	0.29264257708385455
0.31493761901991135	0.3108081836997959	0.32172840648461604	0.2904812625558357
0.28957677089928585	0.28880459897574934	0.29521638880865964	0.3054868548153797
0.2894497522441236	0.2857318511403891	0.28426110695502926	0.2885544421230716
0.2724249207270535	0.27259292135780727	0.26980306728476	0.2788521472047581
0.33220916642844234	0.3341014188906997	0.33714463490589763	0.31327372607551573
0.29264805163779595	0.281427050002846	0.288279264369645	0.26929968743256216
0.380284487475922	0.37610423754445366	0.35987310402773565	0.38487370890878736
0.3396354232178825	0.341521592898575	0.31749986653712214	0.3456187834790087
0.25338809933960493	0.26573242209851133	0.26646026907584525	0.2652270667263498
0.28544998777295666	0.28620315728954693	0.28985906918073223	0.29966681798331496
0.20669924569407683	0.20323997752541365	0.1990403275865072	0.20818792588253926
0.3676667608082806	0.37808036146840374	0.38811180304983395	0.3634054240556858
0.28443485522480527	0.2815002875416411	0.2816975756685731	0.27108869396782587
0.28467923957943325	0.2840831673894247	0.292784832835718	0.2874194859962577
0.31699886243418596	0.3176542030323273	0.31998282889454627	0.3325209046038216
0.297027982978643	0.2993322719727059	0.2949880459028338	0.2865766246727822
0.20397998618709196	0.21016643766886195	0.2125779257495711	0.22408256798203505
0.24843337604614082	0.2471799586851752	0.24608861991917405	0.24139213049903285
0.3105742254921751	0.3178408928443766	0.30881204040446386	0.29400706982554076
0.29606559957576756	0.2900468693028307	0.3019363983443828	0.32124447797865613
0.3906781486822968	0.387241880655629	0.3902488391773065	0.3635995525098906
0.2193678579931398	0.22845986081368808	0.22689013265049487	0.22076168681799843
0.32597233105316176	0.31764268466350964	0.31716342600346725	0.32285758613396515
0.3671239267009478	0.36665657260904516	0.3421729157175007	0.3415774762428842
0.25094984132807924	0.2492504178508246	0.2548773929996546	0.2528688551370515
0.3381421296496689	0.3396116791442133	0.340656700609538	0.3504842916382046
0.2689930393580231	0.2766453865134597	0.28473161387687324	0.2571123534083144
0.24896471521412966	0.24457107983615134	0.2563038740131935	0.24428209565699016
0.2842359763621447	0.2876032678301906	0.26279672509918695	0.2867228730609364
0.3896282166250934	0.3914749920399416	0.36428577228037645	0.37822271348241987
0.2616769672951948	0.26214985989370937	0.27056596183877857	0.26962638509869646
0.34262863587421055	0.33993604239552705	0.3445614439103641	0.35777309562700527
0.2969920468489613	0.2967629276239584	0.30173416922484736	0.30046254385377186
0.2951368600838581	0.30029882073583936	0.2900202511717243	0.2750125460696695
0.32238646367865104	0.3222536108364413	0.3381229739526843	0.3209599958195392
0.2942356268520936	0.29574374209195714	0.2862331342532928	0.29324845098366886
0.3830809722796988	0.37798244510502504	0.37336635381816535	0.3718413067566153
0.3400617775549757	0.33145501903008023	0.32792377122889704	0.32709090822916204
0.3541672569405608	0.3564426576017525	0.3544692787281704	0.3445220802976815
0.2491039139772158	0.25025933496731484	0.24381140988166988	0.24572549938103871
0.25072828852102086	0.26650533498204737	0.2770569306576033	0.2543785334639022
0.2519401110717877	0.25756278411072486	0.25157351017192053	0.25271127593232606
0.19983122353510882	0.20156004011609455	0.20163104163343895	0.1856816917418076
0.24866625551925606	0.25053250606660055	0.2580360348159947	0.23455154502849007
0.31223459901470657	0.30736510386146687	0.2788119224950365	0.29043560787577166
0.2810094373454505	0.2827349152419338	0.29823940922646963	0.2551814216381996
0.3925400181729709	0.39386027689879044	0.4012828394884398	0.36825575792156817
0.27225982360206835	0.2740203882108718	0.2740125232021351	0.2743478031860763
0.3216292745498657	0.31992767754314916	0.32568921425767783	0.32550944915976693
0.2930878917263071	0.2910560816928086	0.2969168752466788	0.2883365868140895
0.24410808431143416	0.2390814744441483	0.26928252170377864	0.2606430950681455
0.2598120064815847	0.2538633588281382	0.25127732312490997	0.25540510173537645
0.35044892892270696	0.35208496987404375	0.3614970942069549	0.36065303093302814
0.2670141601588574	0.2657787855497436	0.26488474812506513	0.28280969869609385
0.37874623603595786	0.37952807383314613	0.37611307166338004	0.36839196451131806
0.3717768340670692	0.3715078332337716	0.36816566837423903	0.3547384672766427
0.38283734864364105	0.37025016496741453	0.33843545701672456	0.32917967323237096
0.28916497323193735	0.2934584773332751	0.2711362691797965	0.2814761751355348
0.32912770431242583	0.33087434028108886	0.3344194973462002	0.3056244840436109
0.2698241426481275	0.27174488885003145	0.2444025182941979	0.24585712268927357
0.2568187490966649	0.2663272460600975	0.2686048796234943	0.26655278955915324
0.2691587618814254	0.2663459960939517	0.2770412315570229	0.2646572849726026
0.23986002026044315	0.23686730369318668	0.24261758920307389	0.25026159093755346
0.361775193317259	0.35955833464808984	0.355853361766435	0.36196095892001184
0.2940903058233973	0.289887853487571	0.29014905095729143	0.3061703176791639
0.28541280436219796	0.28192553472418186	0.29425586321551017	0.2924989756278249
0.26690652125707326	0.2637222847542063	0.26848370701132135	0.2682472244226279
0.3221574343194393	0.3268368873133544	0.31998460050150407	0.29028139081420695
0.21425470454760764	0.21846025968227722	0.21707452799261728	0.22213216615043552
0.2375361409833437	0.24273326086997118	0.23588867272186312	0.233933531075076
0.27405711248410014	0.2762769484579682	0.2751229484688774	0.27398478061959675
0.24607750136244066	0.23134710507012335	0.22894532710128374	0.22979536940308387
0.3280135183808445	0.3238161253475905	0.30638819237095055	0.33360047506737595
0.2504855727063965	0.24689308672746907	0.25172022812280165	0.250745510463881
0.21967088295565929	0.21991565670604218	0.22344303133033677	0.2149676099022304