0.2768058712859587	0.2848767716964039	0.30590704334473484	0.28247336924598154
0.29602551741492134	0.30066325446272585	0.29116695652704794	0.27625372652170604
0.3734594317016601	0.3608270074386335	0.3694845970714763	0.403887991699778
0.37444862758992864	0.38680756424269924	0.4049750905309033	0.37100400708280423
0.21327277875044787	0.2061609980015291	0.22544330012166983	0.2501155631542308
0.3166063002067055	0.3055729759563477	0.31149165807993373	0.338675196439902
0.2460032107692789	0.2669868951657816	0.3176156669710414	0.29848658338867884
0.33351187539879973	0.3309284215789789	0.27375387108132193	0.2998626010964736
0.363368023975631	0.3435962071487991	0.3443012804072484	0.3638500813506939
0.40898596643565316	0.39372426630379703	0.36975201833834415	0.40832366135287423
0.22522570937161643	0.22278409187783854	0.2395940024705254	0.281048779498255
0.28179635677470066	0.2807892674974154	0.311797395053788	0.32236194173991195
0.32661326477247227	0.34146295796630305	0.3514765573433987	0.24909365790531332
0.30081404486271923	0.31682023467036774	0.29273551693904465	0.32327682713154754
0.30052003989458065	0.30911784906802964	0.28287043094200953	0.2665289335006839
0.2884193530414396	0.285034122078789	0.3336328622937745	0.34092510061614884
0.2842726043134855	0.30438754322199213	0.3316531784333342	0.25338917702656805
0.2311102311298731	0.2306850345916923	0.24112402937049565	0.23908967487104799
0.27272526120152846	0.2660818662297855	0.25862051966782873	0.25673063717240174
0.32139213031485886	0.3312844389794135	0.327689624153507	0.34650736714652863
0.3159473272268745	0.32272148195030964	0.3034245086852362	0.2830418022666538
0.22345023999721786	0.2166343728654084	0.21887820099569974	0.20182066146835842
0.26494494675363767	0.2947905808789048	0.32160741108731744	0.2583001485755952
0.2695775109365066	0.2725678869346336	0.28164181615368405	0.2797048199924975
0.2677720857361579	0.26458259688173374	0.2556798690270958	0.2800941816236383
0.3210520524294301	0.3242892950736448	0.3356529428288132	0.36922927044415427
0.457581469744974	0.44140325855608903	0.43463868007114087	0.3664206101503044
0.2519845000058663	0.2542036988619069	0.2748170055370794	0.27675742906496753
0.3383569535067085	0.33105436715807846	0.3127147688517738	0.31062261792867596
0.2989177607864033	0.2876920411702413	0.2724307048640571	0.3252047878061993
0.26070045579711637	0.2658157971668689	0.2638973277971933	0.28942598028199157
0.3374228291570674	0.34065481824477806	0.30675176064616605	0.3054644276003931
0.2757328291050005	0.2602677488295831	0.24985616182076606	0.24964962518740821
0.22969640066299887	0.23247697014581442	0.2770358895654809	0.24316483858440188
0.31886403005380287	0.32923210330051605	0.3487295315045108	0.268881366856668
0.2434266829844809	0.26556270344118055	0.2821553917849035	0.25163981212686265
0.29825483737445174	0.28427648023669233	0.28135048758682707	0.2920918271886073
0.32515796818807496	0.346197909356792	0.3466057397140318	0.3817650334685893
0.26206019059032	0.26329641786103647	0.2563539337545632	0.26853233299508195
0.24020404209175367	0.24528623569841168	0.2555691427760886	0.2831154375639027
0.37622234219761497	0.34863669320416246	0.32442153854018946	0.30694092312580645
0.4399427402221058	0.46512032067627035	0.45132023369678725	0.3840392717500035
0.2831499670646215	0.27450265319948824	0.266882582663675	0.23085660242840417
0.2817811251335108	0.2880376322968682	0.2895707124877919	0.2664183343542206
0.39739396755402256	0.3618687161442103	0.3423743728004131	0.3138353862935808
0.2229511675706604	0.23305207994887542	0.2618326762877019	0.2540101472830569
0.2993656872057936	0.28098520958550705	0.2873966273008432	0.274562250258594
0.27165977962061116	0.2668424284555585	0.2701112915453946	0.29531118681283064
0.37429068661347786	0.38156896467846946	0.36938750475687016	0.35616495870789433
0.26393721549409255	0.23901809373890348	0.23342203678212473	0.22373699074620354
0.3502991318025924	0.33454327392089966	0.34337905853830164	0.3042870044808593
0.3089966729287834	0.28780214143030847	0.33391277380127576	0.2910367300616605
0.2800993778620348	0.29591336011860614	0.31758259025816415	0.3227216581573683
0.2923128658814324	0.30141795738138966	0.2802881745819745	0.28118191123342606
0.26849445584651094	0.2532091583136762	0.2566657217384542	0.22912462835641814
0.3191766443755379	0.2992365489089201	0.2645953994884476	0.30466601847502256
0.29013714822258174	0.30229419257269025	0.319985509573393	0.27660340712957554
0.2937541015804322	0.27925332086366866	0.33583272430759226	0.29671735475701744
0.3147126497925348	0.3104262539021196	0.3155267714110443	0.32226873920694277
0.33084493908823365	0.34785200351010154	0.3391661114496127	0.34824975141885595
0.3589508008163121	0.3372850934639912	0.3154069672299161	0.3085765209137531
0.3213114018618722	0.3313541091548256	0.2953006456397757	0.23906631058382988
0.28330649653084367	0.28572489840164966	0.30192074054622414	0.2913473953030963
0.31959551983987383	0.3232631333722488	0.32456303875038545	0.3151528894447908
0.25473630484444604	0.24402029545266282	0.2923861854881591	0.28852841179302774
0.361608653724656	0.37452943589085946	0.375900886255137	0.341968242118195
0.32737213723192876	0.33782008511171807	0.3479878461673792	0.3032411449372295
0.3118015679477192	0.3192566181644393	0.33712894259891546	0.4015696997195097
0.29613208318537576	0.31302755685650246	0.33430550257000136	0.31599111318903905
0.298607280141083	0.32337689417728016	0.31794190760130553	0.3965131232764503
0.3499445332051638	0.3065677639637558	0.30938773982798845	0.2894609836154729
0.24114705985240914	0.2656613178902159	0.2860871090173844	0.24669552293779046
0.2890825249075463	0.3155521887912647	0.33032334202721686	0.3417747275176931
0.3001737222801044	0.304320160361532	0.31174629567980167	0.31711641416686953
0.29257581814841915	0.29381602630425724	0.32336623127680847	0.277606891908846
0.2401917002125335	0.24470601772666808	0.2419795312793649	0.257265243935572
0.30116988316330745	0.31652204024917524	0.3374245648392374	0.3190903675081271
0.34994129625759335	0.3472510230859962	0.34128638550676504	0.3273550738639765
0.30086522522073555	0.28894544719373855	0.28427252353456833	0.2612688392290978
0.3058499504949956	0.2843459072503665	0.26564093216131296	0.27052288555560083
0.3214976760085284	0.38737985594114627	0.4042276556820339	0.3006448352091963
0.2773590646792108	0.3033828013227636	0.30252678374887504	0.26186188793160015
0.31004372431979293	0.3032680261070855	0.2565848692570983	0.30484841566101134
0.303239574122092	0.3107326813271777	0.30313865034007637	0.32320443313238373
0.3214091213951183	0.2974824642527105	0.2999644951088299	0.2833974936684771
0.33391212669146864	0.2973059898683908	0.2898894238260007	0.30597704447771806
0.2928828010457059	0.2819991503278002	0.29115855798325996	0.26079454148324305
0.2771308853574199	0.2682321269739394	0.27795902935206157	0.27088303462628427
0.2662662248263668	0.27441011080396227	0.2585284034719287	0.28937719803464906
0.24463351924745455	0.24180639427536862	0.24102031519079406	0.237295466371707
0.27436070574111177	0.27428398612790833	0.27209830318722744	0.2577976419645231
0.3113601348366447	0.3002053219245094	0.3362611448115991	0.32620127640573104
0.3414269362979669	0.3416209001319965	0.3574120810620599	0.31259187549398243
0.2682610322286977	0.27250035873866923	0.2835588929916092	0.25342352981857236
0.30100359125297044	0.342506072990828	0.30976324316948944	0.3131063414995553
0.2847784003019874	0.29215468590176724	0.29895630199837264	0.29019363430057465
0.3860543056572262	0.3802981274764291	0.30250996299089833	0.31569147686087545
0.22501421857097467	0.2231924280605086	0.2145011451523764	0.2608602074430434
0.40782452192223373	0.37495362925817727	0.36167982039009483	0.3500201795332204
0.2634298533391861	0.26497612833137096	0.2585483432847378	0.2709884888848568
0.31898102619447766	0.3070525442994855	0.25926395927572965	0.28314498654865444
0.27160242474958657	0.27692355725763534	0.2699725152520917	0.26561843728911366
0.31118361874616485	0.30340518967424357	0.30840389549007896	0.29225000382521577
0.26880060145148443	0.27438923106260815	0.2935713985274679	0.23471938294189754
0.3585082070137758	0.37088707557159833	0.3458555797321416	0.38597370848427676
0.26290599049169666	0.269796791637731	0.27707042623206973	0.3277620809698286
0.33370872700857984	0.310963602481918	0.3501042884482854	0.34237374733893094
0.32958545063754596	0.3276000448861327	0.2911216445303278	0.29700042401261345
0.3584825255014689	0.3459849784076352	0.33812028097090047	0.36141596491422096
0.3361835737366423	0.32756257958522306	0.36367812563628016	0.3526044198778884
0.2584097362376555	0.26548304515488225	0.30357366367993444	0.3470917003295028
0.31675421396830156	0.33087723566419613	0.32706955417519934	0.29984480744464065
0.2674663969022795	0.26598141234218875	0.30356662997744016	0.24763293493668795
0.2673162247626762	0.27310203012662637	0.26951101988383674	0.29273100197555885
0.2838229388558249	0.28716968716474134	0.2866156994149374	0.2619830346109805
0.2885887555058029	0.27159284908910225	0.2817190652568898	0.29601318681255556
0.27365478922488234	0.2667998851010216	0.25613321673588135	0.3140446040263586
0.24747976949824774	0.2548928038740919	0.2660068645423084	0.27358617848119277
0.3602135808643518	0.3601846809711075	0.3382315326206105	0.3379966666353856
0.27413783256967106	0.2976269247081126	0.3194435192663635	0.29906349797198556
0.2394397303014809	0.23646914818353243	0.23225141686318387	0.2605657515771828
0.31946750285608005	0.3195619090836766	0.3468501590715195	0.3399716809146991
0.32578972059782785	0.30697055938413104	0.30963721850648535	0.30354017035357295
0.31975952023673854	0.34392802740028655	0.3155163290421428	0.29577497347697584
0.3825369432923372	0.37839834630852764	0.36294159533710485	0.32780186450129606
0.25460578765500935	0.25456824086835017	0.23635806331077294	0.2819578592731031
0.3075702322622991	0.2912096351387786	0.26689869157411295	0.29350583541049
0.2752710253099447	0.2852822536065099	0.289903872360005	0.2812463631301746
0.2662046145588001	0.25360279955312676	0.28408527978669645	0.348386731364435
0.22609217635717596	0.22495183668100044	0.20422719895602165	0.2112684772650334
0.2652694198632369	0.27290922642920873	0.28053863079206454	0.25883390460627426
0.3547190585343224	0.3300696508436218	0.33803235495308326	0.36019241038814365
0.2985092617911925	0.28099387236189355	0.2737462623340879	0.2634792827763109
0.27406573821020147	0.2902924330003112	0.2979656678665732	0.28442473696776654
0.30506081487298037	0.31126019112507647	0.3213907528578671	0.32307727602888364
0.33441618800210904	0.34265178966428206	0.3414717763251197	0.41489070132787637
0.31024601792266443	0.29315647552207996	0.30034259599258895	0.23814690815393064
0.3097745886477744	0.314362577988428	0.3155878972052079	0.3353202952910364
0.2877675397557883	0.26917974673320605	0.2572830376457237	0.3330747227001426
0.30319573403972355	0.29027677347658426	0.2448568388261461	0.2638404175484429
0.366523839937331	0.3843865762719437	0.3610103479545738	0.3138939043724525
0.33877330020338386	0.3328695331721767	0.3403976634799191	0.3161074729331255
0.3359038148003116	0.3298231243870514	0.3080074742902756	0.28080136617219376
0.26057222950252623	0.2638245826837808	0.29386115376220606	0.272954212327763
0.3059541213307358	0.3200638906820174	0.332888473018264	0.34934210045350905
0.3427001377814468	0.3546005880173318	0.37314087284660263	0.3770194131549553
0.27734789384004954	0.27443369140006085	0.2645639901312908	0.2654324245035001
0.2757756915181009	0.2765638648461004	0.2805629751659882	0.25876296675131677
0.3376300293761579	0.31011033073158045	0.30277243625632	0.3004591925670525
0.3249622375701649	0.3005777577292007	0.25393830751696234	0.2696297336340234
0.3810190703258712	0.3807413388565455	0.3576996816770391	0.3661301371606692
0.2683802714183123	0.2592115409405869	0.255776483602759	0.2468294651429224
0.33284257542756934	0.3281215703472071	0.3400401495644096	0.32221477336801796
0.25328188921722883	0.24780048973811755	0.2599502042681055	0.25718047747017053
0.33329883183620723	0.3388261807492644	0.37439513963175025	0.34741752517916824
0.31961930758234924	0.3187793858669086	0.2910618621820242	0.28507076355514577
0.35205828419647006	0.3559195820393552	0.3483960317041086	0.3734193856655046
0.28160465299290355	0.2755498587117361	0.2771923966982426	0.2910808258657989
0.29703133418118854	0.3011521044587812	0.2985751349956259	0.33305000208058144
0.31150402417697715	0.33445689730123557	0.3119309623476428	0.32834074287011367
0.25659163477650015	0.2725276198459819	0.3065474706710045	0.31434013242158065
0.27378896718998735	0.29292443574779453	0.3071679301868758	0.29327317487326715
0.30636460723015935	0.2943179649506678	0.24266189401435406	0.2753353938135485
0.35112842857799914	0.43577291957574227	0.482890925612838	0.3452816234008268
0.36047493436976363	0.41066841033193874	0.376663321844965	0.4369158339420857
0.3442698783876156	0.35321979048184216	0.2789836177168462	0.2612736966831804
0.2982181595974655	0.31404463442345204	0.29180088562977724	0.31723297902147907
0.34432212579905785	0.3501439552332454	0.335193305015982	0.2988174645891972
0.32432981420584395	0.3542222742788869	0.33366574471822347	0.38128261681215353
0.24467863876415638	0.252159571750295	0.2793196497918108	0.25704215828417964
0.2970203381677631	0.30438205273479313	0.2932409800644866	0.2635056633708059
0.311352119326992	0.31420864843909063	0.2979191702748529	0.2952080447723963
0.2999771410960701	0.3083148414619435	0.28836683370144167	0.29230933159168454
0.3430975335807034	0.3444678875292152	0.4057942317272813	0.3955466131022161
0.28608679895156375	0.28843334652938235	0.255968158715411	0.27580084206358874
0.3451019858773152	0.38063649916316983	0.35939127363678297	0.27538546891198995
0.29273183870034986	0.2894365131129117	0.29695389748751	0.3058316078496641
0.3368570467188392	0.34136292664990703	0.30666490322769835	0.31326948701107993
0.3200909340218551	0.30203953689940155	0.29297015871282484	0.2957698558518827
0.3762163957449791	0.39784730331603735	0.35857512857189655	0.33885876578803314
0.33635381251760027	0.3350580376917406	0.31905286882632045	0.32491847819693376
0.25587132285528186	0.22833615007958963	0.24825881767564822	0.3217118435799564
0.32820272204610235	0.33106253686128717	0.3093020330920996	0.3333024583666651
0.2944099764425076	0.2773978943446873	0.26706542249809767	0.2756064734485473
0.2547803672404047	0.2377422507252695	0.2332559152383111	0.24722446092796913
0.3200392759010949	0.32087705732954563	0.3114828892011699	0.31242050271345506
0.27336284387655413	0.27653605060388625	0.2739626096858035	0.304359919998249
0.3415935264030587	0.33989425877033846	0.33880326614648526	0.3350234913240887
0.33611908486665804	0.3766890292547944	0.402210590685753	0.3813734222436118
0.27097589207412537	0.289484164272873	0.30315562608794183	0.2547211043722231
0.235069030745955	0.2241793505331385	0.23541853860857237	0.23762595113499888
0.3512332240110919	0.360451272799001	0.3525555790292187	0.3578776812205032
0.28341877917910463	0.2853190637577557	0.2947568773715282	0.29862074187880605
0.2213441361213095	0.22034493078285486	0.2132070215747181	0.22141946190630224
0.35953813824798886	0.3422390914568991	0.3494021842449873	0.35628250414043716
0.5393080307018813	0.5316334157297151	0.49711649190927143	0.46436910324175684
0.3633002691179608	0.37170281108659214	0.3309464259284654	0.31218466565564185
0.3024610062763167	0.308284885394667	0.2894918561070523	0.3304180881770468
0.24416753362097862	0.2523185239705601	0.2587613669485959	0.2526952107234602
0.31229676638916104	0.31599397581606137	0.3016260347683434	0.28536700750890154
0.35172109343541713	0.3536451208826334	0.3515525831420789	0.33097094983099384
0.3139309698340562	0.32601282126602177	0.3186341450241776	0.2862511894456737
0.20526696558929375	0.20582413563750732	0.21187277668655222	0.21763371567743445
0.2749835035884405	0.2734502426568671	0.2605949270188615	0.27469233806111004
0.34281174775238615	0.3469658114635667	0.37669105927867835	0.3537260245085376
0.2529757464877655	0.25062831553141257	0.2887475631726657	0.281700152616358
0.243079385953337	0.25049375403032487	0.24865815864999596	0.22849684283446298
0.2582464197149671	0.25083254495387425	0.26223897909148924	0.2723188376287363
0.27581577141554287	0.27246412018991734	0.24684387034118835	0.26686946247454674
0.2861054807898469	0.2720045404039137	0.24666543969973304	0.2683735494249093
0.35299145019016914	0.3643616893920598	0.36486179044528483	0.3543670385821032
0.3144181262412313	0.3142315368230783	0.2961062627644964	0.2825143764778992
0.2799775145314931	0.29804628995196314	0.33677202290173397	0.3550007442646311
0.3786607058847289	0.36694206409054464	0.3300048704827179	0.39655875239178784
0.26482284892401176	0.273267616027468	0.25081940274117914	0.2603301132133912
0.4509104576469218	0.43319947884253907	0.4196623016082109	0.47652526289093944
0.24504080955586685	0.2467661178924313	0.24250131592595903	0.2852880215179427
0.3346276917629096	0.3254334181725079	0.3023313663803283	0.27587029313549943
0.2689526275374281	0.2775465193177038	0.24694303883084967	0.264922896835309
0.42764747790758895	0.4001810126578354	0.3462761920033331	0.37468515801993585
0.30981206104668046	0.2743850676320611	0.31173507372113246	0.27629144299846115
0.4314796211233322	0.46138772334248607	0.4061621158529336	0.3528302318066796
0.26675869381819733	0.27279378950398653	0.2724663076063981	0.26280011096312145
0.23597487720811194	0.23779135400103865	0.23418272934656545	0.22726034959331673
0.32094649454710183	0.32703419463505057	0.27473481816812073	0.27028032053777723
0.3186773816334474	0.3165676864294867	0.30900630831395254	0.29378387780500065
0.3227833108913422	0.34367123753746476	0.31658394708245147	0.288037280480416
0.22691446493826914	0.23002202828376472	0.253869898501627	0.2334675216899575
0.30684937444903304	0.3192310464616177	0.3074564997575084	0.3316397385538031
0.2523553650051801	0.23876901389926447	0.22290578209912776	0.2678642746980437
0.3630627771569218	0.35635389017540414	0.2973353682439077	0.2939561472142999
0.35886341919232795	0.30249363666832235	0.30499461326524513	0.29056053170194573
0.27728264653484175	0.277408179207676	0.2772514729732129	0.26575184353940223
0.21850106876369121	0.2144450651478095	0.2451233112379788	0.24844505261048155
0.3103082648181476	0.30932305591779413	0.2882068870617772	0.33696117894243494
0.3063295084247361	0.31513316250763684	0.30387690252000843	0.28416277180719723
0.21321874487556122	0.218167503469974	0.237218007646794	0.2691123096636072
0.2594477009418968	0.2559564728726849	0.24612202408292552	0.2404821046255352
0.29642141416346063	0.2841511139086518	0.26138851183969813	0.2779809584552252
0.4670044424849794	0.4567204982254354	0.46257902277304963	0.41634289753616416
0.2651251616121499	0.2612671673379832	0.26817655566687115	0.3263594531225384
0.5506642346544569	0.5720752283471623	0.5667345217612856	0.5083734962910065
0.2850171835912575	0.28665872881965637	0.2515656583475588	0.274392850170325
0.24974794551452667	0.22702828988854407	0.22285863166718992	0.23900040548568358
0.35526279311197645	0.35571828374469056	0.3498776931993666	0.33973450682081274
0.30641470306659624	0.3193676918865947	0.30233872697626607	0.29670799395476327
0.3312286288666095	0.3473012491247225	0.32908861514541315	0.32857529600452773
0.26698233299527846	0.28488920239154353	0.28909740301230474	0.30601831961917825
0.2531627349314905	0.2613989054702232	0.23624500095720863	0.21882551798107436
0.34383254718315864	0.3378268626997564	0.34139859019424545	0.34736552283370736
0.25377871921503126	0.2696545436408648	0.2743399660920807	0.24752187733909836
0.25276074885768446	0.26429647703568016	0.2787575997542687	0.2985327219217694
0.3263906517410793	0.3271270423332478	0.3202349306471553	0.31317616458721276
0.3153216457899742	0.30236441867456937	0.3055360273260215	0.32093151633674094
0.2788822447138593	0.29722502174879384	0.2828409667549537	0.28658338313682785
0.333480435660816	0.3316684427554777	0.2943347096167294	0.2851261636831726
0.3117687684356686	0.3156002392410573	0.3667750208246535	0.3899832427163458
0.31890095351739445	0.32762088554132957	0.35303719685658175	0.34018729499372186
0.3351558505891502	0.2950796959615791	0.2659559380271843	0.3024196381280835
0.2691673567121964	0.24369017133037996	0.2275114494964908	0.2663858249786371
0.22024904678731508	0.22335670181861317	0.23346602042098108	0.27504596092455924
0.20410198964239132	0.20603342115758524	0.21336802375118885	0.22120477506047517
0.3676201790878719	0.34236006187974066	0.3137027199716681	0.32956904801039877
0.2447080449899081	0.25482034447238394	0.25867441654251006	0.2478325016943056
0.2650563654329194	0.2801850431649631	0.2905422649361833	0.3420544121085073
0.2536024633898298	0.2817380539200188	0.25664539738998143	0.2991557976986194
0.31622271962642706	0.31557385751909195	0.2861386338793186	0.3483004728298855
0.2719749814538222	0.2742154568984846	0.3191499125228378	0.29590394514178464
0.23568866113675188	0.2500838398820267	0.24302663536813343	0.24938548157601478
0.2652259323710797	0.2619574049260107	0.2751419449209347	0.24304746290324206
0.19885980117750085	0.19442655578125373	0.19413889910076307	0.21103648299588587
0.29563075628160346	0.28559015267422233	0.2851620685193178	0.30689008803391676
0.241385944569649	0.25792075767559286	0.2621396621800747	0.24810670087901676
0.31335394683312573	0.316300144797045	0.332259514998805	0.3126646284395763
0.280657525832151	0.2741139219747635	0.27110838093099965	0.2895237085393486
0.46099279157491624	0.47406759193755255	0.39982958204517854	0.3439329651571687
0.28913184324648	0.2899072022249189	0.2877543112976043	0.317384392916228
0.34561868901833037	0.33790599518315984	0.3236457375437444	0.27222294887051957
0.29212442028875835	0.30459452273454946	0.3074783027065114	0.24724623618381392
0.5115096320716901	0.5010550472452014	0.4548608055120996	0.4025909594192628
0.26903087258695474	0.2748456808975062	0.2684122228849465	0.2602314903288546
0.28309668599913973	0.2703429707825209	0.2920767556014812	0.2600880820878653
0.27857867576793216	0.25633879341995636	0.26765047580186946	0.2805512770996966
0.2959422894866503	0.29776074516089446	0.33758020674402667	0.2851893108493855
0.43831416784798394	0.4611591100413585	0.4438516473677153	0.3544722341355642
0.27186278178564044	0.27595055923426426	0.27396340342274667	0.27058489537464264
0.2508403568756866	0.2512218681769869	0.25864864126310094	0.2616752807841854
0.2572037670836656	0.2523311729937845	0.24848286276968282	0.260306816875452
0.34192185844748074	0.3589504912679716	0.31768811901325295	0.3782893724137362
0.32781675415344413	0.33552007713901427	0.3176743017117257	0.29584572796850284
0.3047037773879334	0.3009350640257391	0.2791080799909067	0.28328552936337836
0.26942359168090385	0.2778519616111897	0.2858020357464431	0.37059843014827465
0.26650146077568027	0.2650878913252594	0.24595620715518476	0.24006232593455698
0.23303425799017694	0.22718916144213278	0.257516187051034	0.23990580637440903
0.2746963521622485	0.27382485045528937	0.2746108817722163	0.2544596468498299
0.33369688484707455	0.3472711623003262	0.3831671090659661	0.31546101797464554
0.23306287773481835	0.2357198830991224	0.229083257118993	0.23182200846593354
0.3591397114170311	0.3288152984564434	0.3537481310350419	0.32987603303080154
0.31295447807713966	0.28021509665943634	0.295191681656684	0.3258897384670441
0.27824031141320016	0.2808082285140976	0.2552868898495394	0.2441160376866873
0.23890832664592224	0.2690173832719554	0.26474160856919843	0.23385844497177558
0.2839492695728307	0.3083709270953652	0.3394936532168744	0.3002696136076008
0.269324577766343	0.26937339912601577	0.2715147571448566	0.2663566476068902
0.3149275538220554	0.3391935244611329	0.35242093992956736	0.30797032998043455
0.30857140057338683	0.30040517647906595	0.31346330645197307	0.35093821681462295
0.35522986613631446	0.3542814677919384	0.3448199199286251	0.342925935316979
0.3561210127428438	0.3645613632337453	0.3536566003967814	0.3989564400214927
0.295965728118655	0.2801270562026263	0.2813754231779534	0.2886053536505987
0.21079781451322774	0.21207332164282777	0.20620618430502036	0.19413716840652562
0.3185784108167327	0.34172996987629906	0.35917694050327875	0.3314670444498034
0.3496836190826306	0.35367500994270806	0.3489820402242922	0.3480744523126157
0.3839459343582054	0.384561351949432	0.3435220258495644	0.35609874563159155
0.3177659249682418	0.33519463587528037	0.3165194910583056	0.30570412016733606
0.333288931381408	0.3189164376132591	0.29205851188596343	0.36960804125847413
0.3392559395865645	0.34251886765529965	0.3330919397254535	0.32141995950455793
0.41154934063555026	0.4059536397335907	0.37379347283903763	0.35954311494395763
0.28367830584050585	0.29596140314678876	0.2918424819876263	0.2737459803061478
0.3038033226162419	0.30004755300146063	0.2614964185861044	0.2484898798443422
0.35887487501030707	0.3636339631102664	0.37278139157480317	0.35334334302030035
0.2540108112621367	0.2717242443460148	0.3083957733126449	0.3303180513679823
0.28229788228573743	0.3417458171265836	0.33633149958693154	0.319848516312616
0.3585668120384846	0.3513321438444112	0.35146840712841065	0.4189051941773334
0.353701017850202	0.345059834232756	0.31067654722212257	0.326320358822718
0.3317939032169794	0.35146834383455117	0.34238277161811187	0.3355528749003581
0.30506561165167045	0.2919845303936193	0.302505192984067	0.28364409839017757
0.2553482142406907	0.25158275086926507	0.2428869905822158	0.2332172602452556
0.3174704585802915	0.3292613301301034	0.3501914604378092	0.3382940086791744
0.26355915548447145	0.2659916439044817	0.2770029409165602	0.2654269268304677
0.24636648083467266	0.24735371834314554	0.24358343591443926	0.23308008880723513
0.30894111489105724	0.2968078488431946	0.2724835219492137	0.29987915436256524
0.28135992453552666	0.2878077030683278	0.28129745244648047	0.30039968385961247
0.2695991313535614	0.3038955934401826	0.3234735625682005	0.33816805296236796
0.2550703466371217	0.2701760996905183	0.27268278678233576	0.28742344630978633
0.29986438157469364	0.28036182325073306	0.30428108237981066	0.28998401486022796
0.26803240802487827	0.26916548447803607	0.30498132947509493	0.3263496462615205
0.3350402927160607	0.331118046767726	0.34113511633906657	0.3262190632092307
0.23801660473180578	0.23290165774314966	0.25103237055123295	0.28486287837796787
0.35534482049447175	0.32996372623495734	0.364900688310527	0.35537087036558673
0.2939279638304122	0.27821854186324335	0.2563418605128702	0.3073761366469977
0.2993455436153781	0.2953348073432209	0.2970390278697092	0.29396647149388716
0.2299677728934544	0.22176282484448542	0.19985024874258647	0.23358476863541672
0.24816114573504128	0.23061541547781592	0.28478483654945647	0.2796770646894341
0.42172141989921624	0.39876672431853916	0.3412793091735288	0.32830393855594364
0.24954762655671278	0.2644388685250038	0.2849032387293558	0.26689656058153327
0.25230181106631	0.2582382847050206	0.2556077755909641	0.2682065102554357
0.27158460330886064	0.2526061652725673	0.25868234350065483	0.2482445101768909
0.22255841419727604	0.21461719550612468	0.2060512184722054	0.2279205757648748
0.2744748113986803	0.2847381082861354	0.2826916498286936	0.24741992308790622
0.36989146605014184	0.34547253586544935	0.3423587317432507	0.3491247572203442
0.29574649954008114	0.2879115615337015	0.2707639040438908	0.28004780768364124
0.24664490374676992	0.24478253652561596	0.24801314410049802	0.25194834305731373
0.2781905830195256	0.2849902884376283	0.29810203265827484	0.2674700134317321
0.2549932196633594	0.23929578233263393	0.22196312201643087	0.21624167887537227
0.28526609778839973	0.29414800607230357	0.27528146990089253	0.2637784932926731
0.2424922391489826	0.23506702684424688	0.22332223634865447	0.22599918179525597
0.3926461618693006	0.40038286768602316	0.3783016584903907	0.3177818318460333
0.3068504222426291	0.2928165619382068	0.27913318567334994	0.28995954401288615
0.356915735529774	0.35330837587953406	0.3431214520952424	0.3922803945324292
0.41430642156011716	0.40871498365365144	0.3598911883648802	0.35977211346595417
0.25352658836220293	0.26171426592508945	0.2652653820270493	0.2596682711186157
0.2905056095181768	0.3048891551478341	0.32808969538529986	0.3485501419279865
0.23094497938503936	0.26413657875798363	0.2727169568021207	0.2529838100041395
0.32202078477850304	0.3167160981059055	0.3101905906804911	0.31454110643940475
0.2593413083723038	0.2795713532525713	0.34714638511775675	0.3031833079645855
0.278047211224228	0.29091425319949377	0.2878083363105818	0.26076761604707577
0.2692567020234706	0.2677366435809003	0.2707284560737139	0.26816853589315226
0.40881178334247714	0.41679363852214396	0.3479653884368963	0.29217775579549277
0.26975103142790946	0.26579808686832695	0.2774797457936302	0.2572742503825064
0.2902901495914852	0.27257273870628057	0.27236010156723156	0.27947358362220087
0.2720663497276215	0.26664774783470774	0.2772556479830337	0.27733127063163615
0.4451160689766047	0.4369999111929926	0.4324949600674496	0.45049689838461776
0.28737695979940175	0.28828370974701595	0.2838907486811741	0.26244362825019896
0.2735540537951943	0.29384549206505783	0.33330561915883467	0.28584098886478293
0.35267309152488163	0.3339583888288525	0.34914664265752765	0.34175737539526435
0.2651672263105106	0.27724463454591947	0.2761064592069878	0.2867257353109754
0.334028880266977	0.33184760234282723	0.3383012099856377	0.3495351109550359
0.2786828557313336	0.2793901402031054	0.28322887590531165	0.3373300445710098
0.34630269741356046	0.35591535107258426	0.3519254832542791	0.355255774596526
0.3303054513696441	0.33868254173771445	0.3239388341530154	0.34149250639799006
0.3282116961828685	0.3057211783137226	0.3146657894727332	0.3139578403344708
0.2290011233083301	0.23368142053466684	0.2331191906832404	0.24918584799655014
0.32343456898164075	0.3258985641833401	0.3495432551307674	0.3167360118908761
0.2577811553941127	0.2568721885786976	0.26215283530672107	0.24221466624775576
0.3066559599309185	0.3070335076584702	0.29728355270122303	0.2626612081285428
0.31911398872248364	0.30823063176173704	0.31439390148281826	0.27743671342037995
0.24926124231363436	0.2578622024424563	0.27502736182788806	0.2368358058829703
0.3156843440723908	0.31372712434644107	0.3041366368226154	0.29458516371199556
0.23657360877718187	0.2389303176335188	0.2666867618808928	0.25234035166815194
0.30645902127439273	0.28657172902643424	0.2874804455935392	0.3036044540052742
0.2851323537830188	0.29070446598906824	0.37323633645268023	0.3049208091406887
0.41652369800785416	0.4540758100740934	0.4427580669059643	0.4312020151482225
0.28400363996479827	0.2897766725309484	0.2809531633555971	0.2620317214343446
0.35463282992222517	0.34239911017073554	0.36919093622396887	0.3475620736462303
0.27259240291060344	0.300497813764598	0.289570109181369	0.2896083457299545
0.3500300194389804	0.3227976938913638	0.33176498391832143	0.3092822916839405
0.34068439830358743	0.3437589027522715	0.38525694893776824	0.3678853516821833
0.2597634586686483	0.2600782573906174	0.23947695583372625	0.2216605389548268
0.26222273852168193	0.27211385119501713	0.2847411710947572	0.28617528860039754
0.2715874474554767	0.2682430415861822	0.25199943389570534	0.24333009938267902
0.2539079980516899	0.25741575024151137	0.2760400190151079	0.2552878636807802
0.3318676534917081	0.330175373546807	0.3873408921495928	0.42903712416210604
0.3288037604362081	0.3244332307389046	0.31778446605022453	0.2830926134496
0.3542476710378506	0.3446519922153999	0.3399718199595119	0.3012287947466931
0.2412235702711817	0.2547140813476731	0.26714178727825216	0.23460339708107592
0.26276167462799693	0.25947222606312137	0.2502821147616348	0.23167818294006187
0.2515148853133993	0.2370302667325091	0.2459864394610035	0.28552574155548255
0.2783574805639745	0.2592021024163842	0.2886010329332931	0.2779949750554146
0.21475057789044127	0.20351146358504624	0.21542413716505357	0.22366630277253044
0.3850291596902872	0.4008419761388993	0.36922478927304697	0.40950557485708305
0.26581018693399866	0.2635196296088248	0.2953740398759102	0.29629168684416907
0.24333552461971736	0.23942848216637533	0.2389406633595485	0.2513476167420018
0.27094608780173546	0.257661846928684	0.2945947894658147	0.233267810889368
0.2483819737728035	0.26050893965921773	0.26621886148312557	0.2623097779802528
0.276589970408027	0.28464408505161143	0.30802302598279335	0.3164504446969532
0.3088474190454075	0.30476188848322233	0.30404170955723747	0.28177696748671294
0.2932400191384762	0.3041251406851519	0.24702547110657377	0.2592701842322907
0.3313810695773522	0.32304945125584156	0.32489972032803993	0.3174184852215534
0.3671160760119497	0.3603124038593081	0.33461765810136646	0.3735425761041627
0.2817479585160815	0.28093120283822515	0.2787444329562644	0.30266764201543134
0.31550831504304194	0.29754534101469815	0.29886190712685445	0.25626518010940263
0.3639585261008366	0.3751162759273955	0.33973432899049416	0.27342073414246226
0.31592399622792494	0.32859250484950986	0.32989175380358776	0.3479770980857102
0.3131237056035847	0.32399777927417545	0.31232554910424454	0.2930390069552856
0.24461802983790873	0.2534886287424327	0.2602116831131105	0.27518583758194304
0.3116045676965013	0.31452715218268235	0.3236997268322418	0.35085193315045105
0.29201022084334244	0.293807200330814	0.3065649996726468	0.31482262691976354
0.22203549475135245	0.2253808575300637	0.23116278995580847	0.23619474874510465
0.4213177495909991	0.38537171613409354	0.3429138780538791	0.3195517117943019
0.2862526276427524	0.29972068101498117	0.3119631246114737	0.2994735605559082
0.24800651189253003	0.24266132658361114	0.2401526956009542	0.2165424318965513
0.2759468302456315	0.2613434815591505	0.27723688145501685	0.24059123375814848
0.24789787545191383	0.24321621824558112	0.2723303353539354	0.28261261163858464
0.40190727155413775	0.39943298064585353	0.4075301283779656	0.33472118978666565
0.3322524965646165	0.3399625674408893	0.3015809050441498	0.2585480909516039
0.2506483800945388	0.24200387149644748	0.2427323392776385	0.2553573708263964
0.30362885424047703	0.29828879953880055	0.2639319284990212	0.22566399243694069
0.22753233582188817	0.23785262207886432	0.25634438684402183	0.26484649644194996
0.237946383317472	0.22386254862369204	0.23859122639291502	0.261158050485235
0.36562782468002397	0.35103203323886933	0.3723858973158601	0.3308074992745845
0.3028246262699262	0.32437675018659523	0.2992760379929458	0.2972746318891775
0.3215947196214292	0.33104049328029067	0.3344307002400472	0.3188974006470725
0.3953490170854454	0.37949280337516184	0.34159375736354614	0.31886790265338516
0.3209804697800825	0.30652464721095685	0.2474357445414569	0.29039508470366165
0.23415296968718036	0.22747974710866534	0.2464105360140049	0.2789862201230705
0.3021262532615976	0.28968751065642656	0.32620259045603867	0.3082976241888018
0.2167033733996813	0.22151032045316502	0.2241164812845958	0.2114440696123401
0.23011728532042963	0.23218796969297986	0.23392776462940085	0.25680843946100657
0.364413377991372	0.3572800778654013	0.3685726041914133	0.39018313422151135
0.27124996212472563	0.26120560080294636	0.26623078218504465	0.2712899627133585
0.24806384527912692	0.24682654670336507	0.27651558206533855	0.2990946630238193
0.33445878693322173	0.3344466829986979	0.30507352267347054	0.2717085662870915
0.36753785856488064	0.3807226619642221	0.3851290324592204	0.35418355285956454
0.33015721906152484	0.35397415216942324	0.3261877051298582	0.40285061065633715
0.28742969175223804	0.282975091377514	0.26970803312941183	0.29390010391348115
0.2953363556096667	0.32494380448773963	0.34386820797600387	0.2761538329510383
0.23681935566716603	0.23803954303069616	0.2517267230145183	0.2649143457919507
0.33215322042383416	0.30665717308290674	0.33749499671751604	0.34648463971007554
0.3563716074261374	0.3536808307592333	0.33817187948313393	0.3226527369659286
0.3314162561133091	0.31986899773975613	0.3007530811863057	0.27044076491821895
0.325805207239996	0.31672753639230145	0.31834929856641264	0.3047742012048469
0.30187250606828603	0.31131164804340444	0.2768578824067761	0.28031037292280164
0.3756168093901696	0.3966212419410385	0.4472659388390718	0.379927184795928
0.2937553604203444	0.28359999398947605	0.3154864817887406	0.32577387840586014
0.30705542089401944	0.33747851889307745	0.33785307029122996	0.307300898462042
0.4105390796480681	0.3906187656470748	0.40243533384524555	0.420839127200286
0.2826198719362202	0.3171502036421993	0.36714588657174807	0.32306233101113013
0.2200319060455011	0.21440726477336502	0.22718964093050556	0.2527238255614442
0.28754137770673976	0.3098822313205588	0.31318838558435513	0.2719503054828955
0.3539644676928348	0.30493588884880024	0.3438115484080933	0.32325444603030984
0.28593277870639	0.295321377904359	0.31227437247952927	0.3480294791794363
0.29037466467127265	0.2685003220226074	0.2564839893687262	0.28565180833053766
0.28281572316263454	0.27485922574861826	0.2599190237935716	0.2483979374953728
0.3154606852787161	0.3418384454615977	0.3334872769565809	0.2569713627400647
0.25394094253978183	0.25701652362553506	0.24706184466138603	0.24925755439413078
0.2756543953267595	0.27841012814290333	0.2795810615930947	0.27536077437938583
0.21619368486346055	0.21051289721035826	0.25135848329740146	0.2539724407030729
0.3057370038135116	0.32100987524506286	0.3057775192159386	0.3282022077478336
0.28886121988972374	0.2917813818652133	0.38413203498025006	0.3296188584984509
0.256997510101164	0.24206660250270107	0.21515195790838043	0.2160722151765082
0.30985036227105245	0.31385025310271275	0.3117421633343845	0.33433950315672045
0.2547388306639639	0.2420540174715581	0.272577767682293	0.274035802396711
0.25420253727274317	0.2508147010169594	0.2642816435965041	0.26563929210691356
0.3384303147737665	0.34672442645229246	0.2994039856564385	0.2654799772038864
0.2937691754707532	0.29825085834086257	0.28548098344449857	0.2841522869051339
0.43729821848322753	0.4043207576303901	0.3817392980887721	0.39024756521708776
0.3057337917552964	0.34025186528000034	0.3139689779519631	0.3023984669646356
0.270212347231077	0.26059806556759874	0.2682923861575713	0.25528915813724834
0.27106604073918844	0.2771657724294678	0.30646929565584846	0.32143572999857606
0.2657484253451247	0.2922333903225501	0.31151922225650935	0.35361907105043866
0.330764330908823	0.31469409820748556	0.25481962938367886	0.26432879301508666
0.47905921333333823	0.49671836192755703	0.4552605648956856	0.44816288238418694
0.2442468964666657	0.2366901122241722	0.2572837215694642	0.2615019468138202
0.2788848362977628	0.28414176313915634	0.2820145433979727	0.31143501188731915
0.2974503781561914	0.3035793679906714	0.3531179695880774	0.3268591858123064
0.2841885934213878	0.28834853934965066	0.29190851621029	0.2861591811411214
0.30220078293347624	0.29780525506878214	0.2778602652945541	0.2757926183830392
0.31840551292507113	0.28355172816676266	0.26612170702312177	0.29755442355527695
0.27484496293005967	0.2811593450189876	0.26499049476200526	0.29248770035512694
0.3798551076788432	0.3739750684354193	0.35944726382622477	0.3157799552826326
0.36140315957798164	0.35864543472084426	0.3887324064547332	0.3594162253746332
0.3447095025224821	0.35763836904082025	0.34474347987723986	0.33082692228641997
0.27689969145192145	0.25749085827024765	0.2583972837465033	0.29106258014879577
0.24175820629314834	0.23518980392771657	0.2419524152804109	0.2613861744413025
0.337598568799598	0.34232313905786893	0.31115656898938193	0.26717223267751156
0.288796968030551	0.2785304647148841	0.33116703149605675	0.3645508888901064
0.21814194199667233	0.21520793774269936	0.21077108248911522	0.21754830022686744
0.3019972194510308	0.2898924645417633	0.24864132128132888	0.32149526290180713
0.21848901294559164	0.22224366626777717	0.2039085367122919	0.23725756385834176
0.2287062764791746	0.22330035447515043	0.21595149804923006	0.23588201837054198
0.2832029984310253	0.27389513937803095	0.27756874158417105	0.2886163188762367
0.29515934133317995	0.29351451069416007	0.31283195281046655	0.3443080520059699
0.3559535265346552	0.30232448729329575	0.2965928950939357	0.2699500003210591
0.38922026184744607	0.3805967574159629	0.3740447578096039	0.38431783730195107
0.32996024506010774	0.34427239699425755	0.3440833838447198	0.3152228510696642
0.29684847045365614	0.3037878637417782	0.31080562538480466	0.34280969014327023
0.2539478131815289	0.24924754413961991	0.26490106555934106	0.2618111421507444
0.2488901755691621	0.23102399859245543	0.2355411297546746	0.24367914160470286
0.32879440559515133	0.3235960906432534	0.30606421292810254	0.2543958953311409
0.30605513761598724	0.3117599836556333	0.3275991051162712	0.2941374019610477
0.29986263509863764	0.30190356458123146	0.2637218374724704	0.28380117710985464
0.27879141163558896	0.27059545372814864	0.24863172729154326	0.23664509453159552
0.339863149836879	0.3406984652584589	0.3237659569368484	0.3176731608451346
0.27177826496232393	0.2789951544900249	0.26867525492623945	0.2246668492522496
0.24733665622845408	0.2430541623734414	0.2490143706973603	0.2250683545425437
0.29336640097316585	0.303678729661403	0.29796918383431914	0.29071395953375356
0.3466085143213722	0.3556080996352519	0.3703193125173709	0.37678086203275446
0.2851570801532557	0.2780883350972824	0.28032272931836605	0.3029608749922454
0.3267908445671865	0.3206635671365343	0.3197657627464367	0.36316970827614664
0.23616133908556353	0.24414653005691325	0.25574921311271553	0.261838045705194
0.25460989149125957	0.26650982044330196	0.2667149934163016	0.27456279077313234
0.2500363991528585	0.268525232145038	0.28262030158468043	0.26252107583636825
0.3385199017804906	0.31043680533882567	0.3277241708871166	0.34899421809810605
0.3248117800927626	0.34317504944623733	0.3501780959918984	0.3500809171544588
0.31086798995833653	0.3139470841195508	0.2869297594076549	0.2744383683593237
0.3014536851825688	0.31087349623440436	0.34771607968870644	0.3442852224902529
0.23227745274470193	0.24118466094694327	0.30357594260676213	0.2793502797388223
0.25886831818081807	0.2703529092135418	0.28029041735034527	0.2880689651000265
0.3655610672615414	0.3761942486761676	0.31741596241001185	0.34992797286655
0.31139182103046326	0.29957174818954646	0.2670147192424256	0.3078558577599189
0.294828800377741	0.30979088864587195	0.3447580484472144	0.3071404466730421
0.30302782699882497	0.2662320776068683	0.28782388182437696	0.33965401307707493
0.32532295911788994	0.32938261424641896	0.3323552344062727	0.3237340115811326
0.27942599185767303	0.26981919787413566	0.30774998554446453	0.3270501168280286
0.27062637533904016	0.26469836682147824	0.26878142919722936	0.3003017996176114
0.3585479901799413	0.3105672118613248	0.30176703472834393	0.365389110756115
0.2797934508249019	0.2711490211580105	0.26130023339417413	0.24266781023265613
0.3162620042898179	0.2895142512478344	0.2975399471583667	0.3189978512444914
0.27922828585031956	0.24861973664891193	0.26907358574789036	0.2625339882141864
0.26478893873901654	0.2946967225760896	0.3152214165915429	0.32640306699236254
0.2991187393420596	0.27921987205499676	0.26920198426257635	0.2853586399813263
0.30385462244468414	0.3004451718945186	0.288339628960557	0.32941194642679206
0.2908226302611113	0.2913526426732097	0.27772068578391107	0.26636322068522456
0.4588481662147871	0.45392583164724293	0.4255411214629758	0.4759310551199079
0.3875612819844652	0.39726091041815736	0.41660725525730335	0.41948105933445123
0.2921660630861463	0.24896199434335686	0.28471792414065306	0.2923170491236671
0.24211019667562184	0.26180009493143713	0.26531310922857193	0.30153516282984905
0.25857843872839636	0.2542297559402057	0.2675440958086885	0.2561668528444057
0.3410053185638318	0.3642736914829633	0.34355519805710316	0.3520651225779112
0.3508026283790644	0.33317891695052004	0.33740509891242304	0.3537766061599532
0.30719954935654054	0.3164256388888356	0.33861213532936585	0.3227838199419785
0.3058594806093382	0.29284577672936524	0.24997912427522162	0.2302120728912728
0.3202583958026076	0.3065920239105406	0.2671499571019453	0.2752172733074917
0.2993579913968418	0.2872755661122298	0.28083202592796225	0.2550631036174243
0.35904279437276615	0.3640028214441969	0.40534223943389486	0.27345225399800516
0.20750190968058718	0.21558618582546402	0.2249933519667199	0.2360453297192592
0.41171282750258603	0.41144853560874095	0.40053647109762713	0.38329462032441824
0.2663554775993953	0.2596762955080551	0.2570580936795042	0.2691499073021493
0.26073860070686183	0.26249605964000744	0.279301024192579	0.27715489817207795
0.27442914822952585	0.27362681618201873	0.26495618577950497	0.28452942383338764
0.34057887755857497	0.35468490582132506	0.3539383291289936	0.303233475387603
0.31019429242161295	0.32368705312609375	0.3361518824688534	0.31547477866822987
0.30316960085940803	0.30688356253874005	0.3047683323493472	0.26693381506902225
0.23340023845110663	0.23279119980584267	0.22287124311380718	0.23815022456133503
0.22562708153901068	0.22237267214737394	0.2196994805997834	0.21652550774552082
0.30003707716666017	0.298787777904117	0.2920031373076106	0.3087106347965209
0.2361058336733306	0.23728416131100163	0.22615377248309523	0.23760514341192515
0.28893250489738237	0.2857498776016794	0.2884474694035115	0.28014065497958196
0.30678734218151454	0.29440378217040436	0.29412155202816453	0.3846483359042999
0.3025682206106811	0.3080808582535379	0.2837468026767377	0.34372595829620795
0.2804084403166679	0.27858258536990993	0.2647020770280802	0.2612104488943165
0.27300972115181826	0.29244989177792663	0.3073794652960398	0.32128183457359
0.38126173685158726	0.38185136159650424	0.3515272713566151	0.3293333346496327
0.2815967267222479	0.27338945014541116	0.2477288590708942	0.24898698387210896
0.2964201105260151	0.29285877115179054	0.24899579324116358	0.28376078031444146
0.3497760351184777	0.3731178196656689	0.39377050785988493	0.3418422264834895
0.3378426060583743	0.3311592467427261	0.3296261866790881	0.3423080767110201
0.28806941550534576	0.33350345126522374	0.3497804269396613	0.33790479339131424
0.21563702620822647	0.21716168787078058	0.21526531712072186	0.24136698671720297
0.31322081849956335	0.31295762276566935	0.30637391882598	0.2916194392141532
0.2230302450938958	0.22705473842015286	0.2242340897879609	0.24954761668896386
0.27676983891098134	0.26900165810351945	0.25792454158919653	0.2292478886443505
0.29556762327149017	0.29601857573040574	0.3262007103328718	0.31825570365108047
0.3069440938734698	0.2954442982638946	0.2951331454334362	0.3357373293476716
0.27422068072691136	0.27362435446695943	0.25278028719496043	0.25271079247694667
0.3074011376164738	0.31727729234147717	0.3212746078636674	0.32204073585129817
0.3324324579973414	0.3240029238624626	0.34758379944888973	0.3048903095558178
0.48141223333766286	0.4782719536161374	0.47041810657963434	0.35270988402595416
0.2844082777885692	0.27142293740186046	0.26427473704586235	0.34410475504860577
0.41614111167728823	0.3967766430506174	0.4119233984017369	0.4021269078161781
0.2708923970893678	0.2802177586801212	0.26194906232535425	0.2929222280828787
0.3861275416350305	0.39528311572901076	0.3937417008207646	0.4176134054937701
0.29892753252263776	0.2738329825739054	0.2755531613054816	0.2829266900906298
0.26654963345916316	0.24749565893007341	0.30038925275391	0.26237623782793035
0.22855365195558053	0.20135128505379382	0.21965443534426896	0.2258111184670912
0.26500484657034185	0.2669326956783129	0.25154890237569816	0.27268014059311546
0.3835034572161843	0.39005826474043603	0.38470439670049783	0.30764829184819187
0.297981984036627	0.2952029442444259	0.3162541061436748	0.35964269774571844
0.30930302423300765	0.3176840120771045	0.3278563634757601	0.28704910130639333
0.45409563616220444	0.4462334130066691	0.439655492186156	0.43261064107915415
0.2718283184554629	0.25547794450724587	0.29190817395351054	0.28302735116042677
0.25716586358085536	0.2847381093652845	0.305748122824265	0.25650453755806235
0.28363823079142403	0.31388916449032084	0.3236903468803742	0.2875479030064093
0.25366537731141553	0.2622140678339684	0.24873476283437265	0.2659046274166957
0.3423627747653838	0.36451063349241025	0.28220755360668953	0.26884228404052857
0.23214761804730658	0.26729271109010394	0.27606079684083357	0.2445842655893927
0.3328931738810537	0.33732042268393	0.3285821567593588	0.3170806598791388
0.3428042015008891	0.37524791704906707	0.3550402778789524	0.424692275168731
0.2984922194068158	0.3005372701364328	0.2670336439722548	0.29187305958965754
0.2622130229014332	0.26471550647802133	0.2526210172710925	0.2354221718833781
0.31592055066656216	0.3072380577249433	0.3009116837810972	0.2946149434885665
0.267142846829715	0.2604382964859069	0.25449568651332466	0.2630672873683061
0.300562903158779	0.30223755959040877	0.3366627539537297	0.3039366717191649
0.2910839072371	0.28908913264724007	0.3165682785202955	0.3249290700140212
0.2864759117669894	0.30969136926865937	0.34282054660343386	0.30325591560189435
0.3302552555165898	0.31630071860049364	0.2674162894786667	0.28316076532403395
0.2645395599453385	0.2650981378497907	0.2576754357487909	0.24736926567217957
0.41880050056954904	0.42105837406867086	0.36723962264079213	0.4149057062736145
0.2995297226404951	0.27214565816389935	0.2629691515725309	0.26907372749442776
0.3096922647795659	0.28916832770484496	0.3109892967380363	0.32800255907412357
0.4266751398447325	0.4040084903463943	0.35035804856892616	0.35954383970312287
0.31460239789547695	0.2862341202653016	0.2637806210203551	0.2814763283166868
0.2907018132222932	0.31609059478669727	0.30694808809714735	0.30018642440924537
0.2579369220346452	0.2535310370013439	0.2868365815681206	0.30231132739333283
0.21561184857158536	0.215452162634787	0.21348651178261702	0.2065966855675118
0.2561163344535773	0.25416409651742755	0.2587872651280225	0.2745080456388275
0.2560966273700467	0.2658742862377966	0.2627845110813821	0.21584537382771304
0.27188992169934406	0.26063532918587357	0.2754435276033757	0.28520784808991423
0.3855957285297777	0.3741123666552488	0.33910832671173136	0.3466667959085896
0.3160633043026519	0.2780104576207316	0.33032959391734346	0.3372737297027758
0.30603431507279644	0.3156519387837274	0.3264135365146923	0.2961710746741206
0.27080326994990084	0.24860887748113605	0.2910200570661488	0.3343598068714734
0.4120952530547471	0.3948372277889308	0.35954696670854375	0.3676103614138387
0.3474125105506147	0.34468077954324633	0.35927558834679646	0.3270253595321399
0.26803355931747547	0.26773630122963143	0.28818100989612233	0.25755661522462875
0.2908420360583644	0.29478593055478114	0.290312892227351	0.2583370249002313
0.3359301693504138	0.3344576069998018	0.36306276384680214	0.32759285083446354
0.414785286480031	0.40215280917758384	0.4005271055101324	0.3598140699833714
0.2839355856036546	0.2896707700851425	0.32465734941065727	0.2982356527343636
0.34224677429532024	0.35285736945893603	0.32998107899889123	0.3565327495731939
0.3142977998249006	0.2949154600713657	0.3239811467752318	0.35093079524241283
0.2569619815092127	0.26242337787072323	0.26754642810448076	0.24259373616928576
0.27551131463902895	0.2703421197712019	0.2441171447171284	0.2828542538468444
0.3273711951261075	0.34081401874759765	0.3272498559284926	0.32256057211840894
0.2946798007331581	0.2872072040663658	0.309328229800646	0.2989791008522074
0.3169105951713084	0.30031793454332045	0.29535877995451126	0.27986549795332144
0.29977616592143164	0.29317625850479945	0.3119245190770986	0.3193966665788316
0.43504795654314465	0.43630505653523716	0.44004726793152593	0.4412117673831414
0.2886293182549334	0.2827542616698103	0.3127706882827677	0.3104163795219935
0.2677358096304737	0.29390643131329686	0.28935980365985087	0.23939004295684085
0.34666021484797643	0.34951855469548243	0.32585725124597753	0.3468003170810617
0.3412479715783763	0.3516856672788787	0.3343114876834348	0.3191238949232747
0.3096978848260991	0.31438869943348613	0.2947021226410301	0.33881598608240526
0.27904941808333195	0.2982683230386222	0.30417177632463305	0.25439903841217
0.3937966191853645	0.3863227097131374	0.3440306829650527	0.3338377933088708
0.27015040554539205	0.2704767818181913	0.2527201178988851	0.27036825159153083
0.287563537582647	0.27599659917335595	0.29176729716138355	0.3161564250033499
0.32257845682591796	0.32000374801515663	0.3443383270115343	0.3603334129010516
0.28094386619308986	0.2700180129685675	0.27628357630153366	0.24889776907253006
0.2583828621344306	0.2602229627430613	0.2581341720147544	0.262408897734071
0.2546041399940801	0.2653385916142941	0.2787809845683299	0.2500551961508358
0.3046664042137079	0.2919556052444578	0.3091471608931728	0.30180038409699306
0.2620076810562069	0.28741952196803916	0.31527525562598485	0.24496727761326903
0.2520735747238968	0.2703121552076358	0.2658271952874705	0.2945114617629768
0.29918627854730123	0.3008205603956756	0.3129150737752474	0.2481551399422229
0.23547953879176997	0.23896185992465072	0.24378210689388471	0.23278242888822084
0.3330758055373646	0.3277889882330831	0.28632849785722575	0.3233456834162569
0.28078138168191064	0.2761640998606894	0.2619256829892221	0.2920826341749888
0.2746043327138796	0.2538391873117526	0.2168693312774095	0.29191442051770117
0.2342440972552028	0.2429099896764021	0.25448354838832266	0.2282557797985834
0.22064327353979735	0.22546592909246316	0.22610842265554815	0.26553880468706687
0.26724364031881376	0.25927172421008515	0.24901116919144894	0.2907442287982277
0.2975525560808806	0.30928015910272383	0.32787382323196007	0.39102004807206675
0.2953842260918468	0.29209558614464115	0.3344812676138338	0.33789172118343724
0.26197917443431273	0.29919204024426677	0.3213806015349305	0.27364596395151347
0.3550631736196435	0.351866087907672	0.4120291046512992	0.3539206706929847
0.24206360834783913	0.24106707018696874	0.24069889950916362	0.24115282703901442
0.2684091977940736	0.2839156037950782	0.295660557614987	0.26486835941223386
0.30174703309227885	0.318147667979926	0.32981595126300833	0.29907852413900704
0.3431603664625688	0.3614723060575371	0.33653580539671	0.3312421797919327
0.2557623008673248	0.24783337237345104	0.22992164918191169	0.23429331918770635
0.3030835757524124	0.2866803831269394	0.27142281413218716	0.27474452136204325
0.31265480826086367	0.3172618329103205	0.31301055543673895	0.3431170643672163
0.23701524054780107	0.2305875877101545	0.23262034115044578	0.22352819823919223
0.31900274764305103	0.31435189930279717	0.29142970168900734	0.28343515849191037
0.2692645724933576	0.26528232029802057	0.2593890518124528	0.26928786681221395
0.29185312864741636	0.30484379949345747	0.3043695585515829	0.277504888383495
0.30680192783362664	0.33017224266548423	0.36907462361220666	0.3357760741179212
0.25817749300898485	0.24678346072781118	0.25330893229641505	0.2666404023557093
0.26556394366103203	0.277960346065509	0.32653103007727186	0.2886871543155559
0.3845017683425969	0.3778318352291786	0.40842226792571085	0.3783216084303363
0.28532942237281156	0.31166457444050194	0.3131265890612888	0.27259487384494235
0.4329327818092135	0.43951236622966683	0.3885340818265662	0.3689380080749462
0.2259356493689649	0.23622568286551754	0.23265629745774702	0.2380698371403828
0.3103339419062569	0.28941045928097137	0.3008146081919573	0.28830943745223553
0.33450628049776876	0.33446155405617317	0.3141798667033686	0.29594695485600103
0.3144085591203951	0.2881442999018826	0.2840290785620311	0.3116870997366751
0.2760489133940406	0.27048116240873193	0.2691225942652937	0.24263405481678654
0.3136712466836529	0.30664882224223017	0.29624377921446726	0.2988320815741234
0.33875300513080603	0.3065752388785631	0.29420148184181283	0.36545277721426467
0.26314986846639016	0.27392804724589587	0.30140927441326104	0.25688943390957986
0.31368679309615355	0.3251329295287947	0.2941267433778996	0.2753148641117523
0.2915693554161108	0.2605763602250307	0.2830496560732966	0.35513140989554426
0.23989166841740356	0.2522195374357644	0.24793557101442393	0.29088270425830365
0.2472444271772449	0.2558326157867977	0.2585673400986574	0.22902003283650507
0.28068647176864	0.3043633866870673	0.2850435821538828	0.2799577076716597
0.25387889208622605	0.2582937800255073	0.26621154654964885	0.24852597438664023
0.3848141296501034	0.37510403916081936	0.33141874627497003	0.3013572717588745
0.3422645321849218	0.3300453736375119	0.34133857044150345	0.33970927441797577
0.282550038641638	0.27887267839939844	0.2757284580723918	0.2837524468368106
0.2377253660177224	0.24075264193513862	0.23341905340677438	0.27018908456068264
0.29046680574161193	0.30416571294914097	0.28142559631400355	0.3262760967859009
0.2600101017823212	0.2594368635056232	0.293761343657735	0.26662360586031786
0.27726276562334357	0.2969850731109294	0.28786668447228786	0.2673798541918761
0.34094426871835337	0.37222072473436557	0.35995179820775974	0.353472007784623
0.28321708566959614	0.291359347390656	0.3137752435145799	0.30057076838656904
0.29721363608076956	0.2987123536845088	0.26899384927640546	0.2686618679409443
0.23217662372444434	0.23055462616275976	0.23486950703459883	0.27138851437227623
0.2899037298737897	0.2962157459290076	0.28047055497041595	0.2641017768521645
0.2811969155997396	0.2892575958680423	0.2929738642729597	0.23173160827282951
0.2940508852800414	0.27836158068066863	0.3123554737236824	0.2999526546761219
0.2396748623501133	0.2321985588954819	0.22791399154410139	0.23379729494033344
0.4303563627993745	0.41879936050281025	0.4254219963443448	0.3707753923021061
0.29109392138671	0.3105903443066249	0.26926212635839575	0.2936228830746956
0.2765949991932798	0.2724229571598078	0.26658747874236804	0.2917901498266358
0.28491152837747086	0.2728042334682659	0.274517599020995	0.26365829376103084
0.26747961671159615	0.2770595495218573	0.2833600978593609	0.26491344995420557
0.2629273426628328	0.253874711128152	0.3004006100832649	0.3113810688165618
0.37502078379390885	0.35292631830042215	0.3315472591695294	0.27396381241778983
0.28022447395487055	0.27170588093918846	0.27201073822756583	0.28088148804850294
0.26321531498665907	0.2651701160109702	0.2689366947734461	0.27730670142028135
0.27673578474793153	0.28119232891502677	0.3004962848943591	0.29511261843812026
0.28129775658971407	0.28906426161251064	0.3398401411841097	0.34838853753269117
0.36301253810492856	0.3734560262890603	0.3308252811371537	0.3445600081310848
0.22683322128544572	0.23208771419667257	0.21209228288190082	0.2185716917855252
0.24310706027586915	0.2578630688882865	0.2342066925694534	0.2222148360491144
0.2532287919671508	0.2506533062298137	0.2378037255181873	0.24089122364324414
0.2711313788807366	0.2660993485538168	0.3352516322202645	0.34057343266735024
0.3655992164613723	0.3662822714445841	0.3530168630236142	0.29998911496170866
0.3738290478754361	0.40395383946608787	0.3719952653363345	0.3256291522749903
0.2648723766921512	0.26734862915591345	0.2509037920044718	0.28712130331564706
0.2855679583368248	0.2832327883090988	0.2525283946324835	0.25707323855704906
0.31042020575275564	0.310619523185835	0.3237570541548081	0.3545366364788508
0.2939799741856557	0.29296709191597686	0.29210769440467177	0.24960154947327812
0.2474729475231898	0.25397870847880266	0.24228351571354964	0.24698670823300478
0.3092012532561447	0.30509629293031737	0.28466438855935855	0.28738802528544805
0.30922442027448543	0.2905005470321779	0.31259550385125756	0.3127367597839799
0.36983060442260024	0.37537508051416396	0.3638873553794209	0.35141149410078465
0.30336764316492515	0.2888316836673183	0.28349334819417293	0.2566317728305696
0.35959855183524747	0.33637396255383306	0.2912636369836204	0.2830382145091788
0.2162238691180582	0.21745557942655966	0.21966024734225972	0.22149417943554783
0.3005765018079897	0.3285735600156401	0.35204809455983455	0.31161360010622047
0.2694715703352144	0.27699630619153537	0.3370067608788755	0.3326370854574101
0.28617061078516703	0.28689590338805226	0.2902937811155221	0.3087504545108167
0.2833173171042072	0.27288135996760526	0.2504816774596713	0.2427886007582736
0.27975301220716176	0.29932607315875254	0.3311456954640512	0.30395991702198705
0.33750558563171684	0.35511995203463287	0.3777604277379569	0.31424004847192916
0.2568378391725418	0.26145573612645734	0.24135830843199754	0.2775068175914694
0.40088241991458495	0.3926421913445305	0.3383114344942666	0.3071581360835117
0.28451837299312743	0.2749747337379588	0.3015938329846595	0.32634631043470014
0.4067934564982034	0.39055242709147125	0.3367333543926126	0.3732625254880324
0.3050280074997629	0.2970561753944165	0.28200429667316423	0.27132773568584234
0.24668040117575882	0.2490401405944193	0.2587088601745003	0.2561861036760549
0.3267726273122887	0.30570018452358744	0.30389840862818207	0.284071766564924
0.3326525360155991	0.30409576793577187	0.28577592604474655	0.2825738551994762
0.2725007125623533	0.2617243707704095	0.31111564156080046	0.3264732544379285
0.3591194100499446	0.35334083832847385	0.31687467985753476	0.35051733030752996
0.3038494468514219	0.286534756455335	0.2780137456785326	0.2930986873508097
0.26675014879940434	0.26414306951812305	0.2610438200919252	0.2866023165298786
0.41478179791221875	0.4291993847726779	0.4027431670451607	0.3634367855361332
0.32214612778444385	0.31997756228380575	0.2779197247986121	0.3266996976155037
0.376344163411417	0.36985406710468893	0.3864777071774321	0.41876683230348377
0.22297487957270024	0.22386352137981758	0.21712141310388328	0.20987991640523118
0.3392454846177082	0.327985981440178	0.3441472871766494	0.3073619405199452
0.29262847627995014	0.2847816919264486	0.30872687200057086	0.3191838628136074
0.2835470922408728	0.2853188445619112	0.28535519860001735	0.2651076639027356
0.2518650978416257	0.25436965787011034	0.28008559377024117	0.2846996322865466
0.28082231235603927	0.27121429150938164	0.26989141432118047	0.3182710696170685
0.3573743090836958	0.3549755325551358	0.33453767583135063	0.3427713470667652
0.26180553128216916	0.2870861069970555	0.3302484861284296	0.26491185370430537
0.40947934893453614	0.4250460853795432	0.3454652186403702	0.3805540227815381
0.3605835131374501	0.37540809524543084	0.36678733755406373	0.3689043857684017
0.34986043343394524	0.35434778722710064	0.3292734691566148	0.3588909992667865
0.2636870507262464	0.26311266716171355	0.2685156349854426	0.27313209743270517
0.302887224589698	0.2996820201400446	0.27716278455968063	0.26688948510394944
0.28912074617379824	0.26233881553930577	0.31122697744589617	0.3307249499429983
0.25271794825924193	0.2509126576389088	0.2606589536372924	0.2785491748130554
0.3241061654836929	0.31383763213429844	0.2865140435242745	0.29043578172870227
0.2925068912707554	0.29109263139943786	0.27973831104006297	0.2638692665377724
0.27131786200436986	0.2716649178963844	0.2677923805699892	0.30737386429879837
0.2903096428087376	0.2933849673366047	0.3126258125174306	0.2849724574166866
0.2574368480403132	0.2606683866484706	0.26439184135911525	0.2707809011914993
0.42912787528369317	0.4125400143832663	0.3921677009606343	0.3861749883624539
0.2368001322851428	0.23549508287771417	0.2169779990748464	0.23759012726390075
0.325114457041282	0.3419149114113332	0.29318172074633325	0.3291108072366955
0.5194984914536104	0.49940369049810907	0.4842458013347588	0.3752306206252668
0.24423341926092215	0.2454582558512954	0.2658180010519174	0.2505362845553665
0.2734191725348655	0.2644633117744659	0.2729990745882989	0.2850553470990577
0.2580640105377759	0.2533606918742309	0.268080806323672	0.21660346289947857
0.2905800788561807	0.2920988288212376	0.2948420501223768	0.2875876398566444
0.26449862921944184	0.27467307403747704	0.2533378339939344	0.27868157184456216
0.44089685078273977	0.37487094591867426	0.3299198246052479	0.31631816317469263
0.2604895395738526	0.2547483385122016	0.23948169271889513	0.23429603808746788
0.2756676832559293	0.2798557904966906	0.2811420880075473	0.2812111170464878
0.29464796486229466	0.2946665861158149	0.2836445245938857	0.28278891343661383
0.2116281438999861	0.23939716371094058	0.2826684702344244	0.30179379438448395
0.3466295302938246	0.34869637793237845	0.3288266089429994	0.3151769224794197
0.3249754063584109	0.33072090798378784	0.3152322699232246	0.34137634873085543
0.3273895920469362	0.3371003345022625	0.32667541768950903	0.37585224387992416
0.2725597429430938	0.2884230189926985	0.2585733244387636	0.24920578031772242
0.2421046374945997	0.2360337331992752	0.24264269118558493	0.22337693255144694
0.2390101998660689	0.24347632595292146	0.2444550975378851	0.24523704553025083
0.4192023317975651	0.3938155680712597	0.33864453986934634	0.30344964178652123
0.30824211345299046	0.3123740716484383	0.31827810282825586	0.25194459719949186
0.266081200439022	0.2779179611120404	0.29190572795177117	0.26188345326902246
0.3007392191845576	0.31273412483573904	0.25486483826490736	0.2502058511311675
0.26925400861606696	0.27302368104777824	0.2872075854318543	0.2743357660089538
0.3831045583944848	0.3506176152262622	0.3218713324848614	0.34155593843973797
0.3167417865711644	0.30519805975734676	0.29825734740005316	0.2803760616601639
0.18858687970441296	0.18894008512731417	0.18625735109154287	0.19427528061064137
0.2495969816030405	0.2461789141622628	0.2621713758159801	0.27325666872344107
0.31267217715528134	0.31003774375738125	0.3148557085405605	0.3260699403695821
0.3666410255046707	0.3762290476476457	0.3718554153341948	0.3892754178815071
0.2104550166722019	0.2125010728881196	0.22414593805883146	0.24333653518595552
0.2945679482533412	0.31678073772522924	0.3358957751471457	0.30626805784900046
0.3867195830794374	0.415649415353575	0.3876175738336181	0.3290832175145266
0.3548247808613759	0.3853841195213516	0.35509362925161736	0.3161711671260957
0.27452878910488193	0.26107422859229346	0.2836923608653636	0.29652643372457044
0.3438204363331508	0.34816262020810174	0.3317545061647143	0.3045672146228023
0.4164488748130351	0.42376224283992164	0.45688817670337034	0.4436750430548033
0.25709823348388605	0.25742923194345485	0.3164794888133312	0.30409461240114877
0.31342540502046395	0.3212967105479628	0.38057308904440834	0.3584702215833186
0.24496532003623003	0.24542763346604213	0.24252606038245592	0.24925718333179275
0.3517290587898446	0.3673798625857304	0.32475796116480493	0.38687455189240494
0.26858879189058343	0.2762046063874874	0.30338556243479453	0.29487104806056946
0.260492883827448	0.2557653206443225	0.2687563044982465	0.2543742249637716
0.27943032736519446	0.27586624138666566	0.27546946619104695	0.32014490257977724
0.3179257897254048	0.3103239199635312	0.3881805189949609	0.39562116378041945
0.25347104350169564	0.2540016107165346	0.2598364769512784	0.270856299193134
0.4485699948527523	0.4339388523482759	0.40722931792644274	0.39897522803098656
0.2885685384071265	0.29414056164492786	0.29772105141218846	0.3088343328858074
0.22061222451936482	0.2454096977022154	0.25527703959689174	0.25943111637960997
0.3205127554288147	0.33540113576605096	0.3610385975766311	0.39375048198149376
0.32754308167307294	0.3335057649055025	0.2977457463014212	0.30412253192596406
0.3680837311827889	0.3697843829244765	0.3603088062866449	0.33490976312287724
0.27518215118348666	0.2848918263880808	0.2621287800227021	0.2858027856689268
0.3810175887947828	0.38687997922638834	0.3776614303089867	0.32144248388293367
0.33540044805678115	0.3262616703226051	0.3229516181642582	0.32510652851145444
0.24566352808885958	0.2385988207755914	0.25376024747450004	0.2250025666388979
0.31405143543888664	0.31315612350264915	0.34431331822050876	0.28508310009446813
0.29454356951846167	0.2966688897296812	0.2959069949666293	0.29142434933998157
0.2707023097578051	0.24792392416598116	0.266566132209903	0.33040138864466645
0.24843620239921643	0.24942729595082858	0.2603425659365219	0.3021483522077865
0.2182328670534364	0.21081787165140545	0.2496069392799499	0.2761161600206897
0.259415097439092	0.2545032137582635	0.23643733360518365	0.26363257084301334
0.26975789167371433	0.2647161391991034	0.28038393627031577	0.31115113679668815
0.2391085699649499	0.24472710852913787	0.24323790122804445	0.22630882253812154
0.29495575685271874	0.27646794862502316	0.26152285216083415	0.26989836167107356
0.25889670797189657	0.2582739209717861	0.2878521373544106	0.3044685610437838
0.34065887462529554	0.3322429940381211	0.3446422874338854	0.3870318887387787
0.34149982976210164	0.3294291605561307	0.312837186970027	0.3250335682053452
0.3822228588343721	0.39128850248220154	0.33355812614244434	0.305145502187104
0.24032851395757418	0.25412352898848756	0.28206520319163897	0.2972919236398616
0.26911213360010217	0.288367122800801	0.3010419759768168	0.3433950726433588
0.2563042849794184	0.25195473534928303	0.24776408846164635	0.2546690565669584
0.3913046102271017	0.3619074911241113	0.3769233301031327	0.45149897488782403
0.3249297726943953	0.3312939683227615	0.3529033844243089	0.3167168913250021
0.2671988679701124	0.2698813763794068	0.28267854446412316	0.291437416793874
0.28165434520856736	0.28022844155280896	0.27710371397119676	0.3129433589521793
0.2846534865135297	0.27426490466795084	0.267801452237871	0.24767106098942593
0.2422459483508038	0.23093376280053274	0.2511178448500908	0.2866455275042503
0.36085365369049305	0.365926828760859	0.34904348764676313	0.287964847339406
0.3279996055684631	0.2904677826398189	0.2614288597732821	0.29982383910430693
0.23375641781886206	0.24427419670234835	0.24993201884502741	0.24927016033154087
0.3260340420252629	0.32170786546918634	0.31836638583902843	0.29471570207427616
0.2890590229333896	0.30393942802766094	0.2879296740328268	0.32129696721967754
0.2712187817260636	0.27716203688672286	0.2749009492842622	0.2520629879614467
0.28723273880892236	0.29570049442120444	0.29388695617663285	0.2852043650229372
0.24137097355732795	0.23678705629478003	0.30380142280512296	0.25602215545768026
0.29383023698576965	0.27223381574358313	0.26962556404590965	0.29091073185167743
0.3206578616839135	0.302872907703832	0.287830484200492	0.29383343271703066
0.3282501693721432	0.31551584805855565	0.36109797464429516	0.3094321710922663
0.3604689373056098	0.3570162561810418	0.3210975826451702	0.32705291675651454
0.2870939892003457	0.2759448933484523	0.27563434101989165	0.28030226479821474
0.2473811563444004	0.2395420281422183	0.24052320711920253	0.23068031964659744
0.28581611675549873	0.2931929391131945	0.2639233411810276	0.3059136629755346
0.238181520028352	0.23222495091715867	0.23148577150727737	0.2210946174408307
0.30638873658648674	0.29328872670073963	0.2799398199316172	0.3041871991602918
0.3613145897076156	0.3405946797166666	0.3292047830308961	0.2521790021152143
0.28467127726945685	0.3106787845940074	0.2683656876902182	0.33007899082037284
0.3803845375812393	0.3625366645443458	0.3263128958132269	0.3128204653458121
0.31192475924575885	0.3349331350569204	0.35115633285135167	0.2745300306323466
0.3527250131370335	0.3595334882377234	0.31779797401596055	0.31912679945600686
0.2686564164800487	0.2539838574940439	0.2957044122423337	0.3017836612899029
0.2860322679048783	0.2609438298782857	0.2593807953445221	0.26145805330467925
0.2940125840090396	0.2721637110367819	0.2511354550064241	0.25709603074745224
0.2707739989558091	0.2752020190299019	0.3041175025209366	0.2895062192582462
0.3013320785832012	0.31343123645717663	0.31108487578979277	0.3268621001183728
0.28976449409629884	0.2716947203372093	0.3108831440015247	0.3064258638683348
0.3324038509988256	0.3199305077373334	0.3172229460251604	0.3353779466305881
0.3294522943668394	0.31613257102751646	0.30869813460430473	0.2546729336914272
0.3430407105585685	0.31796840133030363	0.3329783755295358	0.35891283083410674
0.2480230886456858	0.27136223203162607	0.26664786358176756	0.266489607726615
0.24419309625550228	0.24071201364975145	0.2678545676086292	0.26340305858832336
0.28475600661638967	0.2967621927408795	0.30610886327446835	0.2626432291979667
0.25724076935545903	0.2631483566376228	0.28810477555029024	0.27167568109766765
0.3494326737335059	0.3429645284590563	0.3383195654177455	0.33602806864668566
0.2954164900268612	0.2966349287818462	0.3386261719198496	0.2853591322196184
0.2935259116672345	0.28578046428566206	0.27358700990820806	0.2880107534482318
0.26842661718547284	0.27283654923143036	0.2764050251334459	0.2877201558654901
0.25156419497676225	0.2542275989417252	0.23996874448241856	0.24807478155662416
0.3152883221502154	0.3157526029073738	0.28010011083400826	0.28042706786246036
0.3226778488140763	0.299101510915199	0.30024280771975814	0.34352416043661627
0.3474950900831283	0.342872953111667	0.27926326793227546	0.296853511787051
0.31085311436099994	0.33347018880912077	0.3216260484852205	0.2613369210756013
0.32086307654416324	0.355547212840274	0.3668767066829652	0.2924816263164056
0.2880327091299187	0.28056438417844914	0.2720869840682037	0.2936690474494267
0.31514355554061313	0.3327397198958794	0.35115321871920196	0.30343526931451514
0.34969884127154677	0.3549249808647226	0.3475182961596825	0.29590715420865454
0.32770758039658526	0.32192106971988027	0.3170163892912314	0.30155252138729804
0.29388020862041847	0.2742174713241851	0.27754027273901183	0.31355475677434136
0.37617581345314544	0.3840809479839539	0.37810750772131646	0.3423028310553072
0.339495795240138	0.33734295114518226	0.3968656394660566	0.34791952823754685
0.3186711755865007	0.31943748790156207	0.32456892760815315	0.343905638228782
0.2857847163563107	0.28922373675555557	0.3013992834897342	0.34302491164018367
0.3044942074290675	0.3036955000010881	0.3212908580861239	0.31277073723671983
0.2314428205830516	0.2263520911665207	0.22935850468833408	0.2258553665791874
0.3284941597068801	0.3250010737634136	0.28971736593421127	0.32093736820890173
0.31800524305820305	0.3212879548791194	0.3157479892349215	0.30968771479163665
0.27174009523080106	0.2677318518974773	0.2542145475753827	0.2967895151880519
0.28264504365572407	0.28934393075503495	0.2906064323113642	0.3022152405132902
0.25690079990595244	0.27372104901692756	0.27305730210148305	0.30720023269650143
0.2794726067126533	0.2792723959254203	0.2764746380298265	0.26351350299517934
0.22238379640160227	0.22210099305869455	0.22835064660809298	0.2595300516252978
0.29630467007265404	0.2946405459490649	0.2680333476380259	0.34282614204815104
0.41740933674235986	0.41324331040844653	0.3248717596202662	0.31173003697833446
0.3579522333451227	0.36721199022228573	0.39181964668495645	0.38766528143654716
0.30444784776149486	0.29952483538456537	0.2698099409046024	0.2522523092871732
0.33913830476294576	0.353185153200565	0.3428142458172125	0.335095729957028
0.2857124223802159	0.31364188052267516	0.4122611068599671	0.36958795932548355
0.2637578562031273	0.27030627649809813	0.2862595676999045	0.30069186190382846
0.3651989867771003	0.35341821772828924	0.3188746805334567	0.3344494211661431
0.23968192159849006	0.24098622669360234	0.270385707528747	0.2718738202552614
0.27740315883748645	0.29455369082572486	0.31161924888831993	0.28011979430825545
0.3066298438704426	0.3007054514761425	0.2811468031379271	0.3356532890979907
0.40117468767241554	0.42047008104148675	0.41008275174336983	0.3507163722916654
0.24922982099375215	0.2538246192311407	0.26692257691355586	0.2525180970035279
0.3289639116101421	0.3280350593971635	0.3160739621654898	0.2747780903638642
0.314752548903838	0.3038172191329786	0.3340895568819667	0.3389417330210183
0.33134243592906826	0.31904079360476156	0.3064081846913308	0.29455700183417877
0.33223835004674707	0.28365260829476163	0.29542211454106165	0.30530892972505297
0.25328972351393036	0.24017706615684434	0.2789235426512402	0.2702475916780211
0.26839744919379294	0.26361066606436595	0.2391919721876851	0.3319478491614376
0.34436421111948967	0.3376099022248461	0.3865698718079331	0.43334957851348965
0.32373968802345493	0.3354388694413581	0.34527897580242034	0.36797722898673235
0.24149598896746546	0.257073352071664	0.28256317912141715	0.3154806644763793
0.2629305388511399	0.24329992318886495	0.2669880569849505	0.2914040753018839
0.2780215172083678	0.2805997125588415	0.256899026811932	0.25458922373935805
0.22679995905035014	0.22672786253549168	0.2039746395626983	0.20809126112175785
0.25564179654056624	0.24440528965811237	0.2696251773689625	0.2739180259418215
0.35676431467713127	0.3495043632746223	0.30569378855201	0.2742354955842316
0.30327337592262393	0.3162228970196863	0.29403720624442653	0.3268964624002661
0.4461015094636733	0.4321682569114249	0.3915339174281397	0.4174965643971303
0.37828848375993	0.3776069861100115	0.35199256787952193	0.37461960227874713
0.24673501988226001	0.24814498440953253	0.26597960762685596	0.2414490347374305
0.2930333942211853	0.3089218738871869	0.3103966795636849	0.29174583536502896
0.290088642021476	0.28361112627731694	0.2560828144142878	0.2688171694056632
0.26340972708647525	0.2553387716451905	0.2849009060769314	0.2889193796115416
0.2761632334257634	0.27344547306895534	0.27079108542575403	0.2994291242797779
0.361984312447196	0.3523934952996625	0.3519712878822368	0.3148317260557269
0.3929566325177821	0.3847679336688115	0.40523821522322395	0.4374294512138531
0.2781106577161755	0.28125647978158036	0.28882355359984735	0.28207792405313326
0.37979166176469975	0.42022753158617854	0.4168891351068007	0.4558591662321328
0.3590591954368721	0.3430356352498488	0.3658980252749596	0.3514929896028409
0.27631199467042017	0.25733932197010817	0.2696152876956143	0.2823848788567927
0.2750239348354379	0.2860486175264116	0.293437307112892	0.2863888248063764
0.2706778916054687	0.2693592517310455	0.27524593580223994	0.3160806019121138
0.22397491884869497	0.22860044410807395	0.22845121105771493	0.21986941081088063
0.26034458163647234	0.2572911578340711	0.2348490792632059	0.2688910046124399
0.3563619717815626	0.3508717121560798	0.34269907351065737	0.34626644039534593
0.30434963128800147	0.31307498038914744	0.3105169215912848	0.33848768705295046
0.2649911641370705	0.2577391807378852	0.268314408768856	0.2517058771224929
0.22679965355554899	0.21892544181685183	0.24382767583424986	0.26772710488345464
0.33673722970173803	0.3150253130627876	0.3250008440877303	0.30480274057004914
0.22507584039365616	0.224812046205451	0.23242117866964615	0.22777012778675657
0.2708806366260461	0.2618725230996534	0.24385698907730358	0.2367725221811444
0.28515051777013334	0.28221875151702186	0.26972810837961103	0.26189699801120103
0.24782323216175106	0.25081024065996743	0.26072549754750496	0.2628195769305446
0.31509473077020894	0.3126807042147139	0.31645407989283175	0.2900236280415218
0.2802581858468583	0.2807087982638801	0.2892352443220924	0.29528550566076667
0.18390684733479246	0.18582004212888664	0.1859167000916326	0.1895325507135924