0.9999999999999996	0.9999999999970679	0.9999999974738146	0.9999998143801972
0.9999999999999998	0.9999999999936594	0.9999999946727709	0.9999995876150286
0.9999999999999994	0.9999999999926046	0.9999999940222319	0.99999953940425
1.	0.9999999999994108	0.9999999994271748	0.9999999488417819
0.9999999999999998	0.9999999999913702	0.9999999926963283	0.9999994382733491
0.9999999999999997	0.9999999999982845	0.9999999985977724	0.9999999092736819
0.9999999999999997	0.9999999999962628	0.9999999968304637	0.9999997537699571
1.	0.999999999999133	0.9999999992137637	0.9999999415594719
0.9999999999999998	0.9999999999978569	0.9999999982723877	0.9999998619055479
1.	0.9999999999994399	0.9999999993954585	0.9999999494934879
0.9999999999999998	0.9999999999946694	0.9999999952722518	0.9999995966950571
0.9999999999999996	0.9999999999971554	0.9999999975255933	0.9999997887987342
0.9999999999999999	0.9999999999981269	0.9999999984971613	0.9999998925880427
0.9999999999999997	0.9999999999993259	0.9999999993774001	0.9999999426795748
0.9999999999999998	0.9999999999964901	0.9999999969775903	0.9999997723822167
0.9999999999999997	0.9999999999958498	0.9999999963664133	0.9999997381693648
0.9999999999999999	0.9999999999961402	0.9999999966464577	0.9999997535700582
0.9999999999999999	0.9999999999963645	0.9999999968336987	0.9999997589309655
0.9999999999999997	0.9999999999970254	0.9999999973753009	0.9999998182116873
0.9999999999999998	0.9999999999972221	0.999999997631094	0.9999998284073232
0.9999999999999997	0.9999999999974635	0.9999999978942173	0.9999998268431687
0.9999999999999997	0.9999999999946874	0.9999999951090981	0.9999995996268907
0.9999999999999997	0.9999999999955749	0.9999999962195845	0.9999997119894474
0.9999999999999988	0.9999999999991284	0.9999999992395556	0.9999999387350067
0.9999999999999993	0.9999999999959253	0.999999996644949	0.9999997132532346
0.9999999999999997	0.9999999999970974	0.9999999975769867	0.9999998206885187
0.9999999999999998	0.9999999999967649	0.9999999972853937	0.999999796469051
1.	0.999999999996638	0.9999999970103951	0.9999997866177867
0.9999999999999998	0.9999999999989917	0.9999999991331194	0.9999999281735971
0.9999999999999998	0.999999999997453	0.9999999978423826	0.9999998461560224
0.9999999999999997	0.9999999999966954	0.9999999971636048	0.9999997670092783
0.9999999999999998	0.9999999999971428	0.9999999972805812	0.9999998012697345
0.9999999999999997	0.9999999999954918	0.9999999960602707	0.9999996863936791
0.9999999999999997	0.9999999999958668	0.9999999966220425	0.9999997500732535
0.9999999999999998	0.999999999998157	0.9999999984789314	0.9999999006688143
0.9999999999999994	0.9999999999972143	0.999999997546108	0.99999980673628
0.9999999999999993	0.9999999999984501	0.9999999985399254	0.9999998922327156
0.9999999999999997	0.9999999999977085	0.9999999979452424	0.999999845909115
0.9999999999999996	0.9999999999954744	0.9999999961863943	0.9999997058791378
0.9999999999999994	0.9999999999967122	0.9999999970499268	0.9999997506984483
0.9999999999999998	0.999999999997516	0.9999999978269211	0.9999998385692639
0.9999999999999997	0.9999999999971717	0.9999999973620379	0.999999788874758
0.9999999999999998	0.9999999999967113	0.9999999970397783	0.9999997815912497
1.	0.9999999999962459	0.9999999968702844	0.9999997639039535
0.9999999999999997	0.9999999999978774	0.9999999981452722	0.9999998648862506
0.9999999999999997	0.9999999999972672	0.9999999976848425	0.9999998278452026
0.9999999999999997	0.9999999999995542	0.9999999996210333	0.9999999598247872
0.9999999999999998	0.9999999999969128	0.9999999970810234	0.9999997627655083
0.9999999999999999	0.9999999999985058	0.9999999986929805	0.9999999052839557
0.9999999999999998	0.9999999999971639	0.9999999975461717	0.9999998134549802
0.9999999999999998	0.9999999999973878	0.999999997749145	0.9999998482364438
0.9999999999999998	0.9999999999979166	0.9999999982853007	0.9999998769004079
0.9999999999999997	0.9999999999975566	0.9999999974845203	0.9999998256296175
0.9999999999999997	0.9999999999966951	0.9999999971446626	0.9999997702953587
0.9999999999999997	0.9999999999960951	0.999999996797306	0.9999997518318281
0.9999999999999998	0.9999999999981236	0.9999999984052347	0.9999998763303275
0.9999999999999999	0.9999999999980522	0.9999999983197775	0.9999998673169018
1.	0.999999999998659	0.9999999987989735	0.9999999139459546
0.9999999999999997	0.999999999996237	0.999999996813575	0.9999997648271598
0.9999999999999993	0.999999999996194	0.999999996778025	0.99999975818883
0.9999999999999998	0.9999999999986495	0.999999998826162	0.9999998984080747
0.9999999999999998	0.9999999999988115	0.9999999990652872	0.9999999180625173
0.9999999999999997	0.9999999999972177	0.9999999975783711	0.9999998029428747
1.	0.9999999999992584	0.9999999992034866	0.9999999310247483
0.9999999999999998	0.9999999999959843	0.9999999966353565	0.999999747924313
0.9999999999999997	0.9999999999979572	0.9999999983105379	0.999999873877901
0.9999999999999996	0.999999999995574	0.9999999958689569	0.999999716197291
0.9999999999999998	0.9999999999964493	0.9999999970151295	0.9999997734188542
0.9999999999999996	0.9999999999971005	0.9999999975423146	0.999999822768641
1.	0.9999999999983201	0.9999999986389294	0.99999990260118
1.	0.9999999999985111	0.9999999987416831	0.999999904912586
0.9999999999999996	0.9999999999972058	0.9999999975838021	0.9999998193919637
0.9999999999999997	0.9999999999949614	0.9999999957473396	0.9999996782001552
1.	0.99999999999613	0.9999999966426225	0.9999997333964762
0.9999999999999998	0.9999999999969987	0.999999997571497	0.9999998137448991
0.9999999999999996	0.9999999999972505	0.9999999974789686	0.999999793401701
0.9999999999999993	0.9999999999976781	0.9999999979405717	0.9999998375947877
0.9999999999999998	0.9999999999984156	0.9999999987343194	0.9999998947383792
0.9999999999999999	0.9999999999962436	0.9999999968327891	0.9999997627364032
0.9999999999999998	0.9999999999970179	0.9999999975154807	0.9999998172599096
0.9999999999999994	0.9999999999971068	0.9999999976709395	0.9999998256794622
1.	0.9999999999975475	0.9999999981862912	0.9999998512028869
1.	0.9999999999964204	0.9999999969042557	0.9999997522871398
1.	0.9999999999967604	0.999999997423973	0.9999998096344934
0.9999999999999994	0.9999999999967952	0.9999999973450321	0.9999998020628567
0.9999999999999996	0.9999999999981171	0.999999998426639	0.9999998856810861
0.9999999999999998	0.9999999999967508	0.9999999973228095	0.9999998013001439
0.9999999999999996	0.9999999999946767	0.9999999955095064	0.9999996369270255
0.9999999999999997	0.9999999999976846	0.9999999979946588	0.9999998656733442
0.9999999999999993	0.9999999999942291	0.9999999941280382	0.9999995645995675
0.9999999999999991	0.9999999999978193	0.9999999982353132	0.9999998376739129
0.9999999999999997	0.9999999999976605	0.9999999978906772	0.9999998362559458
0.9999999999999997	0.9999999999926976	0.9999999938226936	0.9999994841007271
0.9999999999999994	0.9999999999973029	0.9999999976856238	0.9999998058987793
0.9999999999999998	0.9999999999974967	0.9999999979575747	0.9999998654200153
0.9999999999999993	0.9999999999975608	0.9999999978169244	0.9999998157605703
0.9999999999999998	0.9999999999969722	0.9999999974977574	0.9999998086331977
0.9999999999999993	0.9999999999965015	0.9999999970235136	0.9999997676203558
0.9999999999999999	0.9999999999991317	0.9999999992125613	0.9999999473859146
0.9999999999999998	0.999999999996552	0.9999999971396926	0.999999748723974
1.	0.9999999999971331	0.999999997572023	0.9999998076541747
0.9999999999999998	0.9999999999934303	0.9999999942231228	0.9999996230959024
0.9999999999999992	0.9999999999978763	0.999999997995139	0.9999998481266287
0.9999999999999996	0.9999999999933623	0.9999999941471498	0.9999995797425356
0.9999999999999999	0.9999999999971303	0.9999999975123623	0.9999998086502888
0.9999999999999993	0.9999999999926372	0.9999999937388041	0.9999994286760502
0.9999999999999999	0.9999999999972234	0.9999999977166703	0.9999998228819568
0.9999999999999996	0.9999999999978479	0.9999999983899379	0.9999998601927926
0.9999999999999998	0.999999999997978	0.9999999981974136	0.9999998754881124
0.9999999999999997	0.9999999999977894	0.9999999980741122	0.9999998676107427
0.9999999999999998	0.9999999999976715	0.9999999979371627	0.9999998562656215
0.9999999999999999	0.999999999996299	0.9999999967244056	0.9999997442398607
0.9999999999999996	0.999999999993362	0.9999999939115584	0.9999995304387838
0.9999999999999998	0.9999999999953996	0.9999999959866038	0.99999966306171
0.9999999999999998	0.9999999999950455	0.9999999957669532	0.9999997040918824
0.9999999999999994	0.9999999999957138	0.9999999963426014	0.9999997408321124
0.9999999999999996	0.9999999999942869	0.9999999949418659	0.9999995902857494
0.9999999999999999	0.9999999999966062	0.999999997085288	0.9999997966553767
0.9999999999999998	0.999999999997941	0.9999999982161549	0.9999998653898976
0.9999999999999998	0.9999999999978777	0.999999998180966	0.9999998730546144
0.9999999999999997	0.9999999999963524	0.9999999969162721	0.9999997690606612
0.9999999999999999	0.9999999999970901	0.9999999974641254	0.9999998100753134
0.9999999999999998	0.9999999999974538	0.9999999977877398	0.9999998321532756
0.9999999999999999	0.9999999999959702	0.9999999966473501	0.9999997498304185
0.9999999999999998	0.9999999999976996	0.9999999980465054	0.999999848229334
0.9999999999999997	0.9999999999956971	0.9999999961300003	0.9999996994702449
0.9999999999999997	0.9999999999956114	0.999999996198921	0.9999996710471832
0.9999999999999993	0.9999999999962849	0.9999999965108789	0.9999997309192722
0.9999999999999998	0.9999999999974061	0.9999999979741684	0.9999998324298826
0.9999999999999992	0.9999999999971354	0.9999999974651713	0.9999998026470441
0.9999999999999993	0.9999999999973826	0.9999999978912043	0.9999998391833655
0.9999999999999998	0.9999999999989898	0.9999999990272588	0.9999999370851966
0.9999999999999998	0.9999999999968836	0.9999999974916406	0.9999998045654919
0.9999999999999992	0.9999999999961953	0.9999999966997981	0.9999997269721107
0.9999999999999998	0.9999999999995299	0.9999999995282872	0.9999999626024964
1.	0.9999999999980798	0.9999999982560953	0.9999998772939297
0.9999999999999998	0.9999999999959114	0.999999996583332	0.9999997419944887
0.9999999999999997	0.9999999999965264	0.9999999971013699	0.9999997867962844
0.9999999999999998	0.9999999999977065	0.9999999981700485	0.9999998640185473
0.9999999999999998	0.9999999999972232	0.9999999978104526	0.9999998269259581
0.9999999999999997	0.9999999999972503	0.9999999976314885	0.9999998225582046
0.9999999999999998	0.9999999999961702	0.999999996735093	0.999999749603007
0.9999999999999997	0.9999999999974173	0.9999999978280634	0.9999998415061986
0.9999999999999996	0.9999999999943595	0.9999999947671189	0.9999995922267053
0.9999999999999999	0.99999999999733	0.9999999977276717	0.9999998261056015
0.9999999999999998	0.999999999997657	0.9999999980620555	0.9999998549518938
0.9999999999999998	0.9999999999941878	0.9999999950159939	0.9999995984714114
0.9999999999999998	0.9999999999966217	0.9999999971353274	0.9999997729040362
0.9999999999999997	0.9999999999973229	0.9999999977889803	0.9999998294906455
0.9999999999999996	0.9999999999983077	0.9999999986265133	0.9999999003482176
0.9999999999999998	0.9999999999987195	0.9999999988097111	0.9999999190407881
0.999999999999999	0.9999999999981467	0.9999999984922902	0.9999998619839034
0.9999999999999993	0.9999999999944745	0.9999999956394001	0.999999624038825
0.9999999999999997	0.999999999992901	0.9999999941180723	0.99999952015414
0.9999999999999997	0.9999999999950757	0.9999999957572079	0.9999996881708924
0.9999999999999994	0.999999999996833	0.9999999971255719	0.9999997749750372
0.9999999999999999	0.9999999999966129	0.999999997173869	0.9999997891095167
0.9999999999999999	0.9999999999962488	0.9999999968555379	0.9999997587177523
0.9999999999999997	0.9999999999992847	0.9999999993695621	0.9999999492650158
0.9999999999999996	0.9999999999988172	0.9999999988757564	0.9999999277635807
0.9999999999999998	0.999999999998143	0.9999999984110365	0.9999998794332562
0.9999999999999996	0.9999999999968906	0.999999997356425	0.9999997998259971
0.9999999999999997	0.9999999999965994	0.9999999970466293	0.9999997713942265
1.	0.9999999999992052	0.9999999992725693	0.9999999334541612
0.9999999999999998	0.9999999999992225	0.999999999187529	0.999999941909746
0.9999999999999999	0.9999999999978738	0.9999999981343513	0.9999998699223951
0.9999999999999997	0.9999999999982571	0.9999999987263168	0.9999998869945946
0.9999999999999996	0.9999999999978472	0.9999999982498037	0.9999998726466327
0.9999999999999998	0.9999999999978392	0.9999999982380654	0.9999998604756121
0.9999999999999998	0.9999999999970168	0.9999999975204016	0.9999998110579562
0.9999999999999996	0.9999999999968473	0.999999997184556	0.9999997842440144
0.9999999999999997	0.9999999999970175	0.9999999974770238	0.9999997802212858
0.9999999999999997	0.9999999999974152	0.9999999978743412	0.9999998402306776
1.	0.9999999999985671	0.9999999988338532	0.9999999053883385
1.	0.9999999999967578	0.9999999972965709	0.9999998047021658
0.9999999999999996	0.9999999999985404	0.9999999986469731	0.9999998941931489
1.	0.9999999999986509	0.9999999988531414	0.9999999075361495
0.9999999999999996	0.9999999999975281	0.9999999979318177	0.9999998361529198
1.	0.9999999999985215	0.9999999987096355	0.9999998995956147
0.9999999999999999	0.999999999999381	0.9999999993998032	0.999999957256345
0.9999999999999999	0.9999999999983862	0.9999999987067056	0.9999998914989064
0.9999999999999997	0.9999999999955862	0.9999999963117934	0.9999997235651935
0.9999999999999997	0.9999999999975706	0.9999999978071119	0.9999998404028995
0.9999999999999998	0.9999999999967261	0.9999999972231126	0.9999997835492778
0.9999999999999997	0.9999999999945269	0.999999995253033	0.9999996220510845
0.9999999999999998	0.999999999994087	0.9999999949004712	0.999999617265854
0.9999999999999994	0.999999999996205	0.9999999966958176	0.9999997394571835
0.9999999999999999	0.9999999999979445	0.9999999983436156	0.999999873949225
0.9999999999999998	0.9999999999978075	0.9999999981574604	0.9999998691735446
0.9999999999999997	0.999999999997241	0.9999999973861912	0.9999997937056812
0.9999999999999993	0.9999999999973553	0.9999999977929545	0.9999998029605566
0.9999999999999999	0.9999999999995036	0.9999999995081017	0.999999957588474
0.9999999999999999	0.9999999999963325	0.9999999969965657	0.9999997620562999
0.9999999999999993	0.9999999999976654	0.9999999978564249	0.9999998199486644
0.9999999999999998	0.999999999995424	0.9999999958809155	0.9999996897071998
0.9999999999999993	0.9999999999938171	0.9999999950762831	0.9999995922823554
0.9999999999999998	0.9999999999992839	0.9999999993393057	0.9999999479955464
0.9999999999999998	0.9999999999970216	0.9999999975268704	0.9999998139497907
0.9999999999999997	0.9999999999947855	0.9999999956072398	0.9999996222924342
0.9999999999999998	0.9999999999967234	0.9999999970594852	0.9999997643211873
0.9999999999999996	0.9999999999974817	0.9999999979301226	0.9999998394908625
0.9999999999999999	0.9999999999972239	0.9999999977676925	0.9999998371108335
0.9999999999999996	0.9999999999973209	0.9999999975723117	0.9999998134678637
0.9999999999999993	0.9999999999956212	0.9999999961402107	0.9999996680761277
0.9999999999999999	0.9999999999986456	0.9999999989675056	0.9999999278688462
0.9999999999999991	0.9999999999958807	0.999999996278274	0.9999997294432476
0.9999999999999999	0.9999999999961662	0.9999999968279459	0.9999997631993404
0.9999999999999997	0.9999999999968544	0.9999999971958153	0.9999997837339426
0.9999999999999997	0.9999999999964129	0.9999999969118342	0.9999997803642121
0.9999999999999997	0.9999999999969289	0.9999999973125533	0.9999997734731495
0.9999999999999998	0.9999999999969985	0.9999999974604942	0.9999998053540492
0.9999999999999993	0.9999999999947928	0.9999999953751513	0.9999996380451401
0.9999999999999999	0.9999999999976967	0.9999999980499273	0.999999861354229
0.9999999999999999	0.9999999999989783	0.9999999991176969	0.9999999171284343
0.9999999999999996	0.9999999999970227	0.9999999974438252	0.9999997848962596
0.9999999999999999	0.9999999999995658	0.9999999995267601	0.9999999569171275
0.9999999999999993	0.9999999999963873	0.9999999964836852	0.9999997207074474
0.9999999999999998	0.9999999999967942	0.9999999972898361	0.9999997808862762
1.	0.9999999999978277	0.9999999982049916	0.9999998586014253
0.9999999999999996	0.9999999999991179	0.999999999137361	0.99999994312686
0.9999999999999999	0.9999999999974637	0.999999997792699	0.9999998417593403
0.9999999999999997	0.9999999999989821	0.9999999990925416	0.9999999300177295
0.9999999999999994	0.9999999999977991	0.9999999979976312	0.999999841021549
0.9999999999999993	0.9999999999975809	0.9999999979189517	0.9999998242085014
0.9999999999999999	0.9999999999979138	0.9999999981888087	0.9999998672401536
0.9999999999999991	0.9999999999985205	0.9999999985997092	0.9999998902176929
0.9999999999999998	0.9999999999981348	0.9999999984088388	0.999999887012045
0.9999999999999998	0.9999999999963404	0.9999999969069846	0.9999997747518629
0.9999999999999998	0.9999999999978786	0.9999999982696183	0.9999998760192432
0.9999999999999993	0.9999999999976992	0.9999999978963109	0.9999998487426559
0.9999999999999998	0.9999999999977575	0.9999999981157465	0.9999998549226183
0.9999999999999998	0.999999999998703	0.9999999988746814	0.9999999121905643
1.	0.9999999999985317	0.9999999986711889	0.9999998924207365
0.9999999999999996	0.9999999999950968	0.9999999955916202	0.9999996645225513
0.9999999999999999	0.9999999999992936	0.9999999993244956	0.9999999444263543
0.9999999999999997	0.9999999999973068	0.9999999978020524	0.9999998299782359
0.9999999999999993	0.9999999999961384	0.9999999967305621	0.9999997088292147
0.9999999999999993	0.9999999999961263	0.999999996760762	0.9999997528630454
1.	0.9999999999973858	0.999999997802714	0.9999998337647693
1.	0.9999999999980039	0.9999999983347672	0.9999998726580244
0.9999999999999997	0.9999999999976249	0.9999999979212706	0.9999998443740897
0.9999999999999999	0.9999999999989726	0.9999999990702644	0.9999999265420217
0.9999999999999997	0.9999999999973664	0.9999999977757703	0.9999998303072685
0.9999999999999998	0.9999999999969759	0.9999999973941512	0.9999997941481458
0.9999999999999999	0.9999999999957163	0.9999999964172784	0.9999997226533088
0.9999999999999996	0.9999999999968098	0.9999999972187302	0.9999997706713368
0.9999999999999999	0.999999999998517	0.9999999987353965	0.9999998860813668
1.	0.9999999999968887	0.9999999972764528	0.9999997971752833
0.9999999999999997	0.9999999999973297	0.999999997512992	0.9999998231629819
0.9999999999999998	0.9999999999972606	0.999999997794723	0.9999998421537946
0.999999999999999	0.9999999999976571	0.9999999978876174	0.9999998394204928
0.9999999999999993	0.9999999999973814	0.9999999976199303	0.9999998191976714
0.9999999999999994	0.9999999999948809	0.9999999954118504	0.9999996162745104
0.9999999999999999	0.9999999999987728	0.9999999988558416	0.9999999132406445
0.9999999999999996	0.999999999995297	0.9999999960012395	0.9999996968080221
0.9999999999999999	0.9999999999955305	0.9999999962187078	0.9999997093175089
1.	0.9999999999974581	0.9999999978129476	0.9999998365518427
0.9999999999999997	0.9999999999985303	0.99999999875894	0.9999999126898875
0.9999999999999999	0.9999999999985175	0.9999999987072405	0.9999999141860691
1.	0.999999999996635	0.9999999971067581	0.9999997903611522
0.9999999999999994	0.9999999999972784	0.9999999976122517	0.9999997898098166
0.9999999999999993	0.9999999999979479	0.9999999981325531	0.9999998480909774
0.9999999999999997	0.9999999999991834	0.9999999993537582	0.9999999404940834
0.9999999999999999	0.9999999999956047	0.9999999962814063	0.9999996878336587
0.9999999999999999	0.9999999999960315	0.999999996639402	0.9999997341554049
0.9999999999999998	0.999999999999432	0.9999999994717369	0.9999999563090933
0.9999999999999996	0.9999999999972926	0.999999997762538	0.9999998331442282
0.9999999999999999	0.9999999999983502	0.9999999986899479	0.9999998862904362
0.9999999999999998	0.9999999999966805	0.9999999972329217	0.9999997957844969
0.9999999999999999	0.9999999999955762	0.9999999961325747	0.9999997132379966
0.999999999999999	0.9999999999983846	0.9999999986007614	0.9999999006509245
0.9999999999999996	0.9999999999980325	0.9999999984145829	0.9999998755933998
0.9999999999999999	0.9999999999970591	0.9999999975328516	0.999999822585407
0.9999999999999998	0.9999999999979409	0.9999999984076589	0.9999998725942867
0.9999999999999999	0.9999999999967762	0.9999999972636867	0.9999997812235245
0.9999999999999998	0.999999999998642	0.9999999987729445	0.9999998998665265
0.9999999999999999	0.9999999999973226	0.9999999976838391	0.9999998290333922
0.9999999999999999	0.999999999996496	0.9999999969365134	0.999999769073109
0.9999999999999999	0.9999999999973767	0.9999999978317347	0.9999998348569825
0.9999999999999999	0.9999999999971081	0.9999999976097096	0.9999998069795734
1.	0.9999999999978272	0.9999999980691585	0.999999861374866
1.	0.9999999999978444	0.9999999980380676	0.9999998667303719
0.9999999999999996	0.9999999999966221	0.9999999971772927	0.9999997721789289
0.9999999999999994	0.999999999992022	0.9999999925433336	0.9999994213962807
0.9999999999999998	0.9999999999975708	0.9999999980327274	0.9999998631777332
0.9999999999999996	0.9999999999970359	0.9999999971345573	0.9999997884958113
0.9999999999999996	0.9999999999936499	0.9999999946288117	0.9999995848427702
0.9999999999999993	0.9999999999981721	0.999999998180805	0.9999998809256743
0.9999999999999997	0.999999999997129	0.9999999976511506	0.9999998088416296
0.9999999999999999	0.9999999999975323	0.9999999978857727	0.9999998355868255
0.9999999999999998	0.999999999997719	0.999999998101673	0.9999998660025842
0.9999999999999998	0.9999999999958781	0.9999999963474324	0.9999997107281748
0.9999999999999998	0.9999999999957802	0.9999999964635572	0.9999997421984168
1.	0.9999999999964089	0.9999999966455844	0.9999997802850893
0.9999999999999994	0.9999999999965021	0.9999999969029335	0.9999997656742675
1.	0.9999999999984573	0.9999999986465464	0.9999999018092504
0.9999999999999994	0.999999999995851	0.9999999961982825	0.9999997057328275
1.	0.9999999999987702	0.9999999989100821	0.9999999235370612
0.9999999999999999	0.9999999999979008	0.9999999983150414	0.9999998789582522
0.9999999999999999	0.9999999999952569	0.9999999957386287	0.9999996748909019
0.9999999999999997	0.9999999999965512	0.9999999970932666	0.9999997587228439
0.9999999999999997	0.9999999999975849	0.999999997918672	0.9999998450251748
0.9999999999999997	0.999999999995262	0.9999999956910055	0.9999996729519315
0.9999999999999998	0.9999999999972342	0.999999997673835	0.9999998365749312
0.9999999999999996	0.9999999999945658	0.9999999952657281	0.9999996483290126
0.9999999999999996	0.9999999999979057	0.9999999982031761	0.9999998624964218
0.9999999999999997	0.999999999994075	0.9999999945903854	0.9999995958470124
0.9999999999999996	0.9999999999972637	0.9999999974879701	0.9999997879481299
0.999999999999999	0.9999999999989765	0.9999999991178485	0.9999999245518185
0.9999999999999999	0.999999999999438	0.9999999995133028	0.9999999611892506
0.9999999999999999	0.9999999999979188	0.9999999983521759	0.9999998735731231
0.9999999999999999	0.9999999999987788	0.9999999990863715	0.9999999170656003
0.9999999999999999	0.999999999997842	0.9999999982356883	0.9999998669617104
0.9999999999999996	0.9999999999963421	0.9999999968165822	0.9999997520391376
0.9999999999999997	0.9999999999944201	0.9999999946301783	0.9999995954489648
0.9999999999999997	0.9999999999957392	0.9999999963289414	0.9999997189050321
0.9999999999999999	0.9999999999933449	0.9999999944141027	0.9999995632915847
0.9999999999999999	0.9999999999932403	0.9999999936773561	0.9999995246076574
0.9999999999999999	0.9999999999982884	0.9999999985760544	0.9999998929669598
0.9999999999999997	0.9999999999958712	0.999999996426964	0.9999997278112601
0.9999999999999999	0.9999999999965562	0.9999999971326997	0.9999997836967829
0.9999999999999998	0.9999999999986965	0.9999999989382145	0.9999999029723855
0.9999999999999999	0.9999999999982061	0.9999999984782398	0.9999998913029062
0.9999999999999998	0.999999999995931	0.9999999965605444	0.9999997191495023
0.9999999999999997	0.9999999999946272	0.9999999958547203	0.9999996468911508
0.9999999999999996	0.9999999999958186	0.9999999964295889	0.9999997418309635
0.9999999999999999	0.999999999996519	0.9999999970492895	0.9999997837873968
0.9999999999999992	0.9999999999974624	0.999999997712697	0.9999998174390743
0.9999999999999993	0.999999999993202	0.9999999939754748	0.9999995207804386
0.9999999999999997	0.9999999999948699	0.999999995684999	0.9999996741663421
1.	0.9999999999949273	0.9999999957847036	0.999999691719511
0.9999999999999998	0.9999999999985344	0.9999999988233522	0.999999904750381
0.9999999999999997	0.9999999999970973	0.9999999973612003	0.9999997983418665
0.9999999999999998	0.999999999997995	0.9999999983386809	0.9999998722275854
0.9999999999999998	0.9999999999978757	0.9999999981980584	0.9999998746082525
0.9999999999999997	0.9999999999973325	0.9999999977933671	0.9999998247253463
0.9999999999999997	0.9999999999968995	0.9999999971487556	0.9999997889000701
0.9999999999999999	0.9999999999981543	0.9999999983913772	0.9999998735357863
0.9999999999999999	0.9999999999974205	0.9999999978316989	0.9999998329203131
0.9999999999999998	0.999999999997993	0.9999999983629402	0.9999998840142076
0.9999999999999996	0.9999999999944653	0.9999999951142321	0.9999996280185783
0.9999999999999998	0.9999999999979905	0.9999999983234653	0.9999998714676864
0.9999999999999997	0.9999999999977496	0.9999999981343834	0.9999998547945798
0.9999999999999997	0.9999999999960152	0.9999999967064892	0.9999997506458713
0.9999999999999998	0.9999999999977516	0.9999999981814804	0.9999998723014412
1.	0.9999999999968007	0.9999999973682903	0.9999998063929139
0.9999999999999998	0.9999999999964003	0.9999999969879433	0.999999771198897
0.9999999999999998	0.9999999999971732	0.9999999976423318	0.9999998247055427
1.	0.9999999999971567	0.9999999976295395	0.9999998266570587
0.9999999999999993	0.9999999999969843	0.999999997300173	0.9999997863898227
0.9999999999999996	0.9999999999926783	0.9999999932850282	0.9999994590583355
0.9999999999999997	0.9999999999965614	0.999999997162527	0.9999997893140842
0.9999999999999998	0.9999999999948538	0.9999999954777425	0.9999996330694114
0.9999999999999997	0.9999999999963203	0.9999999967838287	0.9999997482860196
0.9999999999999998	0.999999999993795	0.9999999946402193	0.999999610706792
0.9999999999999997	0.999999999999055	0.9999999991173113	0.9999999237875461
0.9999999999999998	0.9999999999958478	0.9999999963778242	0.9999997238751495
0.9999999999999999	0.9999999999991837	0.9999999991663381	0.9999999467608478
1.	0.999999999998743	0.9999999989279119	0.9999999249616994
0.9999999999999996	0.9999999999964555	0.9999999969796136	0.9999997683143155
0.9999999999999999	0.9999999999970909	0.9999999975616024	0.9999998196428609
0.9999999999999997	0.9999999999955446	0.9999999963101378	0.9999997233364669
0.9999999999999998	0.9999999999965568	0.9999999969954934	0.9999997759654732
0.9999999999999998	0.9999999999975219	0.9999999980188667	0.9999998525363432
0.9999999999999997	0.9999999999971126	0.9999999975069161	0.9999998143536768
0.9999999999999997	0.9999999999958954	0.9999999964878051	0.9999997384990778
0.9999999999999998	0.9999999999981157	0.999999998406161	0.9999998871689395
1.	0.9999999999972804	0.9999999977700158	0.9999998298077164
0.9999999999999996	0.9999999999963225	0.9999999968622442	0.9999997695134184
0.9999999999999998	0.9999999999951478	0.999999995831613	0.999999677957924
0.9999999999999997	0.999999999998511	0.9999999987146118	0.9999999091677234
0.9999999999999997	0.9999999999969641	0.9999999972890854	0.9999997998025645
0.9999999999999996	0.9999999999969362	0.9999999972637266	0.9999998049192689
0.9999999999999999	0.9999999999977565	0.9999999981546449	0.9999998570591602
0.9999999999999998	0.9999999999965871	0.999999997210522	0.999999793778327
0.9999999999999999	0.9999999999971588	0.9999999975355415	0.9999997940259208
0.9999999999999997	0.9999999999953199	0.9999999958621096	0.9999996896660086
0.9999999999999998	0.9999999999981082	0.9999999984009594	0.9999998785355232
0.9999999999999998	0.9999999999993701	0.9999999993975239	0.9999999524735136
0.9999999999999997	0.9999999999968536	0.9999999973897153	0.9999997988310837
0.9999999999999992	0.9999999999983917	0.9999999985797351	0.9999998907046336
1.	0.9999999999993084	0.9999999992878701	0.9999999409360619
0.9999999999999998	0.9999999999954946	0.9999999961422869	0.9999996959931153
0.9999999999999999	0.9999999999974865	0.9999999978700099	0.999999849367155
0.9999999999999999	0.9999999999980914	0.9999999985035187	0.9999998813047579
0.9999999999999999	0.9999999999944069	0.999999995222504	0.999999628978078
0.9999999999999997	0.9999999999984074	0.9999999986317629	0.9999999038112493
0.9999999999999996	0.9999999999959907	0.9999999965594738	0.999999705764072
0.9999999999999999	0.9999999999990034	0.999999999115202	0.9999999252157195
0.9999999999999999	0.999999999998859	0.9999999989792128	0.9999999162232367
0.9999999999999999	0.9999999999994386	0.9999999995232749	0.9999999528828581
0.9999999999999999	0.9999999999969553	0.9999999974740513	0.9999998154069947
0.9999999999999998	0.9999999999972558	0.9999999976631685	0.999999829551516
0.9999999999999999	0.9999999999979016	0.9999999981414424	0.9999998668129751
0.9999999999999999	0.9999999999975246	0.9999999979830734	0.9999998420546812
0.9999999999999996	0.9999999999967991	0.9999999972696478	0.9999997793447651
0.9999999999999998	0.9999999999965192	0.999999996892564	0.9999997340621843
0.9999999999999989	0.999999999998344	0.99999999861503	0.9999998899275716
0.9999999999999999	0.9999999999956535	0.9999999963836975	0.9999997344171151
0.9999999999999998	0.9999999999988616	0.999999999162269	0.9999999196342395
0.9999999999999998	0.9999999999973915	0.9999999978568208	0.999999831877712
0.9999999999999997	0.9999999999953292	0.9999999962655284	0.9999996785569899
0.9999999999999998	0.9999999999977909	0.9999999982313873	0.9999998599187399
0.9999999999999999	0.9999999999968109	0.9999999972488054	0.9999998014011746
0.9999999999999996	0.9999999999969026	0.9999999972711526	0.9999997864736909
1.	0.999999999993623	0.9999999942689048	0.9999995728920374
0.9999999999999998	0.9999999999950729	0.9999999956082716	0.999999670058093
0.9999999999999996	0.999999999996734	0.9999999969061124	0.9999997618820122
0.9999999999999998	0.9999999999978408	0.9999999981638777	0.9999998673584811
0.9999999999999998	0.999999999998383	0.9999999986989602	0.9999999022429247
0.9999999999999998	0.9999999999985901	0.9999999987809157	0.9999999046931983
0.9999999999999998	0.9999999999971745	0.9999999977125104	0.9999998299592855
0.9999999999999998	0.9999999999965774	0.9999999970726916	0.9999997589546399
0.9999999999999998	0.99999999999744	0.9999999979010068	0.999999832616333
0.9999999999999997	0.999999999996859	0.9999999972136757	0.9999998029114385
0.9999999999999998	0.9999999999952547	0.9999999957835878	0.9999996793805351
0.9999999999999996	0.9999999999973042	0.999999997690724	0.999999804646793
0.9999999999999997	0.9999999999983972	0.9999999987196458	0.9999998916728747
0.9999999999999992	0.9999999999940783	0.9999999954170012	0.9999995790775781
0.9999999999999997	0.9999999999967908	0.9999999974240286	0.9999997970777379
0.9999999999999998	0.9999999999967748	0.9999999973034667	0.9999997875862398
0.9999999999999997	0.9999999999972431	0.9999999976250308	0.9999998162479332
0.9999999999999998	0.999999999998863	0.9999999990352703	0.9999999223851782
0.9999999999999997	0.9999999999953209	0.9999999958931747	0.9999996973033336
0.9999999999999999	0.9999999999962453	0.999999996837451	0.999999761311688
0.9999999999999992	0.9999999999983612	0.9999999984782924	0.9999998740232516
0.9999999999999996	0.9999999999957756	0.9999999965519791	0.9999997047706344
0.9999999999999999	0.9999999999990267	0.9999999990869703	0.9999999238180592
0.9999999999999996	0.9999999999977219	0.9999999980182154	0.9999998615659721
0.9999999999999996	0.9999999999946443	0.9999999949904684	0.999999625604557
0.9999999999999999	0.9999999999965443	0.9999999970285118	0.9999997746847895
1.	0.9999999999980292	0.9999999984505296	0.9999998871789563
0.9999999999999996	0.9999999999972271	0.9999999976439188	0.9999998274946686
0.9999999999999999	0.9999999999972025	0.9999999976868262	0.9999998279356949
0.9999999999999992	0.9999999999975743	0.9999999978901044	0.9999998136899351
0.9999999999999999	0.9999999999960618	0.9999999967675788	0.9999997691921466
0.9999999999999996	0.9999999999956146	0.9999999963773122	0.9999997265440914
0.9999999999999997	0.9999999999964281	0.9999999969797334	0.9999997676548515
0.9999999999999996	0.9999999999970076	0.9999999974684601	0.9999998008933838
0.9999999999999998	0.9999999999971791	0.9999999975553295	0.9999998220311949
0.9999999999999993	0.9999999999976679	0.9999999980441443	0.9999998442084237
0.9999999999999999	0.9999999999982335	0.9999999985191265	0.9999998915542057
0.9999999999999998	0.999999999998058	0.9999999982298531	0.999999866413721
0.9999999999999993	0.9999999999960343	0.9999999963561451	0.9999996940241354
0.9999999999999997	0.999999999998419	0.9999999985236011	0.9999999096690885
0.9999999999999994	0.9999999999973056	0.9999999975873833	0.9999998132198067
0.9999999999999993	0.9999999999978078	0.9999999982305726	0.9999998470150737
0.9999999999999999	0.9999999999972758	0.9999999978010291	0.9999998332856039
0.9999999999999997	0.9999999999966518	0.9999999971775145	0.9999997682913492
0.9999999999999999	0.9999999999987209	0.9999999987673595	0.9999999132071532
0.9999999999999998	0.9999999999968885	0.9999999972192853	0.99999977300947
0.9999999999999997	0.9999999999953045	0.9999999956068244	0.9999996451217246
0.9999999999999999	0.9999999999978043	0.9999999980428598	0.9999998684007471
0.9999999999999996	0.9999999999969716	0.9999999972348341	0.9999997949648122
0.9999999999999998	0.999999999995893	0.9999999965991507	0.999999752438805
0.9999999999999994	0.9999999999974879	0.9999999977246327	0.9999998228442332
0.9999999999999997	0.9999999999965412	0.9999999971739881	0.9999997817967924
0.9999999999999993	0.9999999999955017	0.9999999965228386	0.9999996856407486
0.9999999999999993	0.9999999999977617	0.9999999981051154	0.9999998461861667
0.9999999999999997	0.9999999999962772	0.9999999969198219	0.9999997631822634
0.9999999999999999	0.9999999999984812	0.9999999987935302	0.9999998903926789
0.9999999999999999	0.999999999997353	0.9999999976899976	0.9999998251939555
0.9999999999999996	0.9999999999947522	0.9999999954921394	0.9999995918769933
0.9999999999999998	0.9999999999973235	0.9999999977923107	0.9999998288115837
0.9999999999999999	0.9999999999986512	0.9999999988286219	0.9999999104858196
1.	0.9999999999989022	0.9999999990305822	0.9999999180897501
0.9999999999999994	0.9999999999961914	0.9999999963651081	0.9999997288338391
0.9999999999999997	0.9999999999965187	0.9999999970645476	0.9999997860924836
0.9999999999999999	0.9999999999983611	0.9999999984743467	0.9999999054288331
0.9999999999999996	0.9999999999952809	0.9999999965293278	0.9999996942395039
0.9999999999999998	0.9999999999978846	0.9999999981440306	0.9999998729928409
0.9999999999999993	0.9999999999959275	0.999999996290016	0.9999997125105551
0.9999999999999997	0.9999999999979464	0.9999999981892204	0.9999998686389392
0.9999999999999998	0.9999999999971243	0.9999999976842381	0.9999998117021202
0.9999999999999997	0.9999999999946297	0.9999999950385786	0.9999996535090498
0.9999999999999997	0.9999999999970376	0.999999997399633	0.9999998061534069
0.9999999999999998	0.9999999999973233	0.9999999977534237	0.9999998285584223
1.	0.9999999999975496	0.9999999979584602	0.9999998419254786
0.9999999999999996	0.9999999999970486	0.9999999973647762	0.9999997679976678
0.9999999999999998	0.999999999996019	0.999999996659505	0.9999997422765174
0.9999999999999998	0.9999999999958212	0.9999999964641382	0.9999997251767366
0.9999999999999994	0.999999999997022	0.9999999972593935	0.9999998089729654
0.9999999999999999	0.9999999999954763	0.9999999959570124	0.9999997074081085
0.9999999999999996	0.9999999999972127	0.9999999976395109	0.9999998208537323
1.	0.9999999999991385	0.9999999992447046	0.999999934198663
0.9999999999999999	0.9999999999980417	0.999999998167261	0.9999998823666837
0.9999999999999998	0.9999999999973319	0.9999999978135976	0.9999998257945707
1.	0.9999999999969607	0.9999999975105475	0.9999998080493236
0.9999999999999997	0.9999999999982989	0.9999999985623943	0.999999876744853
0.9999999999999999	0.9999999999988816	0.9999999990071871	0.9999999184331779
0.9999999999999998	0.9999999999985988	0.9999999988365018	0.9999999099608539
0.9999999999999997	0.9999999999962913	0.9999999966954325	0.9999997509933224
0.9999999999999997	0.9999999999983106	0.9999999985005056	0.9999998877084517
0.9999999999999999	0.9999999999975131	0.9999999980857215	0.9999998552941786
0.9999999999999997	0.9999999999951914	0.9999999959617858	0.9999996886706423
0.9999999999999997	0.9999999999964586	0.9999999968925332	0.999999772348194
0.9999999999999999	0.9999999999972986	0.9999999977218499	0.9999998378325411
0.9999999999999994	0.9999999999947643	0.9999999952670844	0.9999996208694791
0.9999999999999992	0.9999999999979845	0.9999999981298507	0.9999998690680495
0.9999999999999997	0.9999999999956926	0.9999999964096441	0.9999997338889135
1.	0.9999999999976105	0.9999999979498089	0.9999998605834887
1.	0.9999999999975551	0.9999999978755626	0.9999998482732372
0.9999999999999998	0.9999999999942603	0.9999999953905043	0.9999995858195603
0.9999999999999999	0.9999999999974376	0.9999999978374536	0.9999998437302801
0.9999999999999999	0.9999999999973666	0.9999999978270009	0.999999840807105
0.9999999999999992	0.9999999999947276	0.9999999951052503	0.9999996069019368
0.9999999999999997	0.9999999999969085	0.999999997461366	0.9999998085296913
0.9999999999999992	0.9999999999975088	0.9999999977384151	0.9999998365940939
0.9999999999999994	0.9999999999977095	0.9999999979821543	0.99999982800202
0.9999999999999996	0.9999999999968409	0.9999999972971114	0.9999997840359852
0.9999999999999996	0.9999999999973153	0.9999999976215356	0.9999998270097806
0.9999999999999997	0.9999999999971408	0.9999999975971223	0.9999998109778643
1.	0.9999999999970198	0.9999999974092465	0.9999998116881299
0.9999999999999996	0.9999999999965385	0.9999999971412211	0.9999997765094139
0.9999999999999994	0.999999999996	0.9999999967465759	0.9999997189894088
0.9999999999999999	0.9999999999972269	0.9999999978595303	0.9999998304976373
0.9999999999999998	0.9999999999961916	0.9999999965577443	0.9999997296700661
0.9999999999999997	0.9999999999963297	0.9999999967244833	0.9999997464686877
0.9999999999999998	0.9999999999935286	0.9999999944843094	0.999999557673559
0.9999999999999999	0.9999999999967945	0.9999999973186193	0.9999997989973002
0.9999999999999993	0.9999999999975061	0.9999999977096348	0.999999818084256
0.9999999999999997	0.9999999999951564	0.9999999957344936	0.9999996813813985
0.9999999999999994	0.9999999999945329	0.999999995362767	0.9999996414841142
0.9999999999999993	0.9999999999974867	0.9999999977799281	0.9999998178748755
0.9999999999999999	0.9999999999972247	0.9999999976091006	0.9999998218547187
0.9999999999999998	0.9999999999996552	0.9999999996436297	0.9999999685671265
0.9999999999999999	0.9999999999975494	0.999999997970323	0.9999998515539947
0.9999999999999997	0.9999999999988446	0.9999999990247029	0.9999999242936487
0.9999999999999997	0.999999999995788	0.9999999964724159	0.9999997277457312
0.9999999999999994	0.9999999999922208	0.9999999937444912	0.9999994567992561
1.	0.9999999999974345	0.9999999978411983	0.9999998510291997
0.9999999999999997	0.9999999999981553	0.9999999983938095	0.9999998927932088
0.9999999999999998	0.9999999999971849	0.9999999974458027	0.9999998096279964
0.9999999999999998	0.9999999999961245	0.9999999968658083	0.9999997735739107
0.9999999999999999	0.9999999999973894	0.9999999978275823	0.9999998378149634
0.9999999999999998	0.9999999999968715	0.9999999972287384	0.9999997907389293
0.9999999999999996	0.9999999999972893	0.999999997735957	0.9999998167157242
1.	0.999999999998965	0.9999999990086397	0.999999926509461
0.9999999999999999	0.9999999999983425	0.9999999986028985	0.9999998985781983
0.9999999999999997	0.999999999997234	0.999999997559632	0.9999998156654291
0.9999999999999999	0.9999999999972595	0.9999999976724755	0.9999998379639051
0.9999999999999997	0.9999999999981581	0.9999999984918673	0.9999998941997936
0.9999999999999999	0.9999999999969377	0.9999999974336096	0.9999998160279614
0.9999999999999992	0.9999999999975957	0.9999999978711769	0.999999814386041
0.9999999999999997	0.9999999999965367	0.999999997092372	0.9999997826608661
0.9999999999999999	0.9999999999956658	0.9999999963392375	0.9999997381081007
0.9999999999999999	0.9999999999983437	0.99999999853265	0.999999885535628
0.9999999999999994	0.9999999999962268	0.9999999968240287	0.9999997556032205
0.9999999999999998	0.9999999999965887	0.9999999972565282	0.9999997922257425
0.9999999999999998	0.9999999999962992	0.9999999965579913	0.9999997667483319
0.9999999999999998	0.9999999999961164	0.9999999967300099	0.9999997529013567
0.9999999999999992	0.9999999999949482	0.9999999954231674	0.9999996475198203
0.9999999999999999	0.9999999999991364	0.9999999991638011	0.9999999210618334
0.9999999999999996	0.9999999999974742	0.9999999977074968	0.9999998185673175
0.9999999999999998	0.9999999999982994	0.9999999985874121	0.9999998960959862
0.9999999999999996	0.9999999999969088	0.9999999974262848	0.9999998004623138
0.9999999999999998	0.9999999999975081	0.9999999980012274	0.9999998417270699
0.9999999999999997	0.9999999999983785	0.9999999987466721	0.9999998957143672
0.9999999999999997	0.9999999999959357	0.9999999964330805	0.9999997312903457
0.9999999999999991	0.9999999999983573	0.9999999985105971	0.9999998876490642
0.9999999999999997	0.9999999999972685	0.9999999975517598	0.9999998201208027
0.9999999999999997	0.9999999999977397	0.9999999980577069	0.9999998638221264
0.9999999999999994	0.9999999999947001	0.9999999953830981	0.9999996295906819
0.9999999999999998	0.999999999998798	0.9999999989700717	0.9999999228087062
0.9999999999999993	0.9999999999986717	0.999999998807497	0.9999999106112485
0.9999999999999998	0.9999999999976886	0.9999999979588476	0.9999998478421845
0.9999999999999997	0.9999999999958302	0.9999999961925168	0.9999996726341873
0.9999999999999997	0.9999999999969492	0.999999997350441	0.9999998062570961
0.9999999999999994	0.9999999999964531	0.9999999970134	0.9999997635472909
0.9999999999999999	0.9999999999974618	0.9999999979069971	0.9999998419608656
0.9999999999999992	0.9999999999944562	0.9999999950796505	0.9999996372626204
1.	0.9999999999983851	0.9999999986208199	0.9999998919864578
0.9999999999999996	0.9999999999943819	0.9999999951684672	0.9999995857447611
0.9999999999999989	0.9999999999989324	0.9999999990386592	0.9999999303284551
0.9999999999999997	0.9999999999960901	0.9999999967377988	0.9999997348509432
0.9999999999999997	0.999999999991714	0.9999999924831281	0.999999462802434
0.9999999999999994	0.9999999999977015	0.9999999980215507	0.9999998529210629
1.	0.9999999999966622	0.9999999972344131	0.9999997920286879
0.9999999999999998	0.9999999999965209	0.9999999970951815	0.9999997833286762
1.	0.9999999999971237	0.9999999975005743	0.999999823936128
0.9999999999999997	0.9999999999945273	0.9999999953802975	0.9999996138503132
1.	0.9999999999984083	0.9999999986437433	0.9999998973699996
0.9999999999999998	0.9999999999969907	0.9999999973790751	0.9999997922806645
0.9999999999999997	0.9999999999947271	0.9999999954267217	0.9999996685756362
0.9999999999999998	0.9999999999992943	0.9999999993977393	0.9999999490494044
0.9999999999999998	0.9999999999976493	0.9999999980182466	0.9999998445881225
0.9999999999999998	0.9999999999987667	0.9999999988260917	0.9999999111583514
0.9999999999999993	0.9999999999965616	0.999999996974083	0.999999747716862
0.9999999999999999	0.9999999999963617	0.9999999968934309	0.9999997836087802
0.9999999999999992	0.9999999999971931	0.9999999976736914	0.9999998182564876
0.9999999999999993	0.9999999999973086	0.9999999977219629	0.9999998037734453
0.9999999999999997	0.9999999999959529	0.9999999966217908	0.9999997445708619
0.9999999999999998	0.9999999999980005	0.9999999981562657	0.9999998656011678
0.9999999999999999	0.9999999999964423	0.9999999970205078	0.9999997804106652
0.9999999999999999	0.999999999997232	0.999999997647675	0.9999998257568794
0.9999999999999996	0.9999999999977068	0.9999999980297092	0.9999998759941902
0.9999999999999999	0.9999999999987819	0.9999999989214169	0.9999999178516609
0.9999999999999998	0.9999999999990339	0.9999999990753401	0.9999999419863719
0.9999999999999999	0.9999999999972407	0.9999999975417359	0.9999998281052958
0.9999999999999998	0.9999999999966435	0.9999999972096265	0.9999997747235588
0.9999999999999996	0.9999999999959797	0.9999999965442976	0.9999997413958875
0.9999999999999996	0.9999999999963517	0.9999999969719946	0.9999997565923403
0.9999999999999998	0.9999999999976952	0.9999999980608919	0.9999998523383383
0.9999999999999994	0.9999999999969191	0.999999997044927	0.9999997807713465
0.9999999999999996	0.9999999999940442	0.999999994855541	0.9999995872042269
1.	0.999999999998158	0.9999999985290432	0.999999879250987
0.9999999999999999	0.9999999999979502	0.9999999983436364	0.9999998686468811
0.9999999999999998	0.9999999999974999	0.9999999978946066	0.9999998457682404
0.9999999999999993	0.9999999999943511	0.9999999950949305	0.9999996574513004
0.9999999999999998	0.9999999999962103	0.9999999967151171	0.999999744887581
0.9999999999999996	0.9999999999948821	0.999999995701724	0.9999996760843549
0.9999999999999998	0.999999999997933	0.9999999982312997	0.9999998681237987
0.9999999999999998	0.9999999999984583	0.9999999986606134	0.9999999153281309
0.9999999999999998	0.9999999999985061	0.9999999986741338	0.9999999037299033
0.9999999999999998	0.9999999999951513	0.9999999956423864	0.9999996874495783
0.9999999999999998	0.9999999999981979	0.9999999985771582	0.9999998839629076
0.9999999999999998	0.9999999999990233	0.9999999990329528	0.9999999252369677
0.9999999999999997	0.9999999999944901	0.9999999949381693	0.9999996128379212
0.9999999999999992	0.9999999999970012	0.9999999975513855	0.9999997960465963
0.9999999999999997	0.9999999999941706	0.9999999950137008	0.9999996336266264
0.9999999999999999	0.9999999999966115	0.9999999971564923	0.9999997652065599
0.9999999999999997	0.9999999999950028	0.9999999957110531	0.9999996798473877
0.9999999999999999	0.9999999999970077	0.999999997532724	0.9999998080007575
0.9999999999999997	0.9999999999961956	0.9999999967402575	0.9999997590405636
0.9999999999999999	0.9999999999985474	0.999999998767012	0.9999999024275485
1.	0.9999999999954388	0.9999999960848683	0.9999997047004047
1.	0.9999999999974	0.9999999978146358	0.9999998350108479
0.9999999999999999	0.999999999996259	0.9999999968763142	0.9999997701887363
0.9999999999999999	0.9999999999977645	0.9999999980840762	0.9999998530130105
1.	0.9999999999980416	0.9999999983579988	0.9999998740728794
0.9999999999999997	0.9999999999971105	0.9999999976037335	0.9999998207236084
0.9999999999999998	0.9999999999973255	0.9999999977172713	0.9999998145695034
0.9999999999999999	0.9999999999966266	0.9999999971191499	0.999999768088379
0.9999999999999991	0.99999999999827	0.9999999983548147	0.9999998747966145
0.9999999999999997	0.9999999999951354	0.9999999957027371	0.9999996592908227
0.9999999999999997	0.9999999999968303	0.9999999973349097	0.9999998080969876
0.9999999999999994	0.9999999999963753	0.9999999967009227	0.9999997274266746
0.9999999999999997	0.9999999999978154	0.9999999981879752	0.9999998606384858
0.9999999999999996	0.9999999999982917	0.9999999986017901	0.9999998939801017
0.9999999999999994	0.9999999999940453	0.9999999948189179	0.9999996012574351
0.9999999999999999	0.9999999999969771	0.9999999974044248	0.9999998124976975
0.9999999999999998	0.9999999999993586	0.9999999994212213	0.999999955243669
0.9999999999999999	0.9999999999988723	0.9999999989972788	0.9999999174130568
0.9999999999999996	0.9999999999969028	0.9999999972413044	0.9999997982116763
0.9999999999999998	0.9999999999972476	0.9999999976166826	0.9999998310715179
0.9999999999999997	0.9999999999977641	0.9999999980865448	0.9999998604455035
0.9999999999999997	0.9999999999980154	0.999999998321322	0.9999998640366691
1.	0.9999999999978207	0.9999999981290636	0.9999998527571299
0.9999999999999999	0.9999999999988609	0.9999999989800428	0.9999999225359193
0.9999999999999997	0.9999999999968282	0.9999999973575899	0.9999998032854062
0.9999999999999997	0.9999999999968976	0.9999999972555786	0.9999997914720521
0.9999999999999998	0.9999999999965976	0.9999999971498901	0.999999776547219
1.	0.9999999999992676	0.9999999993854428	0.9999999357403707
0.9999999999999999	0.9999999999967144	0.9999999970695714	0.999999782822774
0.9999999999999999	0.9999999999974538	0.9999999979828349	0.999999848669644
0.9999999999999998	0.9999999999993773	0.9999999994259423	0.9999999519473821
0.9999999999999997	0.9999999999980231	0.9999999982753879	0.9999998683874716
0.9999999999999998	0.9999999999965299	0.9999999969755621	0.9999997614735167
0.9999999999999997	0.9999999999971243	0.999999997273342	0.9999997950705353
0.9999999999999998	0.9999999999968673	0.9999999973582276	0.9999998020554297
1.	0.999999999998782	0.9999999989833385	0.9999999212660887
0.9999999999999998	0.999999999994072	0.9999999950570274	0.9999996140324063
0.9999999999999994	0.9999999999962544	0.9999999969251632	0.9999997744493703
0.9999999999999998	0.9999999999941726	0.9999999950707071	0.9999996325310503
0.9999999999999998	0.9999999999936425	0.9999999947192802	0.9999995790123455
0.9999999999999996	0.9999999999967822	0.999999997271302	0.9999997800986666
0.9999999999999997	0.9999999999961522	0.9999999968918483	0.9999997433957917
0.9999999999999999	0.999999999998957	0.9999999990436634	0.9999999187719704
0.9999999999999998	0.9999999999972742	0.9999999977330772	0.9999998376211973
0.9999999999999996	0.9999999999948104	0.9999999953972925	0.9999996292076816
0.9999999999999998	0.9999999999977842	0.9999999981410808	0.9999998617494474
0.9999999999999996	0.999999999995863	0.9999999965861828	0.9999997495624675
0.9999999999999998	0.9999999999974977	0.9999999979246358	0.9999998457573426
0.9999999999999998	0.9999999999970429	0.9999999975125515	0.9999998156105777
0.9999999999999994	0.9999999999937845	0.9999999947916807	0.9999995954249045
1.	0.9999999999971034	0.9999999974763671	0.9999997985045522
0.9999999999999997	0.9999999999970878	0.9999999974625654	0.9999997956474485
0.9999999999999999	0.9999999999965354	0.9999999970291957	0.9999997830115832
0.9999999999999998	0.9999999999923402	0.9999999927434634	0.9999994351407023
0.9999999999999996	0.9999999999967338	0.9999999972323012	0.9999997741892535
0.9999999999999999	0.9999999999969187	0.9999999973105911	0.9999997983669927
1.	0.9999999999988359	0.9999999988411682	0.999999922418795
0.9999999999999994	0.9999999999977288	0.9999999980544979	0.9999998480862643
0.9999999999999999	0.9999999999968286	0.9999999973755568	0.9999997887133104
0.9999999999999997	0.9999999999990289	0.9999999991038264	0.9999999256150771
0.9999999999999998	0.999999999996275	0.9999999971104739	0.9999997962179541
0.9999999999999997	0.9999999999964216	0.9999999967969893	0.9999997621726112
0.9999999999999998	0.9999999999975195	0.9999999977172819	0.9999998254771125
0.9999999999999996	0.9999999999966891	0.9999999971988544	0.9999997914464842
0.9999999999999997	0.9999999999925567	0.9999999936269512	0.9999994576923603
0.9999999999999996	0.999999999996718	0.9999999972014384	0.9999997978162786
0.9999999999999996	0.9999999999975347	0.9999999976691526	0.9999998160178329
0.9999999999999996	0.99999999999676	0.9999999969201643	0.9999997701902852
0.999999999999999	0.9999999999967605	0.9999999970292163	0.9999997778581393
0.9999999999999991	0.9999999999977589	0.9999999978980673	0.9999998412150967
0.9999999999999999	0.9999999999963314	0.9999999968526498	0.9999997703455822
0.9999999999999998	0.9999999999985838	0.9999999987799798	0.9999999143632355
0.9999999999999991	0.9999999999977311	0.999999997938832	0.9999998394583336
0.9999999999999998	0.9999999999937051	0.9999999946211903	0.9999995929583304
0.9999999999999998	0.9999999999990433	0.999999999170184	0.9999999308179919
0.9999999999999998	0.9999999999971143	0.999999997517413	0.9999998188356235
0.9999999999999999	0.9999999999982937	0.9999999986111097	0.9999999062337199
0.9999999999999996	0.9999999999962343	0.999999996822143	0.9999997597567597
0.9999999999999997	0.9999999999984184	0.9999999986305599	0.9999998944338055
0.9999999999999997	0.9999999999968224	0.9999999971997543	0.9999997804998184
0.9999999999999997	0.9999999999975722	0.9999999979210425	0.9999998531221453
0.9999999999999998	0.9999999999970606	0.9999999975361833	0.9999998123944399
0.9999999999999997	0.9999999999952667	0.9999999957357699	0.9999996668114548
0.9999999999999998	0.9999999999993479	0.9999999992870557	0.9999999439001787
0.9999999999999994	0.9999999999963245	0.999999996854039	0.9999997740263143
0.9999999999999996	0.9999999999968064	0.9999999973968033	0.9999997800923625
1.	0.9999999999976941	0.9999999981272083	0.999999846242371
0.9999999999999996	0.9999999999962251	0.9999999967763601	0.999999754266108
0.9999999999999994	0.9999999999935435	0.9999999942389691	0.9999995446096673
1.0000000000000002	0.99999999999712	0.9999999976133329	0.9999998248252778
0.9999999999999997	0.99999999999574	0.9999999963930594	0.9999997065121649
0.9999999999999999	0.9999999999980194	0.9999999983636915	0.9999998711660063
0.9999999999999998	0.9999999999978609	0.9999999981997993	0.9999998673121716
0.9999999999999996	0.9999999999973309	0.9999999976305785	0.9999998109124936
0.9999999999999997	0.9999999999968301	0.9999999973718839	0.9999997882093957
0.9999999999999998	0.9999999999969559	0.9999999974024054	0.9999998070333184
0.9999999999999999	0.9999999999958415	0.9999999965271172	0.9999997347015128
1.	0.9999999999989794	0.9999999991433564	0.9999999332416586
0.9999999999999998	0.9999999999974879	0.9999999978565519	0.9999998576665535
1.	0.9999999999983262	0.9999999985371588	0.9999998951147503
0.9999999999999994	0.9999999999961575	0.9999999967394723	0.9999997148930115
0.9999999999999996	0.9999999999969116	0.9999999974483482	0.9999998060940232
0.9999999999999992	0.999999999997558	0.9999999979427956	0.999999825717315
0.9999999999999996	0.9999999999965048	0.9999999969483316	0.9999997749670054
0.9999999999999998	0.9999999999969805	0.9999999975280387	0.9999998209783633
0.9999999999999993	0.9999999999980322	0.9999999982723362	0.9999998785014627
0.9999999999999997	0.9999999999982087	0.9999999984882822	0.9999998806792849
1.	0.9999999999982946	0.9999999985404961	0.9999998949623006
0.9999999999999998	0.9999999999952713	0.9999999960032302	0.9999996849454176
1.	0.9999999999980441	0.9999999982655234	0.9999998668410204
0.9999999999999994	0.999999999992679	0.9999999936988686	0.9999994551832577
0.9999999999999994	0.9999999999964739	0.9999999968211911	0.9999997494277293
0.9999999999999997	0.9999999999972375	0.9999999973752592	0.9999998036765937
0.9999999999999994	0.9999999999976467	0.999999997954328	0.9999998403679333
0.9999999999999997	0.9999999999944151	0.999999995030152	0.9999996200306479
0.9999999999999998	0.9999999999958505	0.9999999962170699	0.9999997247971014
0.9999999999999997	0.9999999999970908	0.9999999973445254	0.999999808087435
0.9999999999999996	0.9999999999961112	0.9999999965583504	0.9999997217261701
0.9999999999999996	0.9999999999960012	0.9999999961723037	0.9999997292178796
0.9999999999999998	0.9999999999958327	0.9999999965449207	0.999999743480301
0.9999999999999992	0.999999999997728	0.999999997915898	0.9999998338303038
0.9999999999999998	0.9999999999971683	0.9999999977316221	0.999999815302863
0.9999999999999998	0.999999999997625	0.9999999977954118	0.999999853088827
0.9999999999999999	0.9999999999980891	0.9999999984512654	0.9999998831521082
0.9999999999999998	0.9999999999965654	0.9999999970913183	0.9999997615830902
0.9999999999999998	0.999999999996897	0.9999999971219427	0.999999786532108
1.	0.9999999999976527	0.9999999980418174	0.9999998411073904
0.9999999999999994	0.9999999999962946	0.9999999969236149	0.9999997542190439
0.9999999999999992	0.9999999999956002	0.9999999962508269	0.9999996929734549
0.9999999999999998	0.9999999999971511	0.999999997494239	0.9999998144259934
0.9999999999999996	0.9999999999970073	0.9999999971944005	0.9999997772821713
1.	0.9999999999979088	0.999999998314349	0.9999998733784827
1.	0.9999999999968302	0.9999999973139736	0.9999998076378461
0.9999999999999992	0.9999999999965462	0.9999999968471811	0.9999997530938628
0.9999999999999993	0.9999999999952042	0.9999999958245455	0.9999997050502992
0.9999999999999998	0.999999999998858	0.9999999990671633	0.9999999313420225
1.	0.9999999999988691	0.9999999990944636	0.999999921154012
0.9999999999999999	0.9999999999991951	0.9999999992116465	0.9999999359281869
0.9999999999999998	0.9999999999982934	0.9999999985761884	0.9999998917990778
0.9999999999999997	0.9999999999935903	0.9999999943707563	0.9999995418932448
0.9999999999999997	0.9999999999962912	0.9999999969096913	0.9999997725490841
0.9999999999999998	0.9999999999951413	0.9999999960324677	0.9999996725360286
0.9999999999999996	0.9999999999983202	0.9999999984903827	0.9999998839922749
0.9999999999999998	0.9999999999967961	0.9999999972616948	0.9999997891187784
0.9999999999999998	0.9999999999981205	0.9999999984297834	0.9999998827128554
0.9999999999999997	0.9999999999963858	0.9999999968859599	0.9999997568454985
0.9999999999999997	0.9999999999971283	0.9999999975357973	0.999999802441581
0.9999999999999998	0.9999999999966352	0.999999997215939	0.9999997633448984
0.9999999999999999	0.9999999999974379	0.9999999977541199	0.9999998387840906
1.	0.9999999999968731	0.999999997507155	0.999999792879547
1.	0.9999999999981434	0.9999999984939527	0.9999998849970473
0.9999999999999998	0.999999999996022	0.9999999963706652	0.9999997244670423
0.9999999999999997	0.9999999999974635	0.9999999978815979	0.9999998356319739
0.9999999999999998	0.9999999999975767	0.9999999979112622	0.9999998544862279
0.9999999999999998	0.999999999997802	0.9999999980671465	0.9999998644524045
1.	0.9999999999970631	0.9999999975329877	0.9999997985555087
0.9999999999999997	0.9999999999937708	0.9999999949121785	0.99999956317951
0.9999999999999997	0.9999999999968999	0.999999997446007	0.9999998118664193
0.9999999999999998	0.9999999999970873	0.9999999974420729	0.9999997871431497
0.9999999999999997	0.9999999999980915	0.9999999983330244	0.9999998852170525
0.9999999999999993	0.9999999999962571	0.999999996644851	0.9999997427395574
0.9999999999999996	0.9999999999969545	0.999999997316934	0.9999997796972118
0.9999999999999998	0.9999999999975496	0.9999999979529122	0.9999998387454546
0.9999999999999997	0.9999999999966954	0.9999999971001527	0.9999997727665062
0.9999999999999999	0.9999999999982508	0.9999999986370782	0.9999999004536778
0.9999999999999999	0.9999999999990778	0.9999999991804163	0.9999999329226599
1.	0.9999999999980642	0.9999999982671354	0.9999998664793109
0.9999999999999996	0.9999999999969513	0.9999999973395411	0.9999997916780795
0.9999999999999999	0.9999999999967708	0.9999999973870117	0.9999998032823048
0.9999999999999996	0.9999999999970136	0.9999999973365071	0.9999997949773942
0.9999999999999997	0.9999999999963328	0.9999999969400872	0.9999997625772127
0.9999999999999996	0.9999999999975995	0.999999998054221	0.999999856771599
0.9999999999999997	0.9999999999957567	0.9999999960462842	0.999999681589983
0.9999999999999997	0.999999999995725	0.9999999963521974	0.999999730637183
0.9999999999999997	0.9999999999969561	0.9999999971480528	0.9999998017585526
0.9999999999999996	0.9999999999948443	0.999999995911877	0.9999996694818986
0.9999999999999997	0.9999999999982963	0.9999999986213375	0.9999998911372076
0.9999999999999997	0.9999999999967593	0.999999997109872	0.9999997682641848
0.9999999999999997	0.9999999999972407	0.9999999977385523	0.9999998219514225
0.9999999999999997	0.9999999999989356	0.9999999990789719	0.9999999342998742
0.9999999999999998	0.9999999999973047	0.9999999977848664	0.999999839130715
0.9999999999999998	0.9999999999964599	0.9999999969921674	0.9999997796123569
0.9999999999999998	0.999999999996222	0.9999999967422957	0.9999997516827316
0.9999999999999998	0.9999999999988434	0.9999999990631452	0.9999999109659442
0.9999999999999999	0.9999999999975568	0.9999999979157032	0.9999998388006089
1.	0.9999999999979491	0.9999999982604263	0.9999998702324946
0.9999999999999993	0.9999999999970784	0.9999999973021464	0.9999997869623405
0.9999999999999999	0.9999999999945176	0.9999999954266205	0.9999996566978174
0.9999999999999996	0.9999999999974482	0.9999999976746321	0.9999998155751069
0.9999999999999998	0.9999999999978112	0.9999999980072592	0.9999998582492065
0.9999999999999997	0.9999999999989543	0.9999999990486834	0.9999999259014715
0.9999999999999997	0.9999999999957453	0.9999999961507237	0.9999997170119305
0.9999999999999997	0.9999999999979736	0.9999999982738944	0.9999998762731475
0.9999999999999999	0.9999999999980163	0.9999999982190482	0.9999998686519754
0.999999999999999	0.9999999999985224	0.9999999987232406	0.9999998954286834
0.9999999999999996	0.9999999999931946	0.9999999946296557	0.9999994839545441
0.9999999999999994	0.9999999999969853	0.9999999973519494	0.9999998055754845
0.9999999999999998	0.9999999999981259	0.9999999983281603	0.9999998811943469
0.9999999999999999	0.9999999999969136	0.9999999973241859	0.9999998028247777
0.9999999999999997	0.9999999999987729	0.9999999989301209	0.99999991299826
0.9999999999999994	0.9999999999977641	0.9999999980774421	0.9999998348516365
0.9999999999999999	0.9999999999988588	0.9999999990651685	0.999999915193554
0.9999999999999996	0.9999999999953622	0.9999999960158654	0.9999996656554793
0.9999999999999991	0.9999999999979103	0.9999999982304613	0.9999998611961846
0.9999999999999997	0.9999999999967849	0.9999999974176257	0.9999998018661522
0.9999999999999996	0.9999999999953001	0.999999996068781	0.9999997014746451
0.9999999999999998	0.9999999999971066	0.9999999975237945	0.9999998348552344
0.9999999999999997	0.9999999999967073	0.9999999971957668	0.9999997837723671
0.9999999999999997	0.9999999999959788	0.9999999966620328	0.9999997192105995
0.9999999999999999	0.9999999999979418	0.9999999982631813	0.999999861867532
0.9999999999999998	0.9999999999993523	0.9999999993686661	0.9999999439403645
0.9999999999999998	0.9999999999971074	0.9999999976503906	0.9999998269923549
0.9999999999999994	0.9999999999968295	0.9999999970468136	0.9999997703539868
0.9999999999999999	0.9999999999969935	0.9999999974670435	0.9999998156256779
0.9999999999999998	0.9999999999961859	0.9999999967101711	0.9999997648620799
0.9999999999999998	0.9999999999961263	0.9999999967446849	0.9999997655407906
0.9999999999999993	0.9999999999979731	0.9999999981227579	0.9999998609362215
0.9999999999999998	0.9999999999964034	0.9999999969472875	0.9999997774901422
0.9999999999999994	0.9999999999955863	0.9999999963997582	0.9999996943874072
0.9999999999999994	0.9999999999970483	0.9999999975249163	0.999999788678662
0.9999999999999996	0.999999999992163	0.9999999934277533	0.9999994299010582
0.9999999999999997	0.9999999999989084	0.9999999989510524	0.9999999268482911
0.9999999999999994	0.9999999999958836	0.9999999963347855	0.9999997229360761
0.9999999999999989	0.9999999999980703	0.9999999983488114	0.9999998737876599
0.9999999999999994	0.9999999999959042	0.9999999963833688	0.9999997022800083
0.9999999999999997	0.9999999999965035	0.999999997037282	0.9999997540783848
0.9999999999999997	0.9999999999948215	0.9999999955613391	0.9999996346092218
0.9999999999999998	0.9999999999988872	0.9999999990428409	0.9999999188077766
0.9999999999999998	0.9999999999974226	0.9999999978282369	0.9999998394313523
0.9999999999999997	0.9999999999970324	0.9999999974306718	0.9999998149021214
0.9999999999999998	0.999999999994908	0.999999995703536	0.999999674070883
0.9999999999999998	0.9999999999986365	0.9999999989632211	0.9999999117006066
0.9999999999999997	0.9999999999970515	0.9999999974661744	0.9999997978777772
0.9999999999999997	0.9999999999974096	0.9999999978977321	0.9999998349373146
0.9999999999999993	0.9999999999966768	0.9999999971617639	0.9999997655687439
1.	0.9999999999984017	0.9999999986203801	0.9999998761086054
0.9999999999999998	0.9999999999971536	0.9999999975673547	0.999999816813355
0.9999999999999998	0.9999999999970156	0.9999999975253876	0.9999998195302271
0.9999999999999997	0.9999999999964094	0.9999999967908446	0.999999771966754
0.9999999999999997	0.9999999999961761	0.9999999966600794	0.9999997190871593
0.9999999999999997	0.9999999999924816	0.9999999929390052	0.9999995245150628
0.9999999999999996	0.9999999999969093	0.9999999972591818	0.9999997955192818
0.9999999999999996	0.9999999999947876	0.9999999951159434	0.9999996510728824
0.9999999999999996	0.9999999999955979	0.9999999962027533	0.9999996835786842
0.9999999999999999	0.999999999997488	0.9999999978956908	0.9999998422078493
0.9999999999999997	0.9999999999972288	0.9999999975991773	0.9999998391496151
0.9999999999999997	0.9999999999977884	0.9999999981390248	0.999999855813598
0.9999999999999998	0.9999999999978898	0.9999999981832239	0.9999998641721609
0.9999999999999994	0.9999999999965765	0.9999999971506935	0.9999997669127407
0.9999999999999999	0.9999999999979265	0.9999999982968689	0.9999998618542714
0.9999999999999999	0.9999999999971264	0.999999997612237	0.9999998182970072
0.9999999999999997	0.9999999999972093	0.9999999975908566	0.9999998210299542
0.9999999999999999	0.9999999999963988	0.9999999971031924	0.9999997824145036
0.9999999999999997	0.9999999999935982	0.9999999942221648	0.9999995491320669
0.9999999999999997	0.999999999996696	0.9999999970036761	0.9999997771195023
0.9999999999999997	0.9999999999972417	0.9999999976373792	0.9999998308761588
0.9999999999999997	0.9999999999967993	0.9999999974028188	0.9999998087968525
0.9999999999999993	0.9999999999943912	0.9999999950153705	0.9999996125902233
0.9999999999999999	0.999999999996219	0.9999999967752161	0.9999997631116091
0.9999999999999999	0.9999999999967424	0.9999999972306726	0.9999997925279479
0.9999999999999994	0.9999999999976155	0.9999999978731878	0.9999998238430267
0.9999999999999997	0.9999999999969147	0.9999999973861624	0.9999998073751798
0.9999999999999998	0.9999999999972423	0.9999999977013357	0.9999998298633432
1.	0.9999999999973714	0.9999999979311242	0.9999998386509485
0.9999999999999997	0.9999999999976633	0.9999999980893903	0.9999998609271495
0.9999999999999998	0.9999999999964714	0.9999999969161166	0.9999997644521289
0.9999999999999996	0.9999999999965007	0.9999999971052618	0.9999997783937851
0.9999999999999997	0.9999999999966865	0.9999999971116766	0.9999997907160394
0.9999999999999996	0.999999999996652	0.9999999969005694	0.9999997677947985
0.9999999999999998	0.99999999999717	0.9999999976601267	0.9999998256114605
0.9999999999999998	0.9999999999959517	0.9999999965078965	0.9999997407317783
0.9999999999999998	0.9999999999951001	0.9999999960953718	0.9999996942438969
0.9999999999999998	0.9999999999988872	0.9999999990303942	0.9999999236205315
0.9999999999999998	0.9999999999984567	0.9999999986589874	0.9999999136012268
0.9999999999999997	0.9999999999964693	0.9999999970940745	0.9999997840380928
0.9999999999999996	0.9999999999969711	0.9999999973133337	0.9999998057221028
0.9999999999999998	0.9999999999990455	0.9999999991739936	0.9999999238976987
0.9999999999999999	0.9999999999966981	0.9999999972454966	0.9999997964391988
0.9999999999999998	0.9999999999969035	0.9999999971831804	0.999999793572346
0.9999999999999999	0.9999999999953444	0.9999999959834928	0.9999996749712455
0.9999999999999996	0.9999999999970943	0.999999997448138	0.9999997901022826
0.9999999999999998	0.9999999999968258	0.9999999973434406	0.999999788253846
0.9999999999999992	0.9999999999978486	0.9999999981046979	0.9999998447399193
0.9999999999999996	0.9999999999969497	0.9999999974000168	0.9999998137067684
0.9999999999999997	0.9999999999978527	0.9999999981539386	0.9999998720936389
0.9999999999999998	0.9999999999973488	0.9999999977888642	0.9999998315885134
0.9999999999999996	0.9999999999955856	0.9999999963429591	0.9999997315395514
0.9999999999999998	0.9999999999920582	0.9999999932485691	0.9999994758917431
0.9999999999999997	0.999999999998862	0.9999999989780777	0.999999923706841
0.9999999999999996	0.9999999999972113	0.9999999977178298	0.9999998312960683
0.9999999999999998	0.9999999999968577	0.999999997336594	0.9999998040386695
1.	0.9999999999991505	0.9999999992135862	0.999999938019953
0.9999999999999994	0.9999999999936795	0.9999999949034093	0.9999995239241858
0.9999999999999998	0.999999999993895	0.9999999946840434	0.999999584585202
0.9999999999999997	0.9999999999971151	0.999999997332382	0.9999998134152128
0.9999999999999997	0.9999999999961012	0.9999999964513819	0.9999997308112042
0.9999999999999999	0.9999999999993802	0.9999999993808255	0.9999999473776958
0.9999999999999998	0.9999999999977343	0.9999999980290625	0.999999851838134
0.9999999999999997	0.9999999999974732	0.9999999978502362	0.999999838426152
1.	0.9999999999982274	0.9999999985917268	0.999999896088118
0.9999999999999997	0.9999999999990726	0.9999999992703885	0.9999999261198413
0.9999999999999997	0.999999999997004	0.9999999974536256	0.9999997966923049
0.9999999999999997	0.999999999996464	0.9999999969611303	0.9999997530885222
0.9999999999999997	0.9999999999974324	0.9999999975358116	0.9999998197218154
0.9999999999999999	0.9999999999973352	0.9999999976687645	0.9999998093568656
0.9999999999999998	0.9999999999986123	0.9999999988671897	0.9999999230201592
0.9999999999999997	0.9999999999971253	0.999999997602192	0.9999998165326672
0.9999999999999998	0.9999999999981418	0.9999999983891115	0.9999998906230576
0.9999999999999999	0.999999999997883	0.9999999982484147	0.9999998783351112
0.9999999999999996	0.9999999999961247	0.9999999965533817	0.9999997186898084
0.9999999999999994	0.9999999999970477	0.9999999974716224	0.9999997792243235
0.9999999999999998	0.9999999999980957	0.9999999984101963	0.9999998805693467
0.9999999999999998	0.9999999999948487	0.9999999954403299	0.9999996409187742
0.9999999999999999	0.999999999994623	0.9999999954620714	0.99999962990354
0.9999999999999997	0.9999999999957836	0.9999999962860782	0.9999997259270467
0.9999999999999993	0.9999999999933147	0.9999999946491172	0.9999995072245758
0.9999999999999996	0.9999999999961185	0.9999999966622581	0.9999997527400768
0.9999999999999997	0.9999999999949117	0.9999999951594437	0.999999617522164
0.9999999999999998	0.9999999999975827	0.999999997921159	0.9999998511610765
0.9999999999999997	0.9999999999969692	0.9999999974386216	0.9999998084121022
0.9999999999999997	0.9999999999971786	0.9999999976443293	0.9999998217970792
0.9999999999999997	0.9999999999955571	0.999999996253192	0.9999997144816362
0.9999999999999997	0.9999999999968294	0.999999997351068	0.9999998029108496
0.9999999999999998	0.9999999999984684	0.9999999986340947	0.9999998978997727
0.9999999999999998	0.9999999999986021	0.999999998836157	0.9999999199945823
0.9999999999999996	0.9999999999963336	0.9999999965801077	0.9999997155180144
1.	0.9999999999987592	0.9999999990218366	0.9999999134520356
0.9999999999999997	0.9999999999949932	0.9999999957992886	0.9999996589648241
0.9999999999999997	0.999999999996816	0.9999999974319665	0.9999998034623473
0.9999999999999998	0.9999999999995273	0.9999999995005461	0.9999999611837025
0.9999999999999996	0.9999999999969906	0.9999999972975311	0.9999997933478687
0.9999999999999997	0.9999999999964767	0.9999999969913458	0.9999997634852114
0.9999999999999999	0.9999999999966733	0.9999999972785091	0.9999997838853039
1.	0.9999999999977223	0.9999999980305404	0.9999998603971731
0.9999999999999999	0.9999999999981902	0.999999998507784	0.999999880670393
0.9999999999999993	0.9999999999949747	0.9999999960139271	0.9999996352390619
0.9999999999999999	0.9999999999982007	0.9999999984322068	0.9999998845901038
0.9999999999999997	0.9999999999957333	0.9999999963915921	0.9999997263377326
0.9999999999999998	0.9999999999940221	0.9999999950034755	0.9999996182706661
0.9999999999999993	0.9999999999975195	0.9999999978404388	0.9999998174135594
0.9999999999999999	0.999999999998237	0.9999999984247863	0.9999998708008735
0.9999999999999996	0.9999999999975551	0.9999999977345422	0.9999998357026182
0.9999999999999996	0.9999999999976884	0.9999999979305546	0.9999998329136462
0.9999999999999996	0.9999999999966696	0.9999999972291128	0.9999997932977887
0.9999999999999997	0.9999999999977218	0.9999999980379385	0.9999998544571029
0.9999999999999998	0.9999999999961992	0.9999999969678489	0.9999997814278941
0.9999999999999998	0.999999999997283	0.9999999977465764	0.9999998296949016
0.9999999999999992	0.9999999999926894	0.999999993827775	0.9999994799220343
0.9999999999999999	0.9999999999975151	0.9999999979313566	0.9999998377036685
0.9999999999999998	0.9999999999967046	0.9999999971338047	0.9999997836937421
0.9999999999999998	0.9999999999943564	0.999999994827555	0.9999996018233047
0.9999999999999998	0.9999999999972308	0.9999999976977594	0.999999829057422
0.9999999999999998	0.9999999999985328	0.9999999987296876	0.9999998939877158
0.9999999999999997	0.9999999999967527	0.9999999973048787	0.9999997970342334
0.9999999999999998	0.9999999999959647	0.9999999966896852	0.9999997521832715
0.9999999999999996	0.999999999996096	0.9999999966427968	0.999999743286475
0.9999999999999999	0.9999999999986731	0.9999999989024121	0.9999999144809705
0.9999999999999999	0.9999999999990322	0.9999999990844678	0.9999999325140739
0.9999999999999997	0.9999999999971174	0.9999999976252297	0.9999998086567443
0.9999999999999997	0.9999999999956175	0.99999999615731	0.999999691328994
0.9999999999999999	0.9999999999987373	0.999999998961129	0.9999999179807321
0.9999999999999996	0.9999999999973496	0.9999999975986241	0.9999998064961556
0.9999999999999999	0.9999999999965724	0.999999997101278	0.999999792007594
0.9999999999999996	0.9999999999978817	0.9999999982215554	0.9999998608576898
0.9999999999999996	0.9999999999958149	0.9999999964915987	0.9999997421998645
0.9999999999999997	0.999999999996117	0.9999999966783548	0.9999997533460608
0.9999999999999996	0.999999999997226	0.9999999973210396	0.9999998102375318
0.9999999999999999	0.9999999999987342	0.9999999988777265	0.9999999340567132
0.9999999999999994	0.999999999996806	0.9999999969398492	0.9999997474667678
0.9999999999999996	0.9999999999967603	0.9999999971125224	0.9999997532370939
0.9999999999999996	0.9999999999946497	0.999999995637727	0.9999996529701842
0.9999999999999994	0.9999999999969715	0.9999999974185672	0.9999997939289021
0.9999999999999997	0.9999999999982455	0.9999999985608349	0.9999998875065763
0.9999999999999999	0.999999999995975	0.9999999964770933	0.9999997332161623
0.9999999999999994	0.9999999999978129	0.999999998139736	0.9999998585731295