0.9999999999979328	0.9999604620182115	0.9841917375301151	0.7303514321657826
0.9999999999978966	0.9999582533397641	0.9766623172071133	0.6868573556514113
0.9999999999978536	0.9999590003104709	0.978611191278347	0.7928060348877684
0.9999999999987945	0.9999745636025995	0.9844998575878482	0.8643192615560563
0.9999999999981475	0.9999627868073127	0.9826053575998321	0.6845525238031512
0.9999999999980658	0.999965564904407	0.9843297897918172	0.856639854966899
0.9999999999980801	0.9999609680137951	0.9780021291042872	0.7211123344219108
0.9999999999986124	0.9999735062000561	0.985928608819539	0.8563092062874681
0.9999999999979712	0.9999654830494731	0.9811750742553285	0.7986580369533082
0.999999999998602	0.9999753973065798	0.9848568019865416	0.8959671344203562
0.9999999999985096	0.9999703008564508	0.9863217627068294	0.7213570129381376
0.9999999999984824	0.9999722194490172	0.984119760919518	0.8384944382584062
0.999999999998174	0.9999666483204902	0.9889711397282542	0.6935680718494799
0.999999999998609	0.9999725006964544	0.9860325796108617	0.8530885526893116
0.9999999999979934	0.9999638120602403	0.9778260022974825	0.6877537255763979
0.9999999999980095	0.99996281462023	0.9768910124720376	0.7437295544712007
0.9999999999978155	0.9999582100376522	0.9742082016925354	0.6657576731733919
0.9999999999981454	0.9999646947448878	0.9797283923011255	0.6251015748979729
0.9999999999980234	0.9999624427163771	0.9864746446392689	0.6690793657094846
0.9999999999977004	0.9999565690598932	0.9750574556627791	0.7602417532693692
0.9999999999979459	0.9999639378964751	0.9833004306263936	0.8579092942678412
0.9999999999985536	0.9999725371956242	0.9849811537684489	0.7165900921213127
0.9999999999978761	0.9999613377771406	0.9844784972033124	0.7131198335705138
0.9999999999993696	0.999989017020701	0.994673431881793	0.9179514588684663
0.9999999999983864	0.9999670373910812	0.9817204431677391	0.8294994165034867
0.9999999999979713	0.9999593070366507	0.978295455109218	0.8562195335895997
0.9999999999979218	0.9999638656013694	0.9889540299204991	0.6551134858282492
0.9999999999980663	0.9999668432436368	0.9861440032052222	0.6890077821006874
0.9999999999985667	0.999971801599922	0.9848005915167793	0.7859350442158303
0.9999999999979912	0.999965166537168	0.9901286118935197	0.7576621454630844
0.9999999999982914	0.9999663103157913	0.9814728149259708	0.8102869801998174
0.9999999999982215	0.9999657011809957	0.9781473690024794	0.8504418015855555
0.9999999999978021	0.9999633046141276	0.9790884684565312	0.7348208199200176
0.999999999997871	0.9999647810456495	0.983050494283703	0.6625714606492218
0.9999999999980954	0.9999679492352435	0.9890177514434835	0.7097465527798892
0.9999999999984615	0.9999718607908652	0.9856755639678572	0.7246594790257108
0.9999999999990866	0.9999832007279773	0.9956373917421236	0.9451651522674132
0.9999999999979766	0.9999636007002508	0.9774170722819344	0.8789931496588759
0.9999999999978411	0.9999601448034612	0.9834065801344917	0.6338268793273902
0.9999999999986118	0.9999764966224876	0.9896394994265114	0.8540305175137934
0.9999999999980104	0.999958256790996	0.9817971079673199	0.8188359318969827
0.9999999999980989	0.9999635364181908	0.9811444161742264	0.7880940977485345
0.9999999999980814	0.999962323884878	0.9830364452770805	0.7111300051534065
0.9999999999980049	0.9999625064965779	0.9820523554569773	0.6788430544145738
0.9999999999980127	0.9999609386253305	0.9781239418946542	0.8155224682151488
0.999999999998016	0.9999650255056806	0.9852326535092135	0.746079562959238
0.9999999999986954	0.9999709030092604	0.9850498799168934	0.9184696602098821
0.9999999999983402	0.9999688664571041	0.9814856047473974	0.8458314905453128
0.9999999999981734	0.9999686226462466	0.9841074761872963	0.816468413991124
0.9999999999981906	0.9999630834830862	0.9885735333113382	0.7776588870207697
0.9999999999979072	0.9999641051185142	0.9826494017014611	0.686235481339783
0.9999999999980796	0.9999659722386133	0.987587580320783	0.7826396748574783
0.9999999999983198	0.9999714644031749	0.9835191937249461	0.7147586218891451
0.9999999999980943	0.9999638500927354	0.9793479205413748	0.7908705148146078
0.9999999999979386	0.9999613519572438	0.9797097584275151	0.748754648508512
0.999999999998439	0.9999661245394992	0.9832801045123608	0.6940239497653362
0.9999999999981153	0.9999670108261901	0.9849629989397586	0.8315486917732587
0.9999999999986416	0.9999726053218346	0.9847066752907838	0.7585534325576813
0.9999999999978392	0.9999619113227494	0.9836627396281495	0.666301607813011
0.9999999999976624	0.9999580215325274	0.9754652099546186	0.7451941640923708
0.9999999999981898	0.9999695142210354	0.9901219944411369	0.796984604373207
0.9999999999986802	0.9999742160604315	0.9824144950225605	0.7590626728023588
0.9999999999981183	0.9999620473098938	0.984379339154041	0.8307596474664773
0.9999999999984716	0.9999714844378034	0.9869958299035873	0.8872146652638122
0.9999999999979093	0.9999615756014998	0.9762659114713537	0.6230516780405725
0.999999999998061	0.999965325829916	0.9852252590606625	0.8175093868485821
0.9999999999980845	0.9999667431307514	0.979996539010307	0.7249279867976336
0.9999999999977177	0.9999577745928053	0.982861379790924	0.7381463476896875
0.9999999999977046	0.9999604289375776	0.9797137742175405	0.7186729123008577
0.9999999999982692	0.9999698303097676	0.9872234154465065	0.7477707485777364
0.9999999999985179	0.9999725459483547	0.9854048163773063	0.7273439241506672
0.9999999999978854	0.9999652130153958	0.9827287982809386	0.7147379849648547
0.9999999999980295	0.9999652986923666	0.982302727630979	0.6601453235111607
0.9999999999977366	0.9999631117381188	0.9712202104332601	0.7218153137673654
0.9999999999979718	0.9999616862972007	0.9829901685767622	0.8150193289740694
0.999999999998801	0.9999803050486049	0.9920035364295706	0.7927220390537202
0.999999999998841	0.9999771237599151	0.9945414390946792	0.8109064970154045
0.9999999999980753	0.9999654742507931	0.9884939971057104	0.8053482599958591
0.9999999999980569	0.9999645253317088	0.9801099390405474	0.779509273489106
0.9999999999978697	0.9999615806883719	0.9801770957902999	0.7496368879622506
0.9999999999978274	0.9999612146510565	0.9803162439392328	0.7075094874363381
0.9999999999979545	0.9999659325129193	0.9865095037528502	0.6639551714180214
0.9999999999981937	0.9999637796672566	0.9792575215994093	0.7446681703585221
0.9999999999977759	0.9999621934289777	0.9791118604932035	0.7046189936795489
0.9999999999977496	0.9999616103092126	0.980642321000736	0.620942093749309
0.9999999999979344	0.999963128351349	0.9841742705516284	0.8263654638789003
0.9999999999979894	0.9999629535897268	0.981840585885723	0.649775356961933
0.9999999999982915	0.9999659267877699	0.984204095128917	0.7769976558752475
0.9999999999980662	0.9999654104088284	0.9869146625397729	0.7525562869625626
0.9999999999983749	0.9999720530779947	0.9803023907488565	0.7701931529311892
0.9999999999984382	0.99996777526443	0.9836512648681518	0.8663916985860552
0.9999999999980682	0.9999640375795135	0.9823079685747231	0.8312306769986159
0.9999999999983031	0.999966178024942	0.981432691092059	0.8149758040242921
0.9999999999983653	0.9999713383255421	0.9825698864834967	0.7416073154031452
0.9999999999980912	0.9999674392207495	0.9824845474500027	0.7656261253155662
0.9999999999985534	0.999972608206575	0.9884282761829899	0.830358876886804
0.9999999999977791	0.9999596551723313	0.9777803991993511	0.7343636884575743
0.9999999999981353	0.9999630707454376	0.9824466686024618	0.6822880812150832
0.999999999998402	0.9999731161386123	0.9865134037153244	0.8643304305188155
0.999999999998183	0.9999644181805549	0.981586017189575	0.75730508895683
0.9999999999980299	0.9999616877029296	0.9819976596903502	0.8779295742061405
0.9999999999982345	0.9999656948982202	0.9802936971136007	0.7378542422358988
0.9999999999986645	0.9999763171457768	0.987813676805323	0.8596446833829702
0.9999999999981887	0.9999654114152657	0.9788300708603836	0.6779169555137762
0.9999999999979694	0.9999655747027972	0.9847991046094756	0.6560463064831026
0.9999999999984495	0.9999686229570224	0.9874994059553919	0.7212080173566152
0.9999999999978931	0.9999621451045664	0.9860655139108206	0.8653380279112145
0.9999999999980135	0.9999667206620444	0.9887875808849216	0.7689162721283026
0.999999999997994	0.9999639191237825	0.981871223787492	0.8384890106396319
0.9999999999979303	0.9999628239716523	0.9814828911252391	0.8168443671336783
0.9999999999981857	0.9999692921163784	0.9859848025118416	0.690807040040117
0.9999999999981247	0.9999650960983401	0.9793869018289008	0.7879814416821637
0.99999999999807	0.9999641850681462	0.9797020561492381	0.7270639262439583
0.9999999999981407	0.9999654904783046	0.9804979762990085	0.6253931122325397
0.9999999999980306	0.9999578096195261	0.9809519510609962	0.7532664581488638
0.9999999999978804	0.9999635926161743	0.9838115113691287	0.6256617567736308
0.9999999999982412	0.9999667689570941	0.988456192098467	0.8047746152764595
0.9999999999979404	0.999963074297198	0.9827144272483269	0.6931929302607002
0.9999999999978492	0.9999611510425729	0.9780480357820076	0.761522546747859
0.9999999999981847	0.9999677844772192	0.9878552249817075	0.7323098257876992
0.999999999997848	0.9999611901001947	0.9809703688908646	0.685208540433042
0.9999999999979106	0.9999638980402851	0.9780672506388262	0.7604975428937685
0.9999999999980446	0.9999627823325433	0.9788237941438769	0.8412787590821365
0.9999999999975996	0.999957896407426	0.9793807812801011	0.69198375775802
0.9999999999979937	0.9999626191204457	0.9870599124225464	0.7957136155413841
0.9999999999984533	0.9999700485948633	0.9840293344732484	0.6357666666764464
0.9999999999980588	0.9999618430126029	0.9797675038991085	0.7358878299011373
0.9999999999984331	0.9999726264165778	0.9823731475242112	0.7287038897627859
0.9999999999980838	0.9999683328765488	0.9874826147238829	0.6468284820530288
0.9999999999985795	0.999970948589512	0.9891937231981528	0.7503573839076535
0.999999999997814	0.9999602261468659	0.9773626684247123	0.7487867057760712
0.9999999999983266	0.9999703951731697	0.9920800462687831	0.8378605151210146
0.9999999999980165	0.9999661771597851	0.9868425422858571	0.6844184548101453
0.9999999999984935	0.999974331557109	0.9861728678882886	0.7342544055576793
0.9999999999988147	0.9999754304008263	0.9853135268877904	0.8855106476829286
0.999999999998317	0.9999736118522978	0.9877667659581469	0.7583563028810174
0.9999999999978725	0.9999597410277199	0.9776614999563304	0.7549112992278245
0.9999999999980399	0.9999632730245301	0.9815646813766091	0.6452796663596151
0.9999999999979762	0.9999653346660896	0.9894551841902025	0.7706719918849603
0.99999999999791	0.9999628652356563	0.9869749449359916	0.6539486014190162
0.9999999999979672	0.9999648310427082	0.9792852634368834	0.7938612209600356
0.9999999999977005	0.9999609471508185	0.9797983583166447	0.6368503971364888
0.9999999999978949	0.9999643140855989	0.9840269814094297	0.693744930767487
0.9999999999982812	0.9999675400150637	0.9831658852468214	0.8324138678034301
0.9999999999979831	0.999963663660371	0.9852796919703768	0.8140096910548369
0.999999999998006	0.9999621806623396	0.9904697405513422	0.7843090538434032
0.9999999999981601	0.9999644828385457	0.9787652548088563	0.7857187080660618
0.9999999999980586	0.9999611120581807	0.9859123885716387	0.8329349242073271
0.9999999999979267	0.9999592971474877	0.977095659961101	0.8460417059567102
0.9999999999980702	0.9999657211410198	0.9816897616163296	0.8327495460204787
0.9999999999985681	0.9999728584727763	0.9846621033285665	0.8127454654993688
0.999999999998901	0.9999811714804164	0.9906819262955737	0.8754900178474755
0.9999999999980704	0.9999627217071909	0.9838820548267171	0.8706436479049956
0.9999999999983095	0.9999668451798459	0.9873692320915519	0.722356604583122
0.999999999997845	0.9999557838939069	0.9747177286978534	0.7886370232415557
0.9999999999985901	0.9999713436286838	0.986204340816413	0.8367992978815767
0.9999999999980875	0.9999587430481816	0.976802199985546	0.8380101902242539
0.9999999999979713	0.9999635194492266	0.9861138362372789	0.7171223975613851
0.9999999999986995	0.9999737577413642	0.9841709128125986	0.8630852734728747
0.9999999999982497	0.9999683214746182	0.9912528328514354	0.851746929751194
0.9999999999979858	0.9999652273119213	0.9875650419431455	0.7314857565892174
0.9999999999976601	0.9999574756784542	0.9782597406725247	0.747208870856034
0.9999999999980247	0.9999661964059499	0.978476517188881	0.6963788831734209
0.9999999999988249	0.999975604751828	0.9847550652564203	0.8729260801889968
0.9999999999986374	0.9999743888393285	0.9867572947243105	0.8216379128129471
0.9999999999980789	0.9999656654370483	0.9865724347240166	0.6842595719592756
0.9999999999980552	0.9999665344714286	0.9799698257251801	0.7639361522376918
0.9999999999979038	0.9999661463529738	0.9862685446116547	0.7579312178314142
0.9999999999981484	0.9999667929785231	0.98740878590841	0.662146321111527
0.9999999999978862	0.9999619795655043	0.980275051998488	0.7456190355921891
0.999999999998158	0.9999659857906649	0.9799996574591239	0.7140730321571533
0.9999999999979797	0.9999595680601674	0.9800581718304743	0.7991427246240795
0.9999999999980781	0.9999665884906787	0.9873528892478726	0.7595781309508046
0.9999999999981652	0.9999688788511987	0.9916614219222255	0.7759387715402408
0.9999999999979036	0.9999620248591262	0.9844928853392546	0.6497772559264268
0.9999999999981545	0.9999698220024069	0.9839100017449551	0.8116193916942008
0.9999999999983584	0.9999704490047953	0.9858353411255598	0.8367495178965886
0.9999999999978886	0.9999609036527057	0.9841320892178906	0.7966427203383181
0.999999999998318	0.9999697663185649	0.9932220074981324	0.8091433823421007
0.9999999999986618	0.9999763132424004	0.9877822669500474	0.8476026476485151
0.9999999999982093	0.999966855960969	0.9885813790600926	0.7525395329166371
0.9999999999979273	0.9999597848433169	0.9810990068528777	0.6564830578450406
0.999999999998026	0.9999638842921119	0.9839428585336877	0.8700434016956652
0.9999999999978497	0.9999597817136511	0.9824844620618813	0.7059844293542504
0.9999999999982493	0.9999668748699001	0.9846939156887557	0.7010114874777524
0.9999999999978677	0.9999594830267254	0.975477451210548	0.6092821477464043
0.9999999999984698	0.9999714124936734	0.9856322380087977	0.6600766990627474
0.9999999999980227	0.9999663715695083	0.9876648767049439	0.7848049585645827
0.9999999999979717	0.9999626974133612	0.9814384318554424	0.7620988790079488
0.9999999999981075	0.999970006034978	0.9772935795650306	0.7389324181283116
0.9999999999985233	0.999971764807177	0.9847375711128147	0.765374335330143
0.9999999999987629	0.9999738206998954	0.9846050028623244	0.9001598423797809
0.9999999999979488	0.9999593404898119	0.9853577098851759	0.6791195566419107
0.9999999999988407	0.9999801926299455	0.992312885252278	0.8148081083083705
0.9999999999979727	0.9999628357424508	0.9730949537188914	0.8480514173197957
0.9999999999983473	0.9999644977813107	0.9831271126244556	0.8666529242083704
0.9999999999987005	0.9999752170669294	0.9891136910306852	0.8489080783681222
0.9999999999976587	0.9999556169003667	0.9761443056092248	0.7172446250248613
0.9999999999985171	0.9999716381337215	0.9844861191618257	0.7550807668743852
0.9999999999979443	0.9999623969384185	0.9750322953544124	0.7174377469062967
0.9999999999977622	0.9999574530899392	0.9815502038811351	0.7253660037770878
0.999999999997917	0.9999642036543152	0.981831533864499	0.7379334577749632
0.999999999999038	0.9999814330688623	0.991381420645933	0.7695229547472218
0.9999999999986154	0.9999746390605211	0.9854448389500435	0.8186669649690638
0.9999999999982941	0.9999672392376286	0.9855478375650665	0.7986696334302988
0.9999999999985338	0.9999714027179766	0.9840602080927032	0.771413180162783
0.999999999997955	0.9999560139110649	0.986675805925657	0.7497755283080217
0.9999999999985032	0.9999717553200577	0.9864374593127186	0.7671857843935183
0.9999999999978529	0.9999629121696556	0.9783793364134243	0.7082328661523505
0.9999999999981919	0.9999652221603292	0.9848769728710955	0.702575401151328
0.999999999997562	0.9999594444475989	0.9713874339592505	0.7868677681968534
0.9999999999984239	0.9999693721368299	0.9835199273475289	0.8486813099061135
0.9999999999979428	0.9999624522806868	0.9844627681752132	0.8110705195161483
0.9999999999983014	0.9999701014598555	0.9903230078908645	0.9000723288499143
0.9999999999987224	0.9999743560783563	0.9889641397055693	0.8771146621052884
0.9999999999988146	0.9999775224315941	0.9888765118521291	0.9274744974348953
0.9999999999985083	0.9999746517106268	0.9885585110531971	0.7665356787045696
0.9999999999981902	0.9999681723232848	0.977631503032273	0.7278699783601481
0.999999999998186	0.9999678053925708	0.9891003466588292	0.697325426871675
0.9999999999982357	0.9999694628089325	0.992827136485362	0.8540228407397668
0.9999999999979801	0.9999652924517695	0.984906930936635	0.6860122843644787
0.9999999999984315	0.9999737995064036	0.9856065713511891	0.8186296438224323
0.9999999999987287	0.9999777577350796	0.9875271265597187	0.8116834025862228
0.9999999999990016	0.9999816568167095	0.9906507108404715	0.7263134312069259
0.9999999999981558	0.9999683044549734	0.9878325364954036	0.7354497628220572
0.9999999999989506	0.9999812480094826	0.9896941032658295	0.8857167845300096
0.9999999999980851	0.9999656567669079	0.9857681901149091	0.803472459111867
0.9999999999979219	0.9999604544680427	0.9797051440917021	0.6849937600708171
0.9999999999984374	0.9999722778109098	0.9850200655656051	0.7184368302934543
0.9999999999986349	0.9999772463285753	0.9865881498483717	0.825699321351144
0.9999999999980388	0.999968831828832	0.9884473991465951	0.713962440042537
0.999999999998692	0.9999669523250628	0.9871087603347634	0.7991468994025012
0.999999999998385	0.9999745798691365	0.9842939434004365	0.7323889207791645
0.9999999999983973	0.9999695820014831	0.9825980904400462	0.7513740185664225
0.9999999999985337	0.9999744316098811	0.9842237341707971	0.8979900625869477
0.9999999999977892	0.9999586291497785	0.9749370550680309	0.8067543749324093
0.9999999999984741	0.9999675931712707	0.9855070908522047	0.8412926983081329
0.999999999998595	0.9999718056418643	0.9882852009943593	0.7803648527290212
0.9999999999979544	0.9999637485283265	0.9789570676283637	0.7802233799314132
0.9999999999979096	0.9999599405036467	0.9746825307422397	0.8777008153513965
0.9999999999980435	0.9999667566326629	0.9859714910732992	0.6581198873202753
0.9999999999991498	0.9999720916825371	0.9791930083714657	0.8989667415442318
0.9999999999978245	0.9999621752229549	0.9842347314005576	0.7070727706364752
0.9999999999980445	0.9999639680162505	0.9780690394805567	0.7600620231956259
0.9999999999979892	0.9999642567704414	0.983266647211621	0.7608792784685865
0.9999999999983854	0.9999716656143346	0.9827492291126787	0.7540548475263786
0.9999999999981777	0.9999674257514061	0.9841357586516668	0.7963781607030505
0.9999999999979389	0.9999644977246879	0.9855188014793035	0.6663824650352183
0.9999999999982709	0.999972223993765	0.9747193496252001	0.7372846701379281
0.9999999999977014	0.9999584698615843	0.9759657595666198	0.7560676149039913
0.9999999999985724	0.9999725954753638	0.9870579568820991	0.7176859988675179
0.9999999999989708	0.9999809511169035	0.9927587208028154	0.8403428978561115
0.9999999999981884	0.9999718488586841	0.9798320262607467	0.7759265413822983
0.9999999999982405	0.9999691036715126	0.9876622406757682	0.8942730272771222
0.9999999999982232	0.9999643551075825	0.9816258489294638	0.7477772206583347
0.9999999999978096	0.9999616188832333	0.97860180833286	0.6097498767016558
0.9999999999981598	0.9999675631626146	0.9878081519812255	0.7092739951441132
0.9999999999982119	0.9999689563164983	0.9929737140158755	0.8316145495339783
0.9999999999983081	0.9999697168520354	0.9883652365154191	0.7662955839063947
0.9999999999976613	0.9999566899156513	0.9738350041135825	0.7411645358708788
0.9999999999985844	0.9999740598330457	0.9845242378823864	0.7796770904991063
0.9999999999989984	0.9999815805296964	0.98881988206766	0.7981585063787977
0.9999999999986521	0.9999731300573306	0.9881648819632436	0.8619599809372348
0.9999999999982991	0.9999649212864861	0.9829567448725888	0.7523662532386577
0.999999999997839	0.9999612747526818	0.9782454455991516	0.7053724131624521
0.9999999999988327	0.9999742776641494	0.9869326489337152	0.8647830379389376
0.9999999999980311	0.9999619582544468	0.97670682324358	0.8248599824237894
0.9999999999982714	0.9999701663630942	0.9902313911027983	0.78897342806892
0.9999999999979456	0.999961191557332	0.9805887476822097	0.620899959814149
0.9999999999982296	0.9999659443462394	0.9815805346883403	0.592291120498918
0.9999999999989769	0.9999796189158057	0.9868974899944744	0.7990927967013545
0.999999999998037	0.9999676578383863	0.9817714350461495	0.823740763215794
0.999999999998042	0.9999637328491212	0.9861726318183313	0.7221232644773935
0.9999999999979705	0.999964542170554	0.9836475231998828	0.7539788835708338
0.9999999999981752	0.9999683846712197	0.9855956324467156	0.7115203686965504
0.999999999998095	0.999966281835944	0.983130732054146	0.8484741505402448
0.9999999999980034	0.9999581699233971	0.9783715893631441	0.8026314184249077
0.9999999999979537	0.9999647563954249	0.977384382807578	0.8375244984528257
0.9999999999978512	0.9999642526471059	0.9799008925115418	0.7453553531002419
0.9999999999981097	0.9999664075352485	0.9848760711798509	0.8995569522952546
0.9999999999981714	0.9999685056760756	0.9870970186086795	0.7243243571407155
0.9999999999980685	0.9999658269426751	0.9815184284854784	0.7743241794876956
0.9999999999977194	0.9999620411502373	0.9789697004747631	0.6991194738842511
0.9999999999981529	0.9999681505887995	0.9788776976365016	0.7479830525034793
0.9999999999978332	0.9999613566741621	0.9750987258416304	0.8410840430489862
0.9999999999989297	0.9999797567228718	0.9884581991859527	0.8332636215698398
0.9999999999981503	0.9999638861738799	0.9794141531447412	0.6197913830683958
0.9999999999986194	0.999975288897042	0.9831290421086869	0.8670819514575387
0.9999999999977625	0.9999581628460729	0.9770751382981638	0.7988532540771425
0.999999999997972	0.9999614320640603	0.984996644627529	0.8242002977217858
0.999999999998042	0.999965655208719	0.979293831872255	0.7943695239905904
0.9999999999979484	0.999964754872842	0.9838448791643553	0.837904540602348
0.9999999999977499	0.9999616591475977	0.9774436406284892	0.6482190572673295
0.9999999999981376	0.9999658330609726	0.9803105493392852	0.6605510797615588
0.9999999999985212	0.9999711576842	0.9875659531230128	0.7637174725316475
0.9999999999981727	0.9999682138363996	0.9918402692822693	0.7302037013803432
0.9999999999981329	0.999964010953246	0.9777886495732734	0.7278787097458064
0.9999999999982969	0.9999712602487799	0.9849002978989989	0.8212304974827777
0.999999999997918	0.9999635252637901	0.9829786286798389	0.8010020685717117
0.9999999999980445	0.9999599013649519	0.9836431473660244	0.713831493217446
0.9999999999981535	0.9999603922114324	0.9811970523757297	0.6495578629022536
0.9999999999978957	0.9999604165716399	0.9799694126847232	0.8005923949260512
0.9999999999981424	0.9999645218799929	0.9847917528819589	0.7916055502978873
0.9999999999979639	0.9999658612919627	0.9848412890802176	0.6335926049145406
0.9999999999978005	0.9999581540315701	0.9720752668860531	0.7356751179436276
0.9999999999979735	0.9999647413565886	0.9860894319795808	0.7483044026750891
0.9999999999982015	0.9999702564102882	0.9890073794857563	0.834074972773749
0.9999999999984084	0.9999706305137619	0.9875956813404048	0.7909461563636649
0.9999999999993461	0.9999888339688965	0.9941900053421886	0.8157845600417092
0.9999999999985848	0.999975362609003	0.9858843829995402	0.9114904800663547
0.9999999999979325	0.9999635959521836	0.9837515207433224	0.7473277213132636
0.9999999999982637	0.9999706912707338	0.9882073651199446	0.8703734799433225
0.9999999999980768	0.9999660255768633	0.9902564804227619	0.7998386243006465
0.9999999999978895	0.9999620587843449	0.9841427723975481	0.7947587834615427
0.999999999997913	0.9999680238609542	0.9747747152569812	0.8079384617193764
0.9999999999977017	0.9999550055859397	0.9771648782668088	0.7226084327625922
0.9999999999980667	0.9999628994303613	0.9789194962571176	0.6190547199932436
0.9999999999980349	0.9999609859243854	0.9829547484953527	0.7045809173784837
0.99999999999811	0.9999661486621059	0.983698607336912	0.8338143612025142
0.9999999999978461	0.999961825445504	0.983115966292826	0.6806176801400092
0.9999999999980107	0.9999578335950166	0.9798684128522402	0.6386957081556863
0.9999999999982694	0.999969315334228	0.9861812021976727	0.797944669694048
0.9999999999980934	0.9999668248670142	0.9893009976878797	0.804375164006948
0.9999999999980309	0.9999621001937833	0.9772226451991316	0.6708316185262398
0.9999999999984612	0.9999661548833616	0.9880265214171461	0.7630972713314912
0.9999999999984603	0.999969195358181	0.9818757905658176	0.808014175756163
0.9999999999976814	0.9999501414931633	0.9756547062885766	0.694629172874575
0.9999999999988305	0.9999788142780777	0.9876867271756321	0.8360611704066367
0.9999999999984576	0.9999693012494161	0.9856200588598667	0.7189971390338734
0.9999999999976305	0.999959117294299	0.9767918347764423	0.6772513922593136
0.9999999999978324	0.9999598873998632	0.9795468408217226	0.6585302928724903
0.9999999999980927	0.9999672767520661	0.9885618580642763	0.8263862874427667
0.9999999999983086	0.9999669705592392	0.9788784465710013	0.818128658810734
0.9999999999981705	0.9999676082038227	0.992716886620115	0.7922212748664238
0.9999999999979265	0.9999638197620763	0.9864053628306284	0.7517372975909851
0.9999999999980106	0.999960487300128	0.9836012246574524	0.85336501475775
0.9999999999984113	0.9999707008170362	0.9832441297086951	0.8274011916931908
0.9999999999982324	0.999968769406038	0.9920340208887201	0.8004521804273977
0.9999999999977994	0.9999630714143029	0.9804973913330112	0.6743492679851072
0.9999999999980321	0.9999643017919944	0.9816093504361292	0.8452655538479197
0.9999999999982953	0.9999654627023651	0.9816979381204332	0.6554116513110275
0.9999999999982935	0.9999693029876544	0.9836283372832721	0.7544291341183904
0.9999999999979564	0.9999593854078623	0.9790829447470044	0.8698751222734799
0.9999999999980104	0.9999628455891532	0.9817628004445346	0.7472644291048275
0.999999999998005	0.9999646621314006	0.9819529218301158	0.7743782726142636
0.9999999999979319	0.9999622757404056	0.9741741944913324	0.8059883225015362
0.999999999998129	0.9999643464669826	0.9833575211939748	0.6826457543694228
0.999999999997988	0.9999619580119978	0.9842536242789899	0.7257492847255234
0.9999999999977432	0.99995976053192	0.9774231082795295	0.7952432636167514
0.9999999999989797	0.9999807116618404	0.9907019336621911	0.7576704214159995
0.999999999998632	0.9999734014055008	0.9888610836726569	0.7911064821115629
0.9999999999977447	0.9999517858211384	0.9738847392975336	0.7512234865498221
0.999999999998296	0.9999653875463321	0.9841874478617301	0.6478013987853207
0.9999999999979147	0.9999601662283701	0.9854286713747393	0.7893910493951914
0.9999999999980955	0.9999648767646239	0.9798370475500096	0.7519396703067979
0.9999999999986767	0.9999758790958903	0.9849293843034066	0.8019640446499228
0.9999999999980628	0.9999641122127841	0.9856412983472675	0.7775300190730164
0.9999999999984381	0.9999736129926868	0.9908515865004038	0.7948046526924276
0.9999999999982015	0.9999680751357332	0.9845922315197844	0.8807435815427888
0.9999999999979667	0.9999615117370119	0.9854547219675889	0.6840670616529457
0.9999999999980969	0.9999686735392269	0.987827787448624	0.7555573310579305
0.9999999999979718	0.9999624233452983	0.9808663876701204	0.5968278122721226
0.9999999999982537	0.999966617235826	0.9808297790874004	0.8027784001476411
0.9999999999978755	0.9999636597678212	0.9805933027105289	0.7530271142790621
0.9999999999977898	0.9999612824091337	0.9728034594665896	0.6979807485288345
0.9999999999987418	0.9999739096796979	0.9882984358825606	0.7653970380571646
0.9999999999979793	0.9999648841730868	0.9833815280782474	0.7758080809593195
0.9999999999980108	0.9999625832808589	0.9869646984395661	0.8029742625035315
0.9999999999976814	0.9999567640009605	0.9746765629673666	0.6653581175040484
0.9999999999980446	0.9999623604937301	0.9817289087643988	0.6525160708006299
0.999999999998066	0.9999672825899807	0.9813254803880462	0.8126632953063323
0.9999999999983318	0.9999702160941465	0.9886398451546612	0.7747874571219093
0.9999999999979493	0.9999606453829232	0.9753414362688844	0.7882457626182681
0.9999999999979502	0.9999646674866255	0.9810625114169801	0.8673297488219862
0.9999999999977086	0.9999607209821371	0.9775021039527833	0.6988498218676767
0.9999999999980226	0.9999658692979925	0.9734906099013864	0.8042422582210025
0.9999999999984716	0.9999700506631732	0.9831499378333091	0.792699220273227
0.9999999999980181	0.9999681462600344	0.9865048324887163	0.8337805087611705
0.999999999998762	0.9999745982525325	0.9820427136183308	0.8795929653796035
0.9999999999978403	0.9999590007722249	0.9792178254155371	0.7373132467987582
0.9999999999988565	0.999979976942323	0.9876953676462499	0.7937998745958562
0.9999999999986937	0.9999793677630382	0.9881481428392838	0.8362946671317754
0.9999999999981337	0.9999648558200518	0.9804509525063066	0.6190438264408084
0.9999999999979877	0.9999625830248955	0.9806154338522804	0.7751958892368846
0.9999999999980195	0.9999658732331738	0.9808548573172652	0.7815696499936794
0.9999999999979314	0.9999640032657252	0.9774181717457184	0.7342894627540993
0.9999999999981382	0.9999676751573606	0.9938701025525615	0.8336406336142163
0.9999999999983675	0.9999678231724621	0.9898884070707398	0.7621895174482102
0.9999999999986171	0.9999723697986147	0.987544645186502	0.7748150519081234
0.9999999999984674	0.999970835265967	0.9835261879951376	0.8267317236335325
0.9999999999986019	0.999976961498855	0.9880510386220358	0.88912096948917
0.9999999999980751	0.9999657564534964	0.9883398596244239	0.6654497944407268
0.9999999999981034	0.9999638293908638	0.9888408544486645	0.8404270333384617
0.9999999999980342	0.9999635436884097	0.9891327224892491	0.7623062094381947
0.9999999999981832	0.9999682763748675	0.9881350959834203	0.7078601373399294
0.9999999999980322	0.9999613303687408	0.9805998622337595	0.8222402498280836
0.9999999999984924	0.999972124825211	0.985843772283277	0.7034119375585499
0.9999999999990019	0.9999810839633074	0.9880795016723223	0.7828285842215041
0.9999999999979976	0.9999625299963407	0.9793036907792533	0.8008935219811245
0.9999999999985084	0.9999701003016912	0.9883788439367812	0.8071976276931571
0.9999999999979804	0.9999594660043043	0.974923575160495	0.8585145645281536
0.9999999999978165	0.9999627512442513	0.9789579153305252	0.7193067824178789
0.9999999999978213	0.9999630504630391	0.9758262323710628	0.7674228859278099
0.9999999999978401	0.9999628062257591	0.9750967047806756	0.7113331186348053
0.9999999999981123	0.9999634265816064	0.9778621398364986	0.7828994700626336
0.999999999998215	0.9999650859857566	0.9870079698167649	0.6963196107700574
0.9999999999980005	0.9999620866974841	0.9806790808402067	0.6762173918965694
0.9999999999988054	0.9999777378674376	0.9878038479760639	0.7598944056021769
0.9999999999979424	0.9999624065999426	0.9801521632800451	0.8663574398097087
0.9999999999985641	0.9999750953945943	0.9799928666877311	0.7417406230837393
0.9999999999983776	0.9999705196097453	0.9863631970474533	0.7679094924863493
0.9999999999978806	0.9999632413016727	0.9783200010950497	0.7339708408974374
0.9999999999983387	0.9999693778268074	0.9868743892619345	0.8005625892297102
0.9999999999979686	0.9999623508708871	0.9800932470757473	0.8570803659951759
0.9999999999981805	0.9999630663476381	0.9787362220925716	0.7775487525634414
0.9999999999980104	0.9999639866371635	0.9780732030344902	0.6559952144706321
0.9999999999984703	0.9999691107654944	0.9831005920184613	0.8347533861761769
0.9999999999980209	0.9999658609760769	0.98903660597301	0.8031697763816232
0.9999999999982795	0.9999653950024855	0.9785537151879575	0.7604136578671672
0.9999999999979649	0.9999647230215887	0.9843074527096854	0.6775443693020746
0.9999999999979823	0.9999598992541302	0.9790065752552048	0.6712420931989045
0.9999999999983027	0.9999680796355037	0.979979247820616	0.8324946775526201
0.9999999999981848	0.9999685154507902	0.9866358262242184	0.867111958053603
0.9999999999978663	0.9999605035778051	0.9797174431317602	0.655187784114084
0.9999999999978144	0.9999622904987142	0.9782937475296787	0.6609167142165829
0.9999999999988782	0.9999794383554663	0.9896325930624873	0.8706815044339556
0.9999999999987476	0.999976911506751	0.9886008383221684	0.6945161965374227
0.9999999999986611	0.9999738952700448	0.9857252987963487	0.8609164370730564
0.9999999999978796	0.9999630412305271	0.9797673057941654	0.7260132546295905
0.9999999999981616	0.9999661270806056	0.97990091080953	0.7379161757550311
0.9999999999980173	0.9999640418742446	0.9849793580165128	0.8018700782557444
0.9999999999981507	0.9999681248562179	0.9860769569013664	0.7527730256102426
0.9999999999979922	0.9999639854763155	0.9813371995733731	0.8939788734378741
0.9999999999980009	0.99996317328117	0.9887073918427857	0.727040595542643
0.9999999999985234	0.9999751539003322	0.9869458914180042	0.7519837463235174
0.9999999999977964	0.9999614073192142	0.9797041592606961	0.617471071397805
0.9999999999980086	0.999963487642991	0.9821606866293151	0.6086136942673464
0.999999999997791	0.9999618570253122	0.977424590025906	0.694478244277663
0.9999999999977869	0.99995882840375	0.9755742858463436	0.7533793048838927
0.99999999999787	0.9999643581748777	0.9843248027462411	0.7732182176299875
0.9999999999987924	0.999977027955425	0.9875457635692282	0.7019017760771947
0.9999999999981486	0.999967119406409	0.9835588604526637	0.8473112476727225
0.999999999998003	0.9999664826642952	0.9823438934341311	0.7876321967286855
0.9999999999985877	0.999974945729877	0.9884261279595148	0.801653954349023
0.9999999999981759	0.9999695488402496	0.9880746209108189	0.8668841169279548
0.9999999999986502	0.9999745495560391	0.9870845930536141	0.683139971802655
0.9999999999989277	0.9999780969841672	0.9917320369585684	0.8559028957008988
0.9999999999980484	0.9999651285219117	0.9906485669081474	0.8659967040486016
0.9999999999984565	0.9999697862272177	0.983430036351928	0.752893624961547
0.9999999999982527	0.9999695111930458	0.9872406096472215	0.7685789112203696
0.9999999999981566	0.9999695505959562	0.9780870509419253	0.707260575654702
0.9999999999983685	0.999972157107852	0.979747945401384	0.8082682844466859
0.9999999999980083	0.9999640801864218	0.985906331053748	0.7748488063547015
0.9999999999982895	0.9999673661341953	0.9827446285198118	0.867935538524278
0.9999999999978302	0.9999613297259696	0.9806935642969882	0.6830213266621293
0.9999999999985477	0.9999733762391467	0.9885157469121527	0.8223718523546677
0.9999999999979744	0.9999615379692885	0.9819423856268955	0.8134602440951944
0.9999999999984003	0.99996787383715	0.981736733829146	0.8536811933628714
0.9999999999984724	0.9999701216857578	0.9850654835998119	0.8530470398630565
0.9999999999978296	0.9999588327324376	0.9762793560654117	0.8119277488100904
0.9999999999983311	0.9999722446152924	0.9889447531016189	0.7496461785041271
0.9999999999978911	0.9999582465117571	0.9765833478359617	0.8417473332714688
0.999999999998412	0.9999715957240887	0.9800930973765823	0.7819662215857478
0.999999999997968	0.9999628433843515	0.9847894566544003	0.8229152750294715
0.9999999999980976	0.9999657765067859	0.9854004992495644	0.9359751316551714
0.9999999999984159	0.9999701035291103	0.9848455049813645	0.837443351682035
0.9999999999985563	0.9999741378179416	0.9888164783036426	0.7759037702330939
0.9999999999979085	0.999962786355	0.9839907037304784	0.6336270473428324
0.9999999999980309	0.999964970833623	0.9833992649033094	0.7495014764917199
0.9999999999981609	0.9999620419460596	0.9810095476032358	0.8381511562090501
0.9999999999979396	0.9999649610507492	0.9816156223772864	0.7658324057474519
0.9999999999986294	0.9999714265755238	0.9833968800523715	0.7820480830140263
0.9999999999980277	0.9999633448232508	0.9868994456407868	0.7721373022125352
0.9999999999982929	0.9999639951718944	0.9831853982048891	0.7997661116601331
0.9999999999981016	0.9999631177047124	0.9767650093801274	0.7470652330067996
0.9999999999984552	0.9999686881843715	0.9851328886817492	0.673330765243524
0.999999999998003	0.999960880945995	0.9820730729425452	0.8073288247819288
0.9999999999979501	0.9999634284934471	0.9779588929501111	0.8550815969609795
0.9999999999988465	0.9999782489921353	0.99202967805056	0.7209541499484807
0.9999999999981692	0.9999656171830769	0.9819626600229877	0.8607632565762005
0.9999999999980045	0.9999643978383379	0.9777655338198247	0.6911747322399793
0.9999999999982921	0.9999698618909698	0.9868337160771066	0.7991901616088224
0.9999999999979123	0.9999599104548466	0.9748617611828786	0.795806560727769
0.9999999999980591	0.999965013167466	0.9818959334864757	0.8128234911104878
0.9999999999986344	0.999974825927788	0.9865974815091124	0.8771022801641483
0.9999999999982077	0.9999714507069817	0.9832507939415371	0.7746877547119903
0.9999999999980808	0.9999634447117576	0.9868632256244193	0.7855484042646274
0.9999999999979033	0.999960055015787	0.978569807372312	0.6882455698722401
0.9999999999980339	0.9999647682964636	0.9844103511641047	0.7629090424751485
0.9999999999984817	0.9999725561731315	0.9878801245939451	0.7544472894508558
0.9999999999982192	0.9999693815724646	0.9883031650506976	0.8939975375875254
0.9999999999981545	0.9999630216811622	0.9829571419900215	0.677727581173754
0.9999999999981786	0.9999679095832983	0.9875043927932137	0.8288329732491827
0.9999999999982965	0.9999715509983182	0.9846338042432288	0.6566364170327006
0.9999999999978003	0.9999572626283728	0.9758138593116283	0.7863896854242011
0.9999999999981075	0.9999604641582331	0.9795340032918288	0.8124856010827396
0.9999999999979181	0.9999646403848215	0.9820458897828649	0.7526906913245128
0.9999999999978925	0.9999681622236913	0.9766371411512924	0.7177449960264627
0.9999999999984914	0.9999733206724863	0.9797272370268465	0.9148664691121103
0.9999999999974419	0.9999554138757155	0.9747181558934391	0.6902678727854094
0.9999999999983017	0.9999687992874555	0.9863173955827695	0.6501265475742024
0.9999999999980623	0.9999661944725737	0.9864412156586936	0.7087369653378155
0.9999999999983042	0.9999681356613199	0.9848908893058587	0.7439276577650448
0.999999999997852	0.9999617479205231	0.976215054946607	0.7538962702400972
0.9999999999980117	0.9999632939710266	0.9885815156765239	0.8122626274182748
0.9999999999984603	0.9999739373395123	0.9825779327599685	0.7481889331627926
0.9999999999978423	0.9999602183581103	0.9760102056143071	0.7355253744266559
0.9999999999986384	0.9999754944878745	0.9869052420647597	0.6844319629873171
0.9999999999988883	0.999978154643474	0.9885976846204851	0.7042843425626355
0.9999999999980911	0.9999661874602664	0.9829532967939685	0.8143985723755615
0.9999999999981589	0.9999647810176957	0.9805385875715485	0.8646624673205561
0.9999999999978909	0.9999630567588238	0.9758554646317186	0.7390067563308307
0.9999999999975451	0.9999565663415598	0.9759040533180348	0.7253333603469093
0.9999999999978189	0.9999636005924487	0.9824287675205905	0.7621491669172118
0.9999999999984521	0.9999667172795244	0.9875172497822807	0.7638236913089578
0.9999999999979649	0.9999645318069675	0.9800069049436017	0.7162195296053409
0.9999999999979574	0.9999636409288974	0.9844961089236657	0.6829502882423072
0.9999999999982264	0.9999655635385201	0.9811989039189458	0.6483544141063747
0.9999999999980078	0.9999615495621783	0.9780582802125309	0.7160841975217676
0.9999999999977003	0.9999576410176803	0.9755339098537824	0.7257595614665213
0.9999999999986108	0.9999725244161368	0.9851809131488933	0.7801823026225505
0.9999999999978957	0.9999586798672484	0.9739795147740044	0.7275339400687454
0.9999999999981383	0.9999646254139309	0.9801242539228746	0.7312719293144678
0.9999999999984841	0.9999721523169544	0.9828628154738996	0.769136948041161
0.9999999999980581	0.9999645917004829	0.9824031610200887	0.8194344178879472
0.9999999999987871	0.9999777185540343	0.9881410497280192	0.9043186288339891
0.9999999999980773	0.9999671725105215	0.9892959267322562	0.6891932464089396
0.9999999999982948	0.999971469845219	0.9863019231583344	0.8879577209993921
0.9999999999978554	0.9999644377290319	0.9818596162549962	0.6506716199250783
0.9999999999979953	0.9999603026292728	0.9746630942022092	0.7661047969872138
0.9999999999979837	0.9999644861520807	0.9888255763072569	0.6555487528635301
0.9999999999980789	0.999967297801636	0.981773725445115	0.8492291876312561
0.9999999999983309	0.9999661522906814	0.98995208826653	0.8790701626381966
0.9999999999978804	0.9999617960245526	0.9775710798366476	0.604353301969491
0.9999999999980627	0.9999666874996953	0.9920886243083745	0.8041669608223255
0.9999999999978737	0.9999649828279296	0.9793448389398217	0.6971852235351351
0.9999999999985291	0.9999705935869269	0.9849646140670706	0.8407915485145572
0.9999999999982455	0.9999699388381292	0.9856440061932363	0.8666384507973279
0.9999999999981034	0.9999681328226678	0.9869598600757262	0.7751375574640533
0.9999999999980468	0.9999617889957017	0.9750804855412598	0.8483263505142475
0.9999999999980483	0.999965624070448	0.9810159183754346	0.8246049050651497
0.9999999999980429	0.9999663336062561	0.9844725972717746	0.7722167944136378
0.9999999999977963	0.9999619686603751	0.9821206627878835	0.6589976671660702
0.9999999999982739	0.9999712362463437	0.9795259013979806	0.8032537778777739
0.999999999997824	0.9999622713901527	0.9754016286137175	0.7434854974285482
0.9999999999980484	0.9999644371700586	0.9870845404590923	0.7142437735494646
0.9999999999979533	0.9999640562098079	0.9794643902260808	0.7813864358157876
0.9999999999978509	0.9999585442581844	0.9823957292336258	0.6701718509349742
0.9999999999978045	0.9999606099097815	0.9789708109936156	0.7330364962189104
0.999999999997844	0.9999640813845398	0.9770018398426564	0.7821048015865116
0.9999999999978424	0.9999600545590621	0.9767297332979575	0.6349239031086694
0.9999999999983267	0.9999681515679693	0.9867245408074601	0.8580371311704185
0.9999999999983509	0.999971678927893	0.9903306337488348	0.8757513325325512
0.9999999999982638	0.999967964405587	0.980607638292834	0.8928094534249283
0.9999999999983158	0.9999699264383851	0.989746281914826	0.7460574700347969
0.9999999999980557	0.999962325825284	0.9759847867636099	0.7750396246210064
0.9999999999979158	0.9999620998804913	0.9827369967600654	0.7408237513314803
0.9999999999981852	0.999964284586683	0.9859078850626748	0.7913996695922794
0.9999999999975697	0.9999591486896297	0.9741786396388584	0.7313205639868406
0.999999999998778	0.9999789219432107	0.9880763428083944	0.8651630417605106
0.9999999999985085	0.9999700637952402	0.9862639055044364	0.734781097002177
0.9999999999979841	0.9999623555965884	0.9871026601237542	0.7759997413522659
0.9999999999980745	0.999967923310541	0.9828634254531695	0.6409740322216348
0.9999999999984795	0.9999731809816967	0.9860259719675245	0.7628447076317305
0.9999999999992342	0.9999865156482011	0.9931843152169916	0.807811321760777
0.9999999999980209	0.9999644831670925	0.974805697734724	0.8664413154569177
0.9999999999984723	0.9999729309603017	0.9826155017907136	0.8259976775231943
0.9999999999981051	0.9999656041119034	0.9888633922022784	0.8049198453547842
0.9999999999977452	0.999956069863154	0.976757148678767	0.72725742594328
0.9999999999978995	0.999959117931786	0.9821511627067494	0.8713952136426188
0.9999999999984178	0.9999693623022406	0.9831129968850919	0.7626917285364403
0.9999999999981012	0.9999675930328357	0.9849648949044236	0.7878969816151711
0.9999999999985626	0.9999726926333485	0.9838652353213757	0.7292571006814724
0.9999999999992825	0.999986504158543	0.9926125505750427	0.8705508702606266
0.9999999999979975	0.9999667706058578	0.984669026692917	0.8328553778885445
0.9999999999981113	0.9999655062258436	0.9801446257685754	0.6859041819550247
0.9999999999986533	0.9999747265454686	0.9834486425964222	0.7732206934046325
0.9999999999978059	0.9999586726473606	0.9780117131513705	0.702397969650972
0.9999999999977763	0.9999570817022979	0.9725383349665511	0.7489028738849471
0.9999999999980218	0.9999649952243752	0.9881502074213542	0.7581221976190556
0.9999999999984471	0.999970464809335	0.9884696608630608	0.7343459117514959
0.9999999999981579	0.9999689781559716	0.9834833380118996	0.7959937012700504
0.9999999999980657	0.9999639767866282	0.9786424751718018	0.8075782462827407
0.9999999999983163	0.9999690677701258	0.9809953934402402	0.7340883825511357
0.9999999999987635	0.999979366420614	0.9858718850172964	0.8757818731130358
0.9999999999980482	0.9999643832608057	0.9895684311021431	0.8786994828991896
0.9999999999982953	0.9999712751270485	0.9889543853703269	0.808877018639365
0.999999999998574	0.9999723865517745	0.9863941152248424	0.7492631100053907
0.999999999997878	0.9999607740969759	0.9784453807591171	0.6426706808361576
0.9999999999985475	0.9999708210551678	0.9860308129225029	0.7068716614260331
0.9999999999983494	0.9999702215957045	0.9845401469853101	0.7480227923073142
0.9999999999976965	0.9999591688011695	0.9734020236721425	0.6901631791914654
0.9999999999981916	0.9999694346166386	0.9910989092760595	0.785438865907777
0.9999999999978706	0.9999626336872999	0.9792406980626454	0.7349514064987421
0.9999999999980925	0.9999676885451896	0.9847436761016974	0.7942004884176824
0.9999999999978753	0.9999644935457082	0.9797148451708302	0.7928724896504369
0.9999999999981102	0.9999680799201436	0.9820691023498764	0.8031490701696041
0.9999999999986517	0.9999782239165904	0.9813158544431904	0.8452172914625136
0.9999999999981887	0.9999683071881125	0.9880864080724218	0.7257916654066544
0.9999999999979803	0.9999597558961814	0.986113598351175	0.7525242155507578
0.9999999999980083	0.9999602458239497	0.9776458331405884	0.8453981261711175
0.9999999999980692	0.9999648050019815	0.9867393491070799	0.7600244536318224
0.9999999999981835	0.9999686802227151	0.9870741311399208	0.7041410629573561
0.9999999999986212	0.9999749456590258	0.9851911080824017	0.7832655482127129
0.9999999999983401	0.9999698401221692	0.9823388927670927	0.6372450904048195
0.9999999999983589	0.9999741488661784	0.9891109398099347	0.7553721172933475
0.9999999999978224	0.9999584659629984	0.9795866522768767	0.7087419167833412
0.9999999999979828	0.9999632187070242	0.9816208511918215	0.8282355361566286
0.9999999999977881	0.9999557652767976	0.9716397357700708	0.6946096181209607
0.9999999999979388	0.9999643757914704	0.9800871556894946	0.6540326720950043
0.9999999999981138	0.9999637591125525	0.9788058901260502	0.7296456801864484
0.9999999999980844	0.9999676203612842	0.9829396400720312	0.78586331006155
0.9999999999981748	0.9999674020874818	0.9836926338577303	0.816727822816197
0.9999999999983537	0.9999716149222293	0.9848095291194411	0.8214858329627763
0.9999999999981323	0.9999667584823752	0.9837463669109211	0.6360457018214563
0.9999999999979581	0.9999641658443948	0.9880498931976278	0.7718273856039701
0.9999999999983545	0.9999711352683175	0.9891944334435406	0.8453091688041857
0.9999999999982099	0.9999697450986151	0.9825690738845977	0.739015199204163
0.9999999999990329	0.9999814057879223	0.9902393428610683	0.8207072774095828
0.9999999999980463	0.9999612181058964	0.9799179875319678	0.7403245267675959
0.9999999999983372	0.9999713025528301	0.9831427632761202	0.6572908883370226
0.9999999999977996	0.9999609775280826	0.9782117250254808	0.7102902262887283
0.9999999999978566	0.9999625832483433	0.9770692038832327	0.7473172883980695
0.9999999999978719	0.9999614648403817	0.9757117292451307	0.6121681496737962
0.999999999998532	0.9999689604814995	0.9815107659443069	0.7619069318962594
0.9999999999980866	0.9999659804458969	0.9830226672221835	0.6943523104814361
0.999999999997957	0.9999615032455651	0.9804488590392847	0.8970796730387101
0.999999999997861	0.9999608529830925	0.9780118059160195	0.5958855360443395
0.9999999999978721	0.9999612983833709	0.9763602150737345	0.7327394435960639
0.9999999999978536	0.9999615894293554	0.9756224594600142	0.8555691931918628
0.9999999999978018	0.9999598504446586	0.9785879119939089	0.6745812084528516
0.9999999999977316	0.9999596085528306	0.9794710350802419	0.7807141547587465
0.9999999999980684	0.9999608710854963	0.9813761170455532	0.7088244408118808
0.9999999999989805	0.9999819645967828	0.9880646745384986	0.8836865539613996
0.9999999999988484	0.9999769420031747	0.9873893774584029	0.7949721423393334
0.9999999999978583	0.9999585309530702	0.9839345605608105	0.7040720539284013
0.9999999999986199	0.9999734826589382	0.983720765759423	0.8768725005128214
0.9999999999980173	0.999962206459575	0.9866808834475859	0.9204201777758463
0.9999999999980591	0.9999676861278627	0.9850414206976011	0.7988576764167403
0.9999999999983509	0.9999700616541772	0.985197840175566	0.7121792471483348
0.9999999999978999	0.999960163912841	0.9790163866122905	0.7173048533488985
0.9999999999990662	0.9999799940902099	0.9854483049175717	0.8670979631423551
0.9999999999985014	0.9999720781168918	0.9836557518470282	0.8123860920255062
0.9999999999980947	0.9999614395181559	0.9800234874760791	0.7166369293066746
0.999999999997806	0.99996166682916	0.9819280860117278	0.6666614189396625
0.9999999999978268	0.9999617105955418	0.9744399982073482	0.8258355683627419
0.9999999999980818	0.9999658484987577	0.9835410509329464	0.8419964436348535
0.9999999999982312	0.9999694509019709	0.985893092285232	0.6774449568297056
0.9999999999983256	0.9999720981638945	0.9867319412709763	0.8481141652687909
0.9999999999976829	0.9999593918438427	0.9757436311366928	0.7577307417404461
0.9999999999982685	0.9999676666016886	0.9875411616236349	0.7005829945582275
0.9999999999978045	0.9999566360947381	0.9798934537587944	0.7576602586170879
0.9999999999984861	0.9999733995934285	0.9887571803274084	0.8350822208493673
0.9999999999979359	0.9999613174552355	0.9753281341677443	0.7041612881653149
0.999999999998072	0.9999677851050653	0.9885456185291465	0.7437474539981276
0.999999999998666	0.9999756249514089	0.9893192796459865	0.825832055690437
0.9999999999979131	0.9999615151934744	0.9790880683354771	0.888544045984842
0.9999999999980936	0.9999656545978192	0.9796121164556375	0.6596801201678355
0.9999999999983801	0.9999682077032391	0.9827367674370452	0.7387109787430713
0.9999999999978691	0.9999630842399533	0.9850338069473517	0.6614812745797523
0.9999999999983584	0.9999701768677198	0.9927055816105689	0.8331476831117742
0.9999999999979721	0.9999579893203822	0.9808066810873864	0.6499821968109065
0.9999999999983458	0.9999663159012142	0.9832851054697801	0.7089630787223539
0.9999999999975343	0.9999548733928133	0.9747938950408283	0.6961883512224565
0.9999999999982929	0.9999648835486573	0.984248284616168	0.7554739324956307
0.9999999999983007	0.9999689062736398	0.9834925938946201	0.8185955993544036
0.9999999999978707	0.9999580562306599	0.9778496378177358	0.7326629854191549
0.9999999999987078	0.9999776947194049	0.9820278039287323	0.7784698610330631
0.9999999999981074	0.999966140904228	0.9848695789693349	0.7371819884332476
0.999999999998491	0.9999687352913252	0.987217394075345	0.8044952928422227
0.9999999999978776	0.9999637486644504	0.9802485171575485	0.826287595686067
0.9999999999981005	0.9999652261109011	0.9842632348141028	0.6829289122811546
0.999999999998062	0.9999662661696185	0.9882460670419445	0.7337931815208003
0.9999999999978378	0.9999611096843782	0.9814827773347452	0.6707581704430555
0.9999999999986282	0.9999699660150267	0.9896082156317125	0.6903773876400005
0.9999999999981121	0.9999665860672767	0.9866263200309662	0.7763494407094335
0.9999999999979319	0.9999647322007048	0.9786547026174908	0.764362131015785
0.999999999997739	0.9999610469525584	0.9788018226402848	0.747474631532263
0.9999999999983147	0.9999690709338686	0.976541674568904	0.7011594672717129
0.9999999999979586	0.9999633984872229	0.9782048549022991	0.7204809779095114
0.9999999999978948	0.999962030813978	0.9804150427526623	0.6645546190077772
0.9999999999982596	0.9999697002717151	0.9839795524281006	0.8840896478779634
0.9999999999978733	0.9999571200508306	0.9775980902777757	0.8344821892284077
0.9999999999980367	0.9999632539650375	0.9823130095487426	0.6552568536731729
0.9999999999986019	0.9999819110350485	0.9805633435480186	0.8647584400054825
0.9999999999981839	0.9999623978372956	0.9802668314183843	0.6933318768526564
0.9999999999979963	0.9999645998091602	0.978986162004724	0.734129662487567
0.9999999999979688	0.9999628209604876	0.979012685548258	0.8624415799341206
0.9999999999977103	0.9999542223423581	0.9773405108150869	0.7482219399457414
0.9999999999982825	0.9999686413970975	0.9830017558283742	0.7498379608640855
0.9999999999980027	0.9999636125004956	0.9902107418860178	0.7932063890164449
0.9999999999981849	0.9999675030428846	0.982835792712073	0.8411588327805569
0.9999999999983278	0.9999721000767151	0.9825070805413182	0.6720834011429693
0.9999999999984007	0.9999722200465447	0.9814605636650442	0.807425595009048
0.9999999999985153	0.9999744158013892	0.9804382566785541	0.8225936842742949
0.9999999999979678	0.9999616403125497	0.9822985345478197	0.7197517835911325
0.9999999999980792	0.9999667016528977	0.9835805820673039	0.7588248722798614
0.9999999999987567	0.9999795831924977	0.9881539891711911	0.8124619044208518
0.9999999999978659	0.9999591032345063	0.9754610014343486	0.666596007071942
0.9999999999987067	0.9999734021916613	0.9892203397380137	0.8375467718084606
0.9999999999978808	0.99996038576113	0.9761089318543971	0.6958835950738208
0.999999999998022	0.999966708923692	0.9819503830123726	0.8430566360312116
0.9999999999976564	0.9999586113174747	0.9773249520521406	0.6379039632722563
0.9999999999980158	0.9999643062970687	0.9850660931805109	0.734641150034084
0.9999999999982269	0.9999678095056049	0.9761136533999418	0.7531800791511668
0.9999999999978061	0.9999621881001239	0.9773218602735849	0.7983256942462784
0.9999999999978536	0.9999580007963894	0.9761188111683582	0.7365798347490407
0.9999999999980639	0.9999667241900241	0.9834168678324439	0.8529824838247466
0.9999999999986235	0.999974092888593	0.989051767410871	0.8108787273219348
0.9999999999980768	0.9999656886852077	0.9865618888995297	0.673468533834287
0.9999999999981029	0.9999652425069906	0.9816418061240173	0.7373110736932278
0.999999999998006	0.9999655287247223	0.9862756708237141	0.6959205458454993
0.999999999997958	0.9999597482752709	0.9816854782692569	0.6222605831022971
0.9999999999985272	0.999972299150466	0.9841576881598969	0.6609090000002231
0.9999999999981144	0.9999643206359368	0.9853585441973526	0.6392340522496273
0.9999999999983895	0.9999681014511134	0.9851801149126825	0.6870075994735194
0.9999999999980002	0.9999627083487199	0.9885026682608333	0.8098305536180839
0.9999999999977649	0.9999595062352447	0.9820775339146063	0.7351351041382225
0.9999999999986032	0.9999722972435721	0.9876420526090115	0.8450554352376785
0.9999999999981429	0.9999643579358456	0.9884577274874816	0.7663899799331295
0.9999999999980144	0.9999610753603062	0.9769150161499921	0.7866755843824184
0.9999999999978719	0.9999578208517652	0.9775640180792995	0.6455238131095197
0.9999999999984778	0.9999719477787206	0.9884597449524276	0.8254377292860449
0.9999999999978778	0.9999636404573514	0.9794695632739803	0.7828366057690024
0.9999999999982883	0.9999690369823746	0.9852348177995923	0.720359692945025
0.9999999999985313	0.9999705299334756	0.9901406800109214	0.7906800622313205
0.9999999999979716	0.9999627042602959	0.9847863541985812	0.7990471609499691
0.9999999999987642	0.9999769437159426	0.9869575802991652	0.7913427151717303
0.9999999999979289	0.9999624228097566	0.9762208062184698	0.7618310578547803
0.9999999999978173	0.9999614706924943	0.9770627660316317	0.7621370617080376
0.9999999999988191	0.99997703200966	0.9880222530602196	0.7552298112492135
0.9999999999981113	0.9999674449578347	0.9885168149940539	0.8042566015690521
0.9999999999981157	0.9999661679314185	0.9870304245439016	0.748260278379723
0.9999999999982574	0.9999671138429214	0.9881179299198918	0.718984408145946
0.9999999999982594	0.999966388260956	0.9864648520747771	0.7369324205179243
0.999999999998384	0.999972817550494	0.9825199358284105	0.819620287557797
0.9999999999983807	0.9999681791028768	0.9834300991209093	0.6456095943183727
0.9999999999981383	0.9999659093432431	0.9810162677325076	0.7159443586825368
0.9999999999985412	0.999969988238123	0.9810580726640232	0.7972048332200803
0.9999999999982127	0.9999656003333083	0.9792796640706255	0.7312606128087852
0.9999999999980381	0.9999640733844184	0.9752190486484698	0.6449857982086972
0.9999999999980451	0.9999621810758007	0.983741440902881	0.762196744184845
0.9999999999978828	0.9999650357004347	0.9760692427279343	0.792104668668253
0.9999999999987101	0.999977536700917	0.9879630884810737	0.7107921846041539
0.9999999999978181	0.9999584569173482	0.9800942520840501	0.598422511343884
0.9999999999989705	0.9999792544502656	0.9926029627937664	0.8238772693706867
0.9999999999978273	0.9999626727895378	0.9826220020714219	0.6973822738478077
0.999999999998087	0.9999679269865969	0.9830040860033378	0.7170984399420703
0.9999999999979815	0.9999651693185024	0.9863530328676827	0.8051385146112939
0.999999999997998	0.9999625180154663	0.9785899051253664	0.7064065770074459
0.999999999998186	0.9999695312818633	0.982689867085546	0.8182665078004132
0.9999999999978672	0.9999616805859979	0.9753951526855335	0.7546314132219402
0.9999999999980379	0.99995998936223	0.9797082110005846	0.7913981433547855
0.9999999999986225	0.9999722746882159	0.986920257494667	0.7179093601109423
0.9999999999980365	0.999966479812731	0.9896302921793277	0.8141563896310184
0.9999999999981253	0.999967397627992	0.9802384779024574	0.8573639313138534
0.9999999999980597	0.9999664141389271	0.9828951504526849	0.7992692609087704
0.99999999999798	0.9999652379472371	0.9809080422851788	0.7705421570293983
0.9999999999984143	0.9999702910166469	0.98447471131709	0.8713758145001907
0.9999999999988107	0.9999753641407728	0.9878352373027269	0.7204756859365163
0.9999999999983165	0.9999723701218511	0.9884641225593307	0.8340546529630452
0.9999999999981793	0.9999680572885997	0.9926417643871484	0.8198330628700511
0.9999999999986098	0.9999779398309296	0.988247079247134	0.8585188096108287
0.9999999999981709	0.9999688646109145	0.9866016081743905	0.7565363227868832
0.999999999998399	0.9999704375979187	0.9833959323232939	0.6460473114128988
0.9999999999978316	0.999960255749247	0.9785447734486553	0.7330308568804653
0.9999999999980558	0.9999629833192416	0.9823197124317082	0.7192757010087215
0.9999999999983409	0.9999694527871795	0.9845778689469608	0.7397758202171153
0.9999999999979037	0.9999643213892357	0.9868484811917384	0.8069658688305523
0.9999999999981027	0.9999644649055324	0.9815318347766496	0.7952677993899561
0.9999999999980732	0.9999592427457581	0.9777299975382963	0.8340963999618177
0.9999999999985303	0.9999696700175625	0.988887972453579	0.8014351723061957
0.9999999999980574	0.9999615378462997	0.9887708866367219	0.6762583682284189
0.9999999999979222	0.9999663973246008	0.9825260525430833	0.8205900295506224
0.9999999999979987	0.9999581723007023	0.9811367667278088	0.7544653678280444
0.9999999999980735	0.9999623839884029	0.9827750646348383	0.9243135793654093
0.9999999999979887	0.999965812498036	0.9872281811209822	0.8196718185867298
0.9999999999978237	0.9999604172055541	0.979815631082386	0.7331272022451862
0.9999999999978727	0.9999603009541613	0.974721401255603	0.7521627009029523
0.9999999999979936	0.9999628055998977	0.9916378630558563	0.8065866900450142
0.9999999999980441	0.9999655756637552	0.9771742512966831	0.7811144511816834
0.999999999998419	0.9999707682493493	0.9864200463598799	0.7318585730016877
0.9999999999981319	0.9999668833267478	0.9915015348630064	0.831876782785106
0.9999999999980931	0.9999678520434641	0.9909400254807702	0.7549968322561231
0.9999999999980772	0.9999666295372455	0.9891811298386759	0.6769787808824589
0.9999999999986876	0.9999734907940129	0.9906635680443309	0.8055289019460499
0.9999999999987444	0.9999756065921963	0.986652786181132	0.6864663470669352
0.9999999999979731	0.9999643838576856	0.9847728072898619	0.729465127285731
0.9999999999981554	0.9999637240829702	0.9842942828293072	0.70513356792441
0.9999999999980324	0.999964534526766	0.9805735679835401	0.7885461272216668
0.9999999999983868	0.9999722377183367	0.989747255163252	0.8340836387053193
0.9999999999980552	0.9999649942347333	0.9927384191213261	0.7770282179732758
0.999999999997884	0.9999636696473866	0.9767698925953835	0.7641202131820891
0.9999999999982279	0.9999637674407832	0.9857683541508154	0.744131255008954
0.9999999999980613	0.9999653764116606	0.9794251073043778	0.7413533153976024
0.9999999999979745	0.9999578302906422	0.9793329167480525	0.6452937664875205
0.999999999997883	0.9999639406879655	0.980352987163024	0.7339767671224227
0.9999999999981037	0.9999688699335684	0.9823217291546422	0.8046265342209943
0.9999999999979104	0.999959326559663	0.9767568222308901	0.708692808589599
0.9999999999979676	0.9999643563686332	0.9783681804473742	0.8023028211404992
0.9999999999984177	0.9999656986392871	0.9837934964463011	0.801004192574595
0.9999999999980279	0.9999613835776558	0.9810921466834179	0.8936267878566289
0.9999999999983661	0.9999698098397446	0.9899844001344236	0.7584261093929731
0.9999999999978634	0.9999637628950412	0.981057378241401	0.753280656038163
0.9999999999982664	0.999970385424529	0.9883755709095673	0.8950877966082439
0.9999999999979406	0.9999651143049927	0.9854559458065391	0.6705073254257937
0.9999999999979985	0.9999653263112185	0.9831624793257807	0.6563057499821641
0.999999999998151	0.9999631724031484	0.9796466772158602	0.6511527281361228
0.9999999999984985	0.9999738795571244	0.9875840031793641	0.7850740692655451
0.9999999999979887	0.9999651381074639	0.9861054742924477	0.7331405263531645
0.999999999998388	0.9999650716884886	0.9858115155243987	0.7075663331504181
0.9999999999986031	0.9999766538855973	0.9833264049847129	0.7529704262929591
0.9999999999979864	0.9999587080074965	0.9773719448746477	0.6708442326712502
0.9999999999989045	0.9999798646437122	0.9890836043323439	0.741416112744648
0.9999999999980674	0.9999667128517912	0.9827729536414384	0.7482683835914964
0.9999999999983272	0.9999724716747876	0.9866732410139687	0.8870641380953992
0.9999999999981263	0.9999616965052273	0.9778040305765097	0.8715252188523568
0.9999999999978572	0.9999612897839532	0.9794109331923301	0.7826302167797023
0.999999999998168	0.9999701160861152	0.9877453640132539	0.6894230458725268
0.9999999999990923	0.999983786230955	0.9946283673645988	0.8218447518501164
0.9999999999984588	0.9999694447654496	0.9885045306362589	0.7942680097821413
0.9999999999978185	0.9999631613246707	0.9707082054730819	0.8362466348358281
0.9999999999980923	0.9999666316184652	0.9846692706482786	0.8067010512050732
0.9999999999979713	0.99996143552223	0.9799024080607693	0.7680780342729788
0.9999999999986999	0.9999707398104375	0.9780452411449813	0.785293880155546
0.9999999999987644	0.9999794646538244	0.9883763531919296	0.8573916953773443
0.9999999999981888	0.9999687822065516	0.9842800416565043	0.7807953024677347
0.999999999998219	0.9999671484059994	0.9820693915103269	0.8114628031152645
0.9999999999989483	0.9999810260990799	0.990572040139842	0.767827857484505
0.9999999999977921	0.9999624172734075	0.9792806259626412	0.7608557575338033
0.999999999997747	0.9999596816984945	0.9773652041485417	0.6495085411329165
0.9999999999980094	0.9999651282999834	0.9844385033768814	0.7146581774853038
0.9999999999988355	0.9999750793515626	0.9900550865452611	0.7982796224174391
0.9999999999982173	0.9999668751923055	0.9814405164675304	0.7816134051038836
0.9999999999979594	0.9999623830424453	0.9839352242431235	0.7769942313451318
0.9999999999986935	0.9999737086062838	0.9837577742759033	0.9039966392823863
0.999999999997899	0.99996549791306	0.9800061563617897	0.7430078544099169
0.9999999999982011	0.9999650564060658	0.9792549010482315	0.8212700488257262
0.9999999999978818	0.9999602001631964	0.9811826001902882	0.8473173024038395
0.9999999999978308	0.9999620838071667	0.9779897176288966	0.6549438971595907
0.9999999999978211	0.9999606126512064	0.977442734482803	0.7030783573140732
0.999999999998725	0.9999748018150825	0.9876474729383786	0.893873257068358
0.9999999999977625	0.9999572170562762	0.9769344055040844	0.7388980940005699
0.9999999999984255	0.9999687356294269	0.9852002273991506	0.8469763448455409
0.9999999999985335	0.9999713504687388	0.9860150732751258	0.8561844768952245
0.9999999999984287	0.9999680565086561	0.9858668187606087	0.8553371738345283
0.9999999999982174	0.9999701042904825	0.9916315047521544	0.8101380256043619
0.9999999999979704	0.9999638818602004	0.983702955977701	0.8121655249284653
0.9999999999985502	0.9999751437415128	0.980500333573892	0.8862036913753918
0.9999999999985959	0.9999705819240259	0.9850076898400619	0.8922816131633574
0.9999999999981243	0.9999653317166919	0.9862672463245037	0.6721662524390118
0.9999999999982616	0.9999663292447142	0.981263711919475	0.8037471330323307
0.9999999999984243	0.9999688860497471	0.9852224014044073	0.80742033677888
0.999999999997882	0.9999594085491895	0.9786684771920215	0.879498032447975
0.9999999999978622	0.9999604537186646	0.9763887767957942	0.7623672836826054
0.9999999999975268	0.9999558459888738	0.9731608016034342	0.7229012422929879
0.9999999999983609	0.9999687927624304	0.9918103467194179	0.8493776010439297
0.9999999999979715	0.9999597082471897	0.9807569692523496	0.7777134518442496
0.9999999999978624	0.9999587478212525	0.9840351820244463	0.7724828507248421
0.999999999998506	0.9999722178220437	0.9832941210864117	0.7340295933549278
0.9999999999981833	0.9999692745401457	0.9865423353926467	0.7630239406593762
0.9999999999978822	0.9999601208853272	0.9811866226957745	0.7389851959099802
0.9999999999979423	0.9999621214039573	0.9818532674529155	0.6956245368336766
0.9999999999981113	0.9999635011162323	0.978868743405815	0.7154913361823978
0.9999999999981645	0.9999641946692914	0.9781502259166159	0.6897013317984457
0.999999999998348	0.9999712997733039	0.9842244500129721	0.7427999002344063
0.999999999998136	0.9999634935914401	0.9797161266499947	0.8157723330977504
0.9999999999983858	0.9999712193441231	0.9886077599055231	0.7743018686982297
0.9999999999984945	0.9999702939284983	0.9848648479737339	0.8641923814477126
0.9999999999979294	0.9999629390380603	0.9812345389938474	0.8045323404875933
0.9999999999979267	0.999960841670223	0.9839346397595352	0.664839036645498
0.9999999999987793	0.9999762871925876	0.9907634147429922	0.7781823195390051
0.9999999999979343	0.9999638769731216	0.9842850328811229	0.8154146610318913
0.9999999999983757	0.9999666974450054	0.9818748314943946	0.7959638912307279
0.9999999999979915	0.9999647363218732	0.988174755582302	0.7674276284276502
0.9999999999980682	0.999965301055501	0.9883005075028136	0.7794583662446302
0.9999999999980242	0.999958565599181	0.9814183866646208	0.7907165956395801
0.9999999999978962	0.999957447021119	0.9772159477923532	0.782935754176261
0.999999999998348	0.9999672787739053	0.9819383184687297	0.6314280964625765
0.9999999999980642	0.999966964033127	0.9751328416983384	0.6730155527828916
0.9999999999976757	0.9999591219743913	0.9794652486435531	0.6818178980837444
0.9999999999978169	0.9999649001508082	0.9753377923344028	0.7427002672099792
0.9999999999983937	0.9999700774152679	0.986184512915293	0.6919563513165224
0.999999999997626	0.9999591439648942	0.9733014247162812	0.7153690295468597
0.9999999999977834	0.9999545474304491	0.9771802457075849	0.7249191922349537
0.9999999999987398	0.9999774163132985	0.9860774956013266	0.8854182702463617
0.9999999999979966	0.9999655025435389	0.9834871367915662	0.6292743169523265
0.9999999999978246	0.9999577099916361	0.98342888887583	0.6585035594161385
0.9999999999978265	0.9999641091653226	0.9817484484888414	0.6923423785174095
0.999999999997797	0.9999622271665252	0.977175817564393	0.7518387518162934
0.9999999999979284	0.9999604097908691	0.9736168475246696	0.7256143260021102
0.9999999999980849	0.9999596582669534	0.9847613527202344	0.8737857418895333
0.9999999999978377	0.9999617327133314	0.9766218250663322	0.7180876353714821
0.999999999998513	0.999969214916069	0.9833708814164462	0.7870098107728967
0.9999999999978432	0.999961604894448	0.978189632876343	0.7661401081102192
0.9999999999979806	0.9999618351219599	0.9739522256957425	0.7154597088511604
0.9999999999978024	0.9999560187461102	0.9776414006287689	0.7938809644761288
0.9999999999984476	0.9999692624173316	0.9860670592347903	0.8612832421252157
0.9999999999982949	0.9999713559771504	0.9865534968445145	0.8289430432102696
0.9999999999976771	0.9999581681948558	0.9802873698191651	0.7160886425525945
0.9999999999979514	0.9999652577003189	0.9820280966344263	0.7073116980400582
0.9999999999984011	0.9999739806393427	0.9905113731905814	0.7926172569896694
0.99999999999806	0.9999626169109168	0.9787282790186252	0.7913732895353913
0.9999999999980672	0.9999685849458159	0.9857544273800235	0.7469956494856866
0.9999999999980969	0.9999663282010562	0.9894091605294217	0.7752544338345913
0.9999999999980516	0.999963037134032	0.9751939315765785	0.8394495573552611
0.9999999999978411	0.999958549909352	0.9791837464185673	0.7637618151163951
0.9999999999985011	0.9999717198328683	0.9899633566249054	0.8117633467065757
0.9999999999978774	0.9999636619292178	0.9710126760562195	0.8172249173282038
0.999999999997988	0.9999654590593978	0.982325395149084	0.7872860311890693
0.999999999997946	0.9999631266731126	0.9803777576822075	0.7439284981265573
0.9999999999978592	0.9999601512979173	0.9865524290567326	0.6483387172034808
0.9999999999982006	0.9999598696819028	0.9789592951052831	0.6686913735501724
0.9999999999983978	0.9999693542222369	0.9825707291303215	0.8409299693680659
0.9999999999979198	0.9999597389237458	0.9879482583638577	0.7876596649291929
0.9999999999977648	0.9999595369965862	0.9761349612114317	0.753718729884961
0.9999999999984596	0.9999741649699021	0.9902044857649644	0.8738892943258829
0.9999999999982652	0.9999684189947219	0.9817779867836819	0.84473199716639
0.9999999999983095	0.9999657999791736	0.9830621994882768	0.8082205071996592
0.9999999999983039	0.9999704605254541	0.9846197116111437	0.6824664733442547
0.9999999999981776	0.9999698901634991	0.9782141456498938	0.7808636881712179
0.9999999999985851	0.9999743695825372	0.9886594085522691	0.8413292191192265
0.9999999999977438	0.9999603777829472	0.9784829627099508	0.754401081239269
0.9999999999978565	0.9999592817868644	0.9860654546254631	0.807628316220691
0.9999999999983867	0.9999708384706726	0.9882781778006101	0.7768050408752051
0.9999999999983824	0.9999703761986857	0.9873732822434625	0.8583169144763633
0.9999999999979747	0.9999624824162212	0.9841674217251406	0.7857928768170406
0.9999999999978092	0.9999576784734543	0.9738037651345552	0.8209934193949092
0.9999999999980904	0.999966728753589	0.9815385532196355	0.8534543432083965
0.9999999999979429	0.9999637631741348	0.9824883139354006	0.7708820747455739
0.9999999999986472	0.9999744778818113	0.982144963037525	0.7872374026941651
0.9999999999978001	0.9999623668574411	0.9675934365919582	0.755588310217008
0.9999999999978715	0.9999642190216083	0.9794391924750685	0.7398585154562917
0.999999999998194	0.9999686858948489	0.9892222256786674	0.7336660005498222
0.9999999999985233	0.999971438292992	0.9860808481151121	0.8928371970588899
0.999999999998439	0.999973643629248	0.983303671527335	0.6955175330719612
0.9999999999981336	0.9999652681810962	0.9825516611959458	0.7957249729422863
0.9999999999982877	0.999966611432309	0.9894427572742204	0.7826566426741824
0.9999999999981797	0.9999634905074776	0.9885809575853481	0.7856464465646104
0.9999999999982151	0.9999645221510893	0.9781044519500086	0.8158567240267859
0.9999999999982413	0.9999669210080795	0.9820252352663473	0.7369886694139153
0.9999999999982504	0.9999642645551831	0.9828936057198283	0.6553247417032596
0.9999999999983347	0.9999728845717442	0.9861645715451521	0.7752959416006724
0.9999999999978975	0.9999594386968997	0.9784665447187093	0.7623492564375217
0.9999999999977824	0.9999590946957108	0.9784966097573522	0.7912042617073152
0.9999999999977085	0.999958978809025	0.9736605665187952	0.7577718214765066
0.9999999999980899	0.9999623763430046	0.9820217415484774	0.7431922955740834
0.999999999997686	0.9999578979652216	0.9765295785323271	0.7211340777951727
0.9999999999981537	0.9999692482918144	0.9882177855348345	0.738773442137388
0.9999999999982869	0.9999692497364978	0.9899104990158674	0.7858984560918255
0.9999999999978774	0.9999607592123694	0.976233173479629	0.8102259991709169
0.9999999999984325	0.9999720934138622	0.9883501841641309	0.7826380279153405
0.9999999999981751	0.9999663468095684	0.9795734722112084	0.746936404689085
0.9999999999980836	0.9999622248671938	0.9889389825576262	0.7413935249422903
0.9999999999990463	0.9999823913149338	0.9775512290224754	0.9090583545981377
0.9999999999987433	0.9999765373559822	0.9899990881957389	0.8346643434040475
0.9999999999981024	0.9999687640168774	0.9883732111914436	0.7516992025927132
0.9999999999976621	0.9999569898898094	0.9768394946111092	0.6853522803375681
0.9999999999982262	0.9999670153550689	0.9867908824296623	0.6803423077329026
0.9999999999981246	0.9999665824933907	0.9840825768444104	0.8209774695298243
0.9999999999984367	0.9999685837389218	0.9879243729447295	0.7962629339689898
0.9999999999980228	0.9999644465447419	0.9824098083724844	0.7787949404736811
0.9999999999976883	0.9999568643506098	0.9769979594683752	0.6745322726258282
0.9999999999977361	0.999958924161003	0.9723460371814483	0.7564446450554261
0.9999999999987236	0.9999773323766417	0.9856978456691007	0.786655122385399
0.9999999999982534	0.9999706804078555	0.984313760507622	0.7706330908432497
0.9999999999983805	0.9999681258148904	0.9838297028837464	0.8725473790984782
0.9999999999987261	0.9999765117213324	0.987517391488944	0.692618398789337
0.9999999999978425	0.9999596448267333	0.9854793633246944	0.6952828075048836
0.9999999999978709	0.9999618144462167	0.978337217040269	0.8074377001616643
0.9999999999979382	0.9999645726007605	0.9825912301314609	0.6208809034201336
0.9999999999980475	0.9999651575957857	0.9849248591179451	0.7217361963336582
0.9999999999983393	0.9999686224239119	0.9863336680545278	0.8586987124374532
0.9999999999979381	0.9999629285972867	0.9799674511346665	0.7011461206710355
0.9999999999980137	0.9999678468212927	0.9859351975692	0.8444407101970028
0.9999999999979929	0.9999633716116921	0.977123949655896	0.7054775155962999
0.9999999999979392	0.9999632099800724	0.988222122175659	0.744283023777431
0.9999999999981598	0.9999685810844618	0.985131446801841	0.8748744950493852
0.9999999999979029	0.9999625178658128	0.9826892464958882	0.6169576495437288
0.9999999999979527	0.9999601702611532	0.9811060527573474	0.8307072906831474
0.9999999999980435	0.9999648840055988	0.9775684326308373	0.6450640258032064
0.999999999998425	0.9999729820689439	0.9866874226511291	0.84163957546692
0.9999999999986237	0.9999717524731707	0.9882634971743742	0.8423178935310829
0.9999999999978038	0.999959299294403	0.9732238228530138	0.7573289400267591
0.9999999999980623	0.9999650231167839	0.9782593637535719	0.7405073752918574
0.9999999999985127	0.9999716499246999	0.9870192262566594	0.7972238715757405
0.999999999998588	0.9999744559984122	0.9860977335836666	0.7502114045419939
0.9999999999978139	0.9999631323119346	0.9811104589104946	0.6839611046957889
0.9999999999979144	0.9999621405786279	0.9832569516490435	0.8695274713473434
0.9999999999980204	0.9999628576258136	0.9857782447104061	0.7065848876363864
0.9999999999979277	0.9999570760224644	0.9802089847219697	0.6827239959568452
0.9999999999983353	0.9999697073568142	0.9835468890955819	0.6794092191142895
0.9999999999985925	0.9999743230449171	0.9860460836340573	0.7965337556109067
0.999999999998615	0.9999748476561633	0.985361836851606	0.7596053099643881
0.999999999998382	0.9999687672310646	0.9815164210372967	0.7254089708778894
0.9999999999985745	0.9999706963096047	0.9843448543908536	0.8250488412718348
0.999999999998894	0.9999766566079334	0.9873943386899008	0.7629437606653587
0.9999999999981198	0.999967836979797	0.9845442448027838	0.8295173261945535
0.9999999999982263	0.9999684874673548	0.9863476340226088	0.7346564887283831
0.9999999999986139	0.9999724134283501	0.9845951906004488	0.7753100994892319