0.9999999999999913	0.9999999993510502	0.9999999238132298	0.9999983371793093
0.9999999999999882	0.9999999991066716	0.9999999103215912	0.9999979562657786
0.9999999999999869	0.9999999990778174	0.9999999183983098	0.9999981678747086
0.9999999999999684	0.9999999978248759	0.9999997554839536	0.9999933148744489
0.9999999999999888	0.99999999915323	0.9999999176404174	0.9999982376575037
0.9999999999999832	0.9999999987414628	0.9999998512645267	0.9999957272920983
0.9999999999999933	0.9999999995044028	0.9999999506016173	0.9999988675132605
0.9999999999999675	0.9999999976215592	0.9999997091229414	0.9999936789951083
0.9999999999999792	0.9999999986861209	0.9999998083606175	0.9999967339656889
0.9999999999999706	0.999999997796225	0.9999997789790966	0.9999938153614251
0.9999999999999939	0.9999999995554401	0.9999999521657047	0.9999988000061014
0.999999999999997	0.9999999997964207	0.9999999786191835	0.99999948681629
0.9999999999999715	0.9999999979318984	0.9999997468336445	0.9999936266848207
0.9999999999999716	0.9999999979822716	0.999999710579475	0.999993585330713
0.9999999999999926	0.999999999508338	0.9999999464674811	0.9999988668284348
0.9999999999999923	0.9999999994950769	0.9999999456554143	0.9999990082232745
0.9999999999999926	0.9999999994869058	0.999999942349581	0.9999989057419616
0.9999999999999948	0.9999999996339498	0.9999999609454702	0.9999992154735429
0.9999999999999777	0.9999999981519442	0.9999998265205052	0.9999951754051819
0.9999999999999879	0.9999999990490586	0.9999998991076232	0.9999973944726589
0.9999999999999939	0.9999999995915331	0.9999999593575385	0.9999989294305847
0.9999999999999949	0.9999999996557786	0.9999999611934732	0.999999113568388
0.9999999999999863	0.9999999990353003	0.9999998904262932	0.9999975906871252
0.9999999999999994	0.9999999999790247	0.9999999979271353	0.9999999577338241
0.999999999999996	0.999999999706735	0.9999999734261344	0.9999993567446958
0.9999999999999878	0.9999999990108733	0.9999998911235709	0.999997726038733
0.999999999999978	0.999999998374358	0.9999998271795285	0.9999960128665171
0.9999999999999912	0.9999999994084544	0.9999999228928816	0.999998356640149
0.999999999999967	0.9999999976735133	0.9999997611941331	0.999993570092929
0.9999999999999853	0.9999999989596287	0.9999998979699734	0.9999969276661469
0.9999999999999953	0.9999999996762047	0.9999999652954229	0.9999992281368132
0.9999999999999953	0.9999999996883648	0.9999999606831457	0.9999992605431681
0.9999999999999889	0.9999999993047964	0.9999999158025077	0.9999977849679845
0.9999999999999807	0.9999999987630475	0.9999998293561797	0.9999962861021361
0.9999999999999749	0.9999999979865624	0.999999768350577	0.9999939072057434
0.9999999999999971	0.9999999998103022	0.9999999802971028	0.9999995740185634
0.999999999999999	0.9999999999398782	0.9999999935010678	0.999999876756503
0.999999999999992	0.9999999994376803	0.9999999306539438	0.9999983525634277
0.9999999999999886	0.9999999991877037	0.9999999208684617	0.9999980389435867
0.9999999999999969	0.9999999998182618	0.9999999809854023	0.9999995458748331
0.9999999999999934	0.9999999994583167	0.9999999364747044	0.9999987642060091
0.999999999999995	0.9999999996538598	0.9999999578475058	0.9999990228630482
0.9999999999999939	0.9999999995531844	0.999999947022894	0.9999989089449682
0.9999999999999871	0.9999999990318504	0.9999998864246414	0.9999975826969996
0.9999999999999858	0.9999999987987033	0.9999998798764805	0.9999970180913927
0.999999999999986	0.9999999990061089	0.999999889450366	0.9999976847091214
0.9999999999999682	0.9999999978262862	0.999999694308849	0.9999931063751346
0.9999999999999954	0.9999999997018034	0.9999999639812923	0.9999991706794653
0.9999999999999731	0.9999999980025658	0.9999997722309597	0.9999942103201375
0.9999999999999941	0.999999999557392	0.9999999540848016	0.9999989572657042
0.999999999999976	0.9999999983232868	0.9999998250678063	0.9999953096062899
0.999999999999976	0.9999999980562477	0.9999997705894765	0.9999945783563389
0.9999999999999967	0.9999999998024014	0.9999999723396035	0.9999995157317016
0.9999999999999942	0.9999999995929221	0.9999999565218285	0.9999989586760364
0.9999999999999855	0.9999999989117175	0.9999998781904574	0.9999978214390015
0.9999999999999576	0.999999997306001	0.9999996524327956	0.9999922327663041
0.9999999999999802	0.9999999984470804	0.9999998157653909	0.9999958175680745
0.9999999999999571	0.9999999968376633	0.999999585048135	0.9999920244005548
0.9999999999999758	0.9999999981737372	0.9999998040815405	0.999995685351231
0.9999999999999878	0.9999999991523252	0.9999999102589592	0.9999980120282841
0.9999999999999781	0.9999999980836836	0.9999997915839914	0.9999957998359711
0.9999999999999598	0.9999999969624082	0.9999996601502958	0.9999931233573192
0.9999999999999948	0.9999999996072192	0.9999999578717312	0.9999989742936902
0.9999999999999744	0.9999999980286495	0.9999997821493151	0.9999953947312133
0.9999999999999847	0.9999999988765323	0.9999998570773998	0.9999969504909884
0.9999999999999876	0.9999999991030805	0.9999998691302907	0.9999976686398098
0.9999999999999937	0.9999999995998832	0.9999999521893496	0.9999992121740767
0.9999999999999859	0.999999999002778	0.9999999130695074	0.9999969295765596
0.9999999999999787	0.9999999985333063	0.9999998459216517	0.9999962564136538
0.9999999999999645	0.9999999973943264	0.9999996947048424	0.9999932236665365
0.9999999999999579	0.9999999967951617	0.9999996237638159	0.9999922615939882
0.9999999999999908	0.9999999994409771	0.9999999330626258	0.9999982653868739
0.999999999999983	0.9999999988188728	0.9999998491422494	0.9999968324984265
0.999999999999991	0.9999999994458268	0.999999935231103	0.9999982247726674
0.9999999999999873	0.9999999990568735	0.9999999022919716	0.9999972191985999
0.9999999999999976	0.9999999998484371	0.9999999828338048	0.9999996111329393
0.999999999999998	0.9999999998833619	0.9999999879777268	0.9999997488832827
0.9999999999999795	0.9999999984208204	0.9999997972653516	0.9999957196716877
0.9999999999999906	0.9999999993325261	0.9999999262203941	0.9999983078904797
0.9999999999999849	0.9999999989134581	0.9999998768797093	0.9999968290570233
0.9999999999999818	0.9999999986600451	0.9999998292054832	0.9999965077203693
0.9999999999999786	0.9999999986273972	0.9999997768808075	0.9999958647806332
0.9999999999999937	0.999999999531024	0.9999999486651747	0.9999987584629889
0.9999999999999798	0.9999999986571904	0.999999826109289	0.9999961431146114
0.999999999999979	0.9999999986604068	0.9999998344078869	0.9999965236106575
0.9999999999999867	0.9999999990323365	0.9999998927866135	0.999997043276113
0.9999999999999816	0.9999999985092559	0.9999998306958695	0.9999962546106341
0.9999999999999916	0.9999999993914387	0.9999999375642159	0.9999985072727062
0.9999999999999738	0.9999999981275348	0.9999998006279422	0.9999948723985069
0.9999999999999943	0.9999999996358021	0.9999999515775926	0.9999990729918503
0.9999999999999977	0.9999999998470084	0.9999999860750525	0.9999996474756884
0.9999999999999951	0.9999999996474219	0.9999999571243529	0.9999990665619433
0.9999999999999895	0.9999999992397175	0.9999999215472322	0.9999980844103719
0.9999999999999974	0.9999999998326154	0.9999999838394287	0.9999996223427755
0.9999999999999762	0.9999999981653694	0.9999997908818276	0.9999939912506608
0.9999999999999978	0.9999999998654435	0.9999999861120907	0.9999996904336121
0.9999999999999881	0.999999999143648	0.9999999020871088	0.9999979895809039
0.9999999999999947	0.9999999996333271	0.999999962624842	0.999999183733421
0.999999999999976	0.9999999980923504	0.9999997808738157	0.9999947568192042
0.9999999999999933	0.9999999995090947	0.999999952650149	0.999998555701157
0.9999999999999925	0.9999999994133159	0.9999999403582769	0.9999985256094057
0.9999999999999883	0.9999999991334603	0.9999998974631341	0.9999983329203478
0.9999999999999982	0.9999999998903677	0.999999987776331	0.9999997624793329
0.9999999999999899	0.9999999992835368	0.9999999189169904	0.9999984748170287
0.9999999999999682	0.999999997663034	0.9999997795750423	0.999994901956797
0.9999999999999928	0.9999999994875439	0.9999999494992116	0.9999986407003906
0.999999999999983	0.9999999987221213	0.9999998559514175	0.9999959303221891
0.9999999999999803	0.9999999987419192	0.9999997875655152	0.9999961257426284
0.9999999999999835	0.9999999987431403	0.9999998738838334	0.9999965400682939
0.9999999999999812	0.9999999985992579	0.9999998668601005	0.999996336410039
0.9999999999999689	0.999999997602486	0.9999997738412228	0.9999941126524677
0.9999999999999901	0.9999999992828886	0.9999999060839397	0.9999978044072676
0.9999999999999883	0.9999999992121104	0.9999999048418691	0.9999979822175257
0.9999999999999928	0.9999999995211373	0.9999999474535671	0.9999986473644971
0.9999999999999878	0.9999999989558152	0.9999998861466448	0.999997890772375
0.9999999999999795	0.9999999985536592	0.9999998589811055	0.9999956689572348
0.9999999999999906	0.9999999993458045	0.9999999212338978	0.9999981927280165
0.9999999999999893	0.9999999992544215	0.999999903518446	0.9999983957859294
0.9999999999999827	0.9999999986499456	0.9999998676368553	0.9999969741784861
0.9999999999999745	0.9999999982324754	0.9999997921905213	0.9999941293510648
0.9999999999999885	0.9999999992042615	0.9999999141915495	0.9999977596508396
0.9999999999999897	0.9999999992955776	0.9999999156340331	0.99999775248172
0.9999999999999922	0.9999999994054156	0.999999926469006	0.9999983298043399
0.9999999999999877	0.9999999992048213	0.9999999165358185	0.9999982203915893
0.9999999999999897	0.9999999992413996	0.9999999116673557	0.9999980673804506
0.999999999999995	0.9999999996555572	0.9999999610018323	0.9999991551154251
0.9999999999999916	0.9999999993795475	0.9999999323855886	0.9999982110079645
0.9999999999999969	0.9999999998024676	0.9999999777747552	0.9999995523010192
0.999999999999971	0.9999999977530647	0.9999997407548934	0.9999947189609762
0.9999999999999977	0.9999999998353016	0.999999983274113	0.9999996593930509
0.9999999999999853	0.9999999989227306	0.999999885761806	0.9999973082778225
0.9999999999999755	0.9999999979969417	0.9999997810237891	0.9999940886719383
0.9999999999999737	0.9999999979871009	0.9999997481037323	0.9999950319301287
0.9999999999999964	0.9999999997687882	0.9999999768830599	0.9999994560873768
0.9999999999999646	0.9999999973743774	0.9999997220921975	0.9999923588596998
0.9999999999999678	0.999999997335623	0.999999746010771	0.9999936408281612
0.99999999999999	0.9999999992760754	0.9999999285008508	0.9999982718681265
0.9999999999999868	0.9999999989827246	0.9999998682866713	0.9999971109900881
0.9999999999999849	0.9999999989169005	0.9999998532999415	0.9999964161721656
0.9999999999999786	0.9999999983864447	0.9999997925148822	0.999996126907229
0.9999999999999908	0.9999999993559441	0.9999999252387973	0.9999980890349665
0.9999999999999905	0.9999999993878746	0.9999999352896223	0.9999984990677375
0.9999999999999759	0.9999999982729868	0.9999998110041598	0.9999955335076414
0.9999999999999912	0.9999999993972319	0.9999999266673585	0.9999983865546095
0.9999999999999909	0.9999999993526567	0.9999999267121679	0.9999981170720331
0.9999999999999853	0.9999999987863091	0.9999998735510444	0.9999969173371697
0.9999999999999912	0.999999999353483	0.999999933710617	0.9999984417126809
0.9999999999999912	0.9999999993111716	0.9999999334968209	0.9999980871226858
0.9999999999999885	0.9999999990937918	0.9999999034016411	0.9999976687956466
0.9999999999999816	0.9999999985909975	0.9999998173382325	0.9999958200124591
0.9999999999999591	0.9999999969785845	0.999999698059808	0.999992485322473
0.9999999999999987	0.9999999999292108	0.9999999936414936	0.9999998395668614
0.999999999999989	0.9999999991873122	0.999999930870789	0.9999980503093755
0.9999999999999892	0.9999999992297333	0.9999999258551966	0.9999980826715869
0.9999999999999871	0.9999999989493565	0.9999998828252628	0.9999976592541038
0.9999999999999971	0.9999999997984144	0.9999999780752339	0.9999995467581079
0.9999999999999887	0.9999999990264968	0.9999998899584284	0.9999977669076393
0.9999999999999821	0.9999999986286865	0.99999984009497	0.9999966434124036
0.9999999999999668	0.999999997584783	0.999999723825923	0.9999931200427088
0.9999999999999762	0.9999999982280018	0.9999998084596313	0.9999942552898867
0.9999999999999769	0.9999999982967721	0.9999998151035701	0.9999957388455543
0.999999999999983	0.999999998744228	0.9999998839691502	0.9999974495420081
0.9999999999999936	0.9999999995796368	0.9999999516649076	0.9999989466928594
0.9999999999999657	0.9999999976781483	0.9999997445567365	0.9999933889142688
0.9999999999999682	0.9999999975870585	0.9999997605385236	0.9999940670819919
0.9999999999999758	0.9999999983508953	0.9999998119052975	0.9999945712321577
0.9999999999999807	0.9999999987215787	0.9999997796973743	0.9999960105346715
0.9999999999999851	0.9999999990777186	0.9999998650315483	0.9999966266343439
0.9999999999999628	0.9999999974143475	0.9999996811404173	0.9999932193666032
0.9999999999999796	0.9999999984747466	0.9999998354603307	0.9999963391004875
0.9999999999999957	0.9999999997455828	0.9999999720126685	0.999999443139879
0.9999999999999956	0.9999999996626338	0.9999999675525133	0.9999991396241178
0.9999999999999766	0.9999999981869544	0.9999997891735403	0.9999951156957309
0.9999999999999754	0.9999999982301061	0.9999997626423447	0.9999947552914932
0.9999999999999816	0.9999999985863838	0.9999998528355993	0.9999962828706257
0.9999999999999732	0.9999999976993498	0.9999997784255424	0.9999950744655135
0.9999999999999722	0.9999999981110805	0.9999997808683331	0.9999944895442963
0.9999999999999893	0.9999999992200028	0.9999999085445567	0.999997770489872
0.99999999999997	0.9999999978448073	0.9999997558115579	0.9999935741990894
0.999999999999967	0.9999999972535717	0.9999996610399569	0.9999928337522066
0.9999999999999712	0.9999999980383332	0.9999997500327733	0.9999948890019608
0.9999999999999846	0.9999999987834515	0.9999998631234854	0.9999969322540593
0.9999999999999916	0.9999999994197012	0.9999999229585229	0.9999983714410415
0.9999999999999907	0.9999999993206086	0.9999999278599141	0.9999981668917827
0.9999999999999913	0.999999999388051	0.999999933968616	0.9999983948717903
0.9999999999999858	0.9999999989266797	0.9999998825763649	0.9999971811022204
0.9999999999999956	0.9999999997142105	0.9999999697813823	0.9999993274862099
0.9999999999999845	0.999999998905871	0.9999998527639672	0.9999965152596731
0.999999999999978	0.9999999983042752	0.9999998040768231	0.9999951884327375
0.9999999999999958	0.9999999997604699	0.9999999695634729	0.9999993428999695
0.9999999999999974	0.9999999998306267	0.9999999840120021	0.9999995911784069
0.9999999999999686	0.9999999978894465	0.9999997271696541	0.9999933080909578
0.9999999999999892	0.9999999991594818	0.9999999241742382	0.9999977596111587
0.9999999999999982	0.9999999998941055	0.9999999884171178	0.9999997358902774
0.9999999999999897	0.9999999992643144	0.9999999075015803	0.9999980518926347
0.9999999999999928	0.9999999994567839	0.9999999516257551	0.9999988893484658
0.9999999999999678	0.999999997563186	0.9999997092877375	0.9999942882473204
0.9999999999999845	0.9999999988003019	0.9999998788002382	0.9999974849127793
0.9999999999999947	0.9999999996401744	0.9999999645993077	0.9999991185921668
0.9999999999999951	0.9999999996676222	0.9999999625889441	0.9999991367506645
0.9999999999999819	0.9999999984925467	0.9999998367017262	0.9999970593304941
0.9999999999999788	0.9999999985479103	0.9999998008236779	0.9999956996567623
0.9999999999999984	0.999999999896185	0.9999999890944662	0.9999997841439503
0.999999999999996	0.9999999997482809	0.9999999738914266	0.9999993766745181
0.9999999999999755	0.9999999984569837	0.9999997597287094	0.9999937445852886
0.9999999999999962	0.9999999997502863	0.9999999734222853	0.9999994995386737
0.9999999999999856	0.999999998711867	0.9999998704479276	0.999996747093263
0.9999999999999966	0.9999999997657444	0.9999999754313961	0.999999484755995
0.9999999999999872	0.9999999991422184	0.999999880000116	0.9999977596678981
0.9999999999999956	0.9999999997082429	0.9999999686911201	0.9999992462435722
0.9999999999999872	0.9999999991835303	0.9999998996476998	0.9999977520817532
0.9999999999999932	0.999999999541525	0.9999999494722777	0.9999988823887219
0.9999999999999853	0.9999999988920346	0.9999998840570553	0.9999971070108411
0.9999999999999781	0.9999999982565747	0.999999802706655	0.9999957242500714
0.9999999999999974	0.9999999998171576	0.9999999815256086	0.9999995711211214
0.9999999999999741	0.9999999979568801	0.9999997485713136	0.9999952493751134
0.9999999999999968	0.9999999997901594	0.9999999744556952	0.9999994560556874
0.9999999999999959	0.9999999997644762	0.9999999773431294	0.9999994784671189
0.9999999999999712	0.9999999974741668	0.9999997245152159	0.9999940441822434
0.9999999999999823	0.9999999986032136	0.999999848285501	0.9999958878582638
0.9999999999999728	0.9999999979803583	0.9999997933241644	0.999994780945542
0.999999999999972	0.9999999977080636	0.9999997514299841	0.9999939914261332
0.999999999999998	0.9999999998891547	0.9999999880943088	0.9999997507831593
0.9999999999999984	0.9999999999151833	0.9999999917503317	0.9999998155515604
0.9999999999999741	0.9999999979490901	0.9999997786399796	0.999995198852612
0.9999999999999993	0.9999999999438001	0.999999993941631	0.9999998772521913
0.9999999999999822	0.9999999985145294	0.9999998307062478	0.9999960766017433
0.9999999999999882	0.9999999991102565	0.9999999093548867	0.9999976440505932
0.9999999999999608	0.9999999970823317	0.9999996719886444	0.9999929901908475
0.9999999999999978	0.999999999884379	0.9999999875235602	0.9999997736300754
0.9999999999999674	0.9999999972507804	0.9999996938057577	0.9999937215157014
0.999999999999954	0.9999999970944408	0.9999996365266076	0.9999932193148207
0.9999999999999633	0.9999999970192334	0.9999997111509206	0.9999928410409527
0.999999999999995	0.9999999996627027	0.999999962826804	0.9999992575531705
0.9999999999999727	0.9999999977863846	0.9999997662317487	0.9999944668564285
0.999999999999981	0.9999999984582039	0.9999998225608048	0.9999960487179445
0.9999999999999954	0.9999999996617033	0.9999999665237765	0.9999991248357606
0.9999999999999963	0.9999999997597119	0.9999999775411123	0.9999995399860694
0.9999999999999809	0.9999999985771653	0.9999998426275102	0.9999967009462559
0.9999999999999886	0.9999999991113643	0.9999999043414148	0.9999976314594302
0.9999999999999716	0.999999997842943	0.9999997540123308	0.9999948986265061
0.9999999999999611	0.9999999976566523	0.999999689975326	0.9999937899329066
0.9999999999999877	0.9999999991531553	0.9999999209752992	0.9999975545036741
0.999999999999994	0.9999999995628058	0.9999999493900552	0.999998805495247
0.9999999999999857	0.9999999989934102	0.9999998881717934	0.9999969455867898
0.9999999999999962	0.9999999997510906	0.9999999738535699	0.9999993773710003
0.9999999999999726	0.9999999980942732	0.9999997720180885	0.9999953892117031
0.9999999999999768	0.9999999981928268	0.9999998268254345	0.9999959186758892
0.9999999999999958	0.9999999997596335	0.9999999703842174	0.9999994734119976
0.9999999999999802	0.9999999984849025	0.9999998285185892	0.9999959794539064
0.9999999999999979	0.9999999998591845	0.999999985022709	0.9999997029137129
0.9999999999999984	0.9999999999016521	0.9999999896985965	0.9999997992801106
0.9999999999999921	0.9999999995378303	0.9999999437501962	0.9999985746904568
0.9999999999999797	0.9999999983530832	0.9999998220778107	0.9999958646248942
0.999999999999992	0.9999999994351721	0.9999999397714338	0.999998744667105
0.9999999999999869	0.9999999991243785	0.9999998988338423	0.9999977933961638
0.999999999999966	0.9999999975644948	0.9999997280621438	0.9999930848338846
0.9999999999999767	0.9999999982959742	0.9999997950972086	0.999995000081306
0.999999999999971	0.9999999977984925	0.9999997555352286	0.9999933082496573
0.9999999999999847	0.999999998863991	0.9999998713579804	0.9999973066292087
0.9999999999999971	0.9999999998180956	0.999999981254696	0.9999995210597911
0.9999999999999988	0.9999999999287609	0.9999999925583122	0.99999984358856
0.9999999999999689	0.9999999977160615	0.9999996935505885	0.9999937670637462
0.9999999999999944	0.9999999995696902	0.9999999563993597	0.9999989316493102
0.9999999999999892	0.9999999992645767	0.9999999211941094	0.999997947410689
0.9999999999999605	0.9999999971101381	0.999999721621487	0.9999920855172382
0.99999999999999	0.9999999992249098	0.999999912771012	0.9999980710926795
0.9999999999999724	0.9999999979682317	0.999999731183916	0.9999945668591791
0.9999999999999866	0.9999999989725974	0.999999902135365	0.9999971426081674
0.999999999999992	0.9999999993925369	0.9999999269530025	0.9999985175451261
0.999999999999999	0.9999999999452899	0.9999999947643688	0.9999999084680916
0.9999999999999827	0.9999999988985415	0.999999848454588	0.9999968401796074
0.9999999999999821	0.9999999985340974	0.9999998401152165	0.9999959349168165
0.9999999999999771	0.9999999985053458	0.9999997944327798	0.9999959914486487
0.9999999999999927	0.9999999995126805	0.9999999440253806	0.9999984447054813
0.9999999999999803	0.999999998351601	0.9999998096321431	0.9999964668601569
0.9999999999999931	0.9999999994229605	0.9999999372659247	0.999998690578622
0.9999999999999876	0.999999999165424	0.9999998935755107	0.999997717824509
0.9999999999999851	0.9999999990621438	0.9999998895221276	0.9999980948976841
0.9999999999999915	0.999999999386479	0.9999999373589099	0.9999981648980624
0.9999999999999714	0.999999997957167	0.9999997844349681	0.9999941485324798
0.9999999999999798	0.9999999984527465	0.9999998354480852	0.9999956636184321
0.999999999999989	0.9999999992974361	0.9999999310362342	0.9999979638494341
0.999999999999989	0.9999999992899241	0.9999999131140578	0.9999981629089675
0.9999999999999809	0.9999999985740956	0.9999998395775918	0.999995650134531
0.9999999999999979	0.9999999998703188	0.9999999848788562	0.9999997136837604
0.9999999999999903	0.9999999993117159	0.999999928854464	0.9999983973961015
0.9999999999999982	0.999999999902964	0.9999999884096008	0.999999813903006
0.9999999999999895	0.9999999992592619	0.9999999301832213	0.9999983720232858
0.999999999999993	0.9999999994779105	0.9999999419913352	0.9999986567750659
0.9999999999999861	0.9999999990043695	0.9999998724234759	0.9999969451921163
0.9999999999999897	0.9999999993122856	0.9999999140767001	0.9999977786912251
0.9999999999999812	0.9999999987312431	0.9999998364626714	0.9999962149736432
0.9999999999999952	0.9999999996873142	0.999999961187607	0.9999994247875271
0.9999999999999956	0.9999999997015594	0.9999999672068275	0.9999993246013879
0.9999999999999737	0.9999999979243822	0.9999997820418951	0.9999944612985479
0.9999999999999941	0.9999999996061297	0.9999999536540133	0.9999990041231989
0.9999999999999739	0.9999999980322072	0.9999997738094053	0.9999939241330601
0.9999999999999853	0.999999998957329	0.9999998709760672	0.9999968782867596
0.99999999999999	0.9999999992238348	0.9999999076217763	0.9999978824232487
0.9999999999999939	0.9999999995527468	0.9999999555955315	0.9999988897107094
0.9999999999999922	0.9999999994248971	0.9999999360624987	0.9999985601348386
0.9999999999999915	0.999999999376652	0.99999992428182	0.9999983466741839
0.9999999999999694	0.9999999975906401	0.9999997401767537	0.9999934726988358
0.9999999999999859	0.9999999989355979	0.9999998774064052	0.9999974123734995
0.9999999999999789	0.9999999983630442	0.999999829459179	0.9999962450748755
0.9999999999999893	0.9999999993241595	0.9999999137420497	0.9999982277204937
0.9999999999999963	0.9999999997688394	0.9999999735698245	0.9999993610016139
0.9999999999999992	0.9999999999739506	0.9999999974809333	0.999999944806387
0.9999999999999706	0.9999999976795846	0.9999997207607432	0.999993547196983
0.9999999999999772	0.9999999982487533	0.9999997999467358	0.9999950569267986
0.9999999999999791	0.9999999985314957	0.9999997920397414	0.9999957079319214
0.9999999999999798	0.999999998365412	0.9999998047766934	0.999995241205891
0.9999999999999881	0.9999999991537242	0.9999999027036363	0.9999975698378442
0.9999999999999879	0.9999999992933936	0.9999999022201302	0.9999980871600953
0.9999999999999929	0.9999999994862216	0.99999994695883	0.9999988678429386
0.9999999999999882	0.9999999991423215	0.9999999105614243	0.9999979779462116
0.9999999999999889	0.9999999991804739	0.9999998965063488	0.9999978605663821
0.9999999999999843	0.9999999987661287	0.9999998525704427	0.9999965764518237
0.9999999999999859	0.9999999990488214	0.9999998775825271	0.9999970745003502
0.9999999999999803	0.9999999983254196	0.9999998160819162	0.9999962418865517
0.9999999999999717	0.9999999980335075	0.9999997426257057	0.9999949668633338
0.9999999999999762	0.9999999983060606	0.9999997976152365	0.9999941565910313
0.999999999999992	0.9999999994324167	0.9999999415162623	0.9999984065840786
0.9999999999999944	0.9999999995888977	0.9999999657280607	0.9999991417120653
0.9999999999999956	0.9999999996857819	0.9999999693039758	0.999999397357593
0.9999999999999893	0.9999999990830362	0.9999999044073393	0.9999983933926425
0.999999999999998	0.9999999998801444	0.9999999873517124	0.9999997297770582
0.9999999999999931	0.9999999995148886	0.999999948733291	0.9999988739195971
0.9999999999999843	0.9999999989530496	0.9999998897272028	0.9999975965285586
0.9999999999999799	0.9999999984496153	0.9999998229208596	0.9999959169745135
0.9999999999999772	0.9999999982991677	0.9999997728230654	0.9999954917584778
0.9999999999999951	0.9999999996701908	0.9999999613389229	0.999999185437287
0.9999999999999764	0.9999999983545406	0.9999997946433589	0.9999951171449987
0.9999999999999849	0.999999998897176	0.9999998617953518	0.9999965689984627
0.9999999999999907	0.9999999992571412	0.9999999303701083	0.999997912731793
0.9999999999999962	0.9999999997468023	0.9999999709094066	0.9999994293457575
0.9999999999999731	0.9999999982023942	0.9999997923178902	0.9999948991724763
0.9999999999999889	0.9999999992754569	0.9999999110168294	0.9999977192023326
0.9999999999999869	0.9999999989926549	0.9999998892309065	0.9999969518489623
0.9999999999999934	0.9999999995210042	0.9999999479419182	0.9999989031191789
0.99999999999997	0.9999999979764406	0.9999997460811926	0.9999940709918932
0.9999999999999905	0.9999999992467312	0.9999999236388714	0.9999982134214576
0.999999999999991	0.9999999993504827	0.9999999328507988	0.9999985205838134
0.9999999999999817	0.9999999986817341	0.9999998426968444	0.9999956082926416
0.9999999999999851	0.9999999989095496	0.9999998653655782	0.9999969664880682
0.9999999999999917	0.9999999994091947	0.9999999344115137	0.9999985415902823
0.9999999999999857	0.9999999988637884	0.9999998701454177	0.9999972658972203
0.9999999999999863	0.9999999990449986	0.9999999043016669	0.9999977216563137
0.999999999999998	0.9999999998710737	0.9999999864660148	0.9999997138919726
0.9999999999999931	0.999999999508078	0.9999999440628585	0.9999987543637382
0.9999999999999919	0.9999999993472671	0.9999999431485845	0.9999987433945431
0.9999999999999938	0.9999999995454588	0.9999999520190398	0.9999988801894352
0.9999999999999909	0.9999999993401993	0.9999999267214902	0.9999982703046456
0.9999999999999875	0.9999999991328052	0.9999999023256975	0.9999980061954994
0.9999999999999627	0.9999999972062685	0.9999996884005515	0.9999928619872769
0.9999999999999876	0.9999999990890349	0.9999998917355314	0.9999974304956663
0.9999999999999731	0.9999999978140168	0.9999998052603347	0.9999938908475331
0.9999999999999806	0.9999999984365217	0.9999998106127412	0.9999954275184602
0.9999999999999916	0.9999999993890453	0.9999999325915708	0.9999984224919757
0.9999999999999751	0.9999999983845381	0.9999998027607117	0.9999952755310886
0.9999999999999871	0.9999999990404268	0.9999998962309501	0.999997671867731
0.9999999999999951	0.9999999996643874	0.9999999646406758	0.9999992739765098
0.9999999999999771	0.9999999985603174	0.999999819673331	0.9999957129793455
0.9999999999999921	0.9999999994727562	0.9999999371156113	0.9999988082598583
0.9999999999999969	0.9999999997706478	0.9999999779190297	0.9999995584780704
0.9999999999999758	0.9999999982035948	0.9999998043273588	0.9999949014325453
0.9999999999999873	0.9999999990215479	0.9999998936667664	0.9999977518482202
0.9999999999999845	0.9999999988186832	0.9999998624909906	0.9999970631216863
0.9999999999999908	0.999999999334257	0.999999924434558	0.9999983806572729
0.9999999999999789	0.9999999982474519	0.9999998226707638	0.9999954827493984
0.9999999999999953	0.9999999997057513	0.9999999661509134	0.999999340572315
0.9999999999999905	0.9999999992882607	0.999999899745696	0.9999980828590888
0.9999999999999899	0.9999999993139562	0.9999999269518731	0.9999980749510808
0.9999999999999839	0.9999999989228695	0.999999859568414	0.9999971151163536
0.9999999999999943	0.9999999996342447	0.9999999624377083	0.9999989324882613
0.999999999999995	0.999999999633163	0.9999999602166089	0.9999992053277896
0.9999999999999883	0.9999999992885795	0.9999998971206892	0.9999977089722959
0.9999999999999639	0.9999999972478584	0.9999997347636946	0.9999935806296156
0.9999999999999903	0.9999999993006431	0.9999999303665256	0.999998246308469
0.9999999999999987	0.9999999999365532	0.9999999936554766	0.99999987483981
0.9999999999999677	0.9999999972392023	0.999999729759175	0.9999937749519769
0.9999999999999911	0.9999999993706913	0.9999999276379864	0.9999983375399855
0.9999999999999872	0.9999999990340327	0.9999999086953573	0.9999973695155678
0.9999999999999779	0.9999999984883947	0.9999997947128165	0.9999953135817796
0.999999999999988	0.9999999992029064	0.999999910910137	0.9999979628673298
0.9999999999999791	0.9999999984557212	0.9999998234960623	0.9999948753633469
0.9999999999999944	0.99999999960659	0.9999999593617593	0.9999989423940443
0.9999999999999639	0.9999999973288687	0.9999996683446307	0.999993783012561
0.9999999999999685	0.9999999977801516	0.9999997700214367	0.9999938706553374
0.9999999999999706	0.9999999976505821	0.9999997103457636	0.9999932470240679
0.9999999999999831	0.9999999987173039	0.9999998417872374	0.9999964490460134
0.9999999999999867	0.999999998919333	0.9999998945963942	0.999997058409389
0.9999999999999832	0.9999999986295233	0.9999998664543466	0.9999965007926188
0.9999999999999709	0.9999999979419061	0.9999997469274093	0.9999943656642275
0.9999999999999934	0.999999999539314	0.999999951388931	0.9999988120577092
0.9999999999999958	0.9999999997211851	0.9999999690042815	0.9999992072864154
0.9999999999999991	0.9999999999474514	0.9999999952622503	0.999999903845463
0.9999999999999875	0.9999999990824717	0.9999999015079107	0.9999979715659845
0.9999999999999654	0.9999999976142865	0.9999996800442591	0.9999932751060517
0.9999999999999932	0.9999999994953377	0.9999999520296906	0.9999988161251906
0.9999999999999911	0.9999999994320314	0.9999999497111851	0.9999985291247656
0.999999999999982	0.999999998762195	0.9999998332765401	0.9999967308899936
0.9999999999999905	0.9999999993743963	0.9999999280509326	0.9999983776486979
0.9999999999999946	0.9999999996307417	0.9999999591085994	0.999999097599477
0.9999999999999879	0.9999999990862934	0.9999998835400474	0.9999975626276063
0.9999999999999877	0.9999999990971358	0.9999998844259259	0.9999973151948709
0.9999999999999977	0.9999999998557048	0.9999999837535003	0.9999996741834883
0.9999999999999889	0.9999999991761609	0.9999999024817671	0.9999978821241282
0.9999999999999577	0.9999999966930005	0.9999996574387955	0.9999912044747943
0.9999999999999667	0.9999999976310964	0.9999997482288449	0.9999939589224992
0.9999999999999859	0.9999999990508527	0.9999998866463303	0.9999969984440684
0.999999999999994	0.9999999996034291	0.9999999567985595	0.9999989170625361
0.9999999999999822	0.9999999985952985	0.9999998246194161	0.9999959446511855
0.9999999999999943	0.9999999995688664	0.9999999504164314	0.9999990727956417
0.9999999999999883	0.9999999991889463	0.999999902487526	0.9999976529609078
0.9999999999999971	0.9999999997776882	0.9999999778792683	0.9999994511194322
0.999999999999983	0.9999999987670272	0.9999998438506742	0.9999969437853403
0.9999999999999939	0.9999999995785899	0.9999999661392727	0.9999990337051582
0.9999999999999798	0.9999999985795931	0.9999998074886424	0.9999964570291578
0.9999999999999929	0.9999999994535257	0.99999994263967	0.9999986316035094
0.9999999999999949	0.9999999996613457	0.9999999620816575	0.9999991597409449
0.9999999999999795	0.9999999982548937	0.9999998109913574	0.9999955199944099
0.9999999999999923	0.9999999994563152	0.999999938544834	0.9999988165190784
0.999999999999988	0.9999999992016485	0.999999905626416	0.999997575943964
0.9999999999999988	0.9999999999340198	0.9999999929203045	0.9999998477713924
0.9999999999999969	0.9999999997925682	0.9999999810167329	0.999999544272728
0.9999999999999647	0.9999999974465791	0.9999997107080482	0.9999932460777858
0.9999999999999784	0.9999999984099331	0.9999998398876332	0.9999955512753502
0.9999999999999921	0.9999999994611383	0.9999999331549008	0.9999986487844365
0.999999999999988	0.9999999991235233	0.9999998772810992	0.9999976600265785
0.9999999999999739	0.9999999981133454	0.9999997539197684	0.9999942830703012
0.9999999999999837	0.9999999988140612	0.9999998611822363	0.9999963331569292
0.9999999999999862	0.9999999989512232	0.9999998847915841	0.9999973433084206
0.9999999999999982	0.9999999998805859	0.9999999881950232	0.9999997086427288
0.9999999999999797	0.9999999985301126	0.9999998184985012	0.9999955042339321
0.9999999999999869	0.9999999990491397	0.9999998991600524	0.9999973919513769
0.9999999999999916	0.9999999994353399	0.9999999419190556	0.99999862770098
0.9999999999999917	0.9999999994089563	0.9999999387515818	0.999998648008159
0.9999999999999896	0.9999999993249524	0.999999909176667	0.9999980723999179
0.9999999999999982	0.999999999900705	0.9999999907138298	0.9999998061686628
0.99999999999998	0.9999999985456695	0.9999998256984874	0.9999956378022026
0.9999999999999738	0.9999999978940161	0.9999997928687641	0.9999954858251648
0.9999999999999962	0.9999999997700334	0.9999999744225713	0.9999994154146852
0.9999999999999787	0.9999999984341028	0.9999998566916372	0.9999949705253715
0.9999999999999976	0.9999999998524544	0.9999999843375691	0.9999996833284779
0.9999999999999986	0.9999999999135962	0.9999999923055946	0.9999998242971734
0.999999999999983	0.9999999987066874	0.9999998423575162	0.9999959716098575
0.999999999999996	0.9999999997163883	0.9999999719633116	0.9999993356137408
0.9999999999999719	0.9999999979358803	0.9999998181076354	0.9999943325161601
0.9999999999999953	0.9999999997211657	0.9999999686490709	0.9999992636152806
0.999999999999994	0.9999999996276395	0.9999999557742527	0.9999989783796253
0.999999999999982	0.999999998559128	0.999999858500964	0.9999960089840497
0.9999999999999959	0.9999999997292124	0.9999999690614287	0.9999993961224034
0.9999999999999829	0.9999999988061777	0.9999998757448973	0.999996740127967
0.9999999999999977	0.9999999998310118	0.9999999815617814	0.999999610346485
0.9999999999999869	0.9999999990131442	0.9999999019303002	0.9999976101454661
0.9999999999999952	0.9999999996589479	0.9999999718378024	0.9999992129027913
0.9999999999999978	0.9999999998536808	0.9999999857911093	0.9999996898630794
0.9999999999999902	0.9999999993061538	0.9999999366556412	0.9999983488698333
0.9999999999999708	0.9999999977881062	0.9999997117083443	0.9999948929710879
0.9999999999999829	0.9999999985364149	0.999999863751242	0.9999966515697939
0.9999999999999937	0.999999999596268	0.9999999593264969	0.9999988552540772
0.9999999999999871	0.9999999990328524	0.999999878040665	0.999997178358254
0.9999999999999886	0.9999999991374924	0.9999998798671828	0.9999976916919702
0.9999999999999634	0.9999999972983867	0.9999997063657335	0.9999933575193652
0.9999999999999962	0.9999999997583658	0.9999999711030949	0.9999994218433077
0.9999999999999855	0.9999999989330548	0.9999998801722798	0.9999969909591896
0.9999999999999782	0.9999999983416845	0.9999998583406816	0.9999956480334086
0.9999999999999918	0.9999999993562454	0.9999999525817777	0.9999985058736952
0.9999999999999757	0.9999999981549805	0.9999998082382037	0.9999948498164415
0.9999999999999964	0.9999999997458026	0.9999999725423775	0.9999994282705499
0.9999999999999797	0.9999999982679963	0.9999998336530268	0.9999958331088079
0.9999999999999953	0.999999999658964	0.9999999681927879	0.9999992099662975
0.999999999999991	0.99999999934685	0.999999918975772	0.9999985193985359
0.9999999999999968	0.9999999997771977	0.9999999765908071	0.999999543851725
0.9999999999999888	0.999999999113851	0.9999999079013921	0.9999974854081454
0.9999999999999868	0.9999999990665093	0.9999998785706958	0.999997275091066
0.9999999999999977	0.9999999998620162	0.9999999854846278	0.999999651452839
0.9999999999999913	0.9999999993886848	0.9999999335112738	0.9999984752709639
0.9999999999999881	0.999999999172931	0.9999999042052761	0.9999979320206634
0.9999999999999957	0.9999999997225522	0.9999999670976016	0.9999994042162177
0.9999999999999878	0.9999999990901188	0.9999998851676687	0.9999979437116792
0.9999999999999948	0.9999999996677997	0.999999966450157	0.9999992492466975
0.9999999999999705	0.9999999976373486	0.9999997212132148	0.9999940022766648
0.9999999999999706	0.9999999976339856	0.9999997774390801	0.9999938102145816
0.999999999999993	0.9999999994737601	0.9999999512152568	0.9999985777973622
0.9999999999999828	0.9999999986357417	0.9999998365266152	0.9999966956918814
0.9999999999999787	0.9999999983779481	0.999999829690759	0.9999962675720732
0.9999999999999657	0.9999999972974501	0.9999996688944103	0.9999934101625153
0.9999999999999781	0.9999999984014342	0.9999997958782979	0.9999954430428697
0.9999999999999953	0.9999999996738745	0.999999964796908	0.9999993044213896
0.9999999999999775	0.9999999981803351	0.9999998001581868	0.9999950776337541
0.9999999999999676	0.9999999974543675	0.9999996998094207	0.9999930333652972
0.9999999999999897	0.9999999992397898	0.9999999267864932	0.9999983186818405
0.9999999999999936	0.9999999995170774	0.9999999476897872	0.9999989568495248
0.9999999999999853	0.9999999990298658	0.9999998845256657	0.9999966512596692
0.9999999999999893	0.9999999994007902	0.9999999217884727	0.9999981571791098
0.9999999999999981	0.9999999998743125	0.9999999860006903	0.9999997593593222
0.9999999999999847	0.9999999989463351	0.9999998839398379	0.9999974146549747
0.9999999999999675	0.9999999977230067	0.9999997253846369	0.999993391212329
0.9999999999999762	0.9999999982876034	0.9999998211676092	0.9999953540104409
0.9999999999999922	0.9999999994835352	0.9999999527716263	0.9999987332040381
0.9999999999999828	0.9999999987367615	0.9999998592124769	0.9999966994520889
0.9999999999999881	0.999999999121695	0.9999998883858537	0.9999973767305836
0.9999999999999948	0.9999999996812915	0.9999999631618336	0.9999992053901847
0.9999999999999875	0.9999999990799473	0.9999998929368652	0.999997797367767
0.9999999999999976	0.9999999998664619	0.9999999856070519	0.9999997379812021
0.9999999999999984	0.999999999900042	0.9999999899548178	0.9999997715015135
0.999999999999993	0.9999999995286885	0.9999999495316699	0.9999987727853096
0.9999999999999946	0.9999999996304951	0.9999999585850015	0.999999165085027
0.9999999999999805	0.999999998667435	0.999999832240547	0.9999971677733311
0.9999999999999817	0.9999999986209415	0.9999998699610699	0.9999969427206538
0.9999999999999857	0.9999999990881798	0.9999998933780556	0.9999972261032932
0.9999999999999952	0.9999999996377369	0.9999999671702395	0.9999991242516555
0.9999999999999831	0.9999999988088734	0.9999998327911017	0.9999966591911555
0.9999999999999923	0.9999999994821785	0.9999999371691985	0.9999985218859588
0.9999999999999956	0.9999999996864937	0.9999999655701278	0.9999992773161634
0.9999999999999899	0.9999999992598717	0.9999999214353668	0.9999981708353785
0.9999999999999852	0.9999999988845476	0.9999998762099808	0.9999976617561659
0.9999999999999972	0.9999999998329231	0.9999999815808075	0.9999996055464286
0.9999999999999909	0.9999999993223666	0.9999999275560577	0.999998554116766
0.9999999999999912	0.9999999993939399	0.9999999373851451	0.9999986536975177
0.9999999999999971	0.9999999998345773	0.9999999827950942	0.9999996056484844
0.9999999999999825	0.9999999986006466	0.9999998427891806	0.9999966381016224
0.9999999999999644	0.9999999971507681	0.9999996687354609	0.999992850217381
0.9999999999999739	0.9999999980541249	0.9999997755112252	0.9999946099595858
0.9999999999999761	0.9999999982701311	0.9999997955212212	0.9999951074052612
0.999999999999989	0.9999999992968831	0.9999999228660453	0.9999979511367698
0.9999999999999872	0.9999999990814227	0.9999999188048848	0.999997693830683
0.9999999999999787	0.9999999984100538	0.9999998406691057	0.9999952042095391
0.9999999999999772	0.9999999983921768	0.9999998165042966	0.999995200716344
0.9999999999999956	0.9999999996647907	0.9999999612055672	0.9999991936624737
0.9999999999999826	0.9999999986862254	0.9999998336976273	0.9999963176070245
0.9999999999999785	0.9999999985508334	0.9999998173941265	0.9999956904204766
0.9999999999999909	0.9999999994244297	0.9999999128938658	0.9999981502884944
0.9999999999999973	0.9999999998097754	0.9999999817341232	0.9999995875268494
0.9999999999999788	0.9999999983126642	0.9999998189996063	0.9999947157547395
0.9999999999999791	0.9999999985655651	0.9999998167319188	0.9999958070860614
0.9999999999999897	0.9999999991949815	0.9999998957105877	0.9999977258810405
0.9999999999999812	0.9999999986120534	0.9999998233145023	0.999995757908291
0.9999999999999788	0.9999999983856798	0.9999998095817667	0.9999947354645874
0.9999999999999766	0.9999999984039447	0.9999998266934536	0.9999957407954274
0.9999999999999973	0.9999999998368533	0.9999999831272803	0.9999995701629382
0.999999999999988	0.9999999992220077	0.999999924794662	0.9999979897064247
0.9999999999999831	0.9999999987496306	0.9999998552000502	0.9999972565081104
0.9999999999999806	0.9999999984621876	0.9999998385680159	0.9999960126564273
0.9999999999999879	0.9999999990947599	0.9999999093212928	0.9999977292598339
0.9999999999999808	0.9999999985944513	0.9999998153736258	0.9999962927711155
0.9999999999999903	0.9999999993875928	0.9999999137152715	0.9999986993136507
0.9999999999999895	0.9999999992697707	0.9999999173250411	0.9999981815370798
0.9999999999999931	0.9999999995481802	0.9999999482045089	0.9999989337853002
0.9999999999999779	0.9999999981993338	0.9999998137333301	0.9999955438195636
0.9999999999999969	0.9999999997950837	0.9999999768575045	0.9999995203963263
0.9999999999999704	0.9999999977554687	0.9999997171529104	0.9999939816562543
0.9999999999999931	0.999999999515062	0.9999999478185724	0.9999988530466662
0.9999999999999787	0.9999999983109161	0.9999998059740728	0.9999959488054554
0.9999999999999715	0.9999999982228379	0.9999997549884172	0.9999948678872729
0.9999999999999888	0.9999999992611928	0.9999999079626843	0.9999978329647821
0.9999999999999988	0.9999999999368919	0.9999999934309034	0.9999998748551117
0.999999999999997	0.9999999998016846	0.9999999789362974	0.9999995929289403
0.9999999999999865	0.9999999988964914	0.9999998846274218	0.9999969999252879
0.9999999999999926	0.9999999995354821	0.9999999508250814	0.9999988375563502
0.9999999999999665	0.9999999974949618	0.999999709747207	0.9999925322295385
0.9999999999999992	0.9999999999616968	0.9999999961354207	0.9999999263965861
0.9999999999999928	0.9999999995141967	0.9999999378966394	0.9999986636755511
0.9999999999999951	0.9999999996829342	0.9999999643643709	0.9999991093258231
0.9999999999999931	0.9999999995311423	0.9999999492653736	0.999998976934726
0.9999999999999903	0.999999999258166	0.9999999292564128	0.9999980087521931
0.9999999999999873	0.9999999989664031	0.9999999159013592	0.9999975966676545
0.9999999999999953	0.9999999996755393	0.9999999663159653	0.9999993745113999
0.999999999999975	0.999999997870352	0.9999997803053686	0.9999952923035519
0.9999999999999951	0.9999999996659914	0.999999967457602	0.9999991885782026
0.9999999999999996	0.999999999971233	0.9999999970717718	0.9999999471586859
0.9999999999999871	0.9999999991468651	0.9999999108637532	0.9999971841816795
0.9999999999999887	0.9999999992281365	0.9999999098199833	0.9999983638820087
0.9999999999999984	0.9999999998997424	0.9999999904039454	0.9999998177618491
0.9999999999999848	0.9999999987884998	0.9999998706169817	0.9999973194551318
0.9999999999999856	0.999999998881631	0.9999998669180519	0.9999970276625753
0.9999999999999789	0.999999998295596	0.9999998154059455	0.999995734154799
0.9999999999999934	0.9999999995611654	0.9999999561683378	0.9999989302092894
0.9999999999999749	0.9999999980671257	0.9999998035388561	0.9999952832781582
0.9999999999999928	0.9999999994728984	0.9999999393861373	0.9999985055881693
0.9999999999999934	0.9999999995908867	0.9999999580902041	0.9999992093278174
0.9999999999999634	0.9999999971877543	0.9999996400211142	0.9999925367063623
0.999999999999989	0.9999999991747471	0.999999897751957	0.9999976910737192
0.9999999999999741	0.9999999980935512	0.999999831713375	0.9999955964309281
0.9999999999999969	0.9999999997813548	0.9999999774762987	0.9999994784353047
0.9999999999999831	0.9999999987013956	0.9999998735615488	0.9999964896996092
0.9999999999999976	0.9999999998388748	0.9999999850610146	0.999999690011688
0.9999999999999974	0.9999999998226325	0.9999999827989207	0.9999995865464202
0.9999999999999837	0.9999999988377908	0.9999998579666696	0.9999969647067287
0.9999999999999744	0.9999999980098346	0.9999998356746812	0.9999949014607402
0.9999999999999817	0.9999999986848567	0.9999998672359962	0.999996226787999
0.9999999999999867	0.9999999990941341	0.9999998924252422	0.9999970627460919
0.9999999999999755	0.9999999982192614	0.9999997885614594	0.99999482053304
0.9999999999999808	0.9999999984270131	0.9999998206339631	0.9999955702684017
0.9999999999999628	0.9999999969523712	0.9999997477369348	0.9999926380728684
0.9999999999999654	0.9999999973537331	0.9999997239359889	0.9999934554885139
0.9999999999999929	0.9999999994635494	0.9999999458439836	0.9999986682125277
0.9999999999999876	0.9999999990249345	0.9999998896537803	0.9999975687888553
0.9999999999999936	0.9999999995868276	0.9999999601603349	0.9999990608379676
0.9999999999999677	0.999999997586752	0.9999997319682645	0.999993928247492
0.9999999999999976	0.9999999998315289	0.9999999802601811	0.99999962386678
0.9999999999999932	0.9999999995500433	0.999999953431176	0.9999989126756957
0.9999999999999646	0.9999999970370849	0.9999996720826624	0.9999925772731392
0.999999999999986	0.9999999988791569	0.9999998710418551	0.9999971362263462
0.9999999999999837	0.9999999987476699	0.9999998553898476	0.9999970881413995
0.9999999999999907	0.9999999993513872	0.9999999309158053	0.9999988598744151
0.9999999999999903	0.9999999993758101	0.9999999268680886	0.9999982199428179
0.9999999999999921	0.9999999994542025	0.9999999439759595	0.9999988657840049
0.9999999999999831	0.9999999988039757	0.9999998565957717	0.9999966939218857
0.9999999999999779	0.9999999983982552	0.9999998080191378	0.9999950117200704
0.9999999999999696	0.9999999975993005	0.9999997443069163	0.9999931737179133
0.9999999999999915	0.999999999430408	0.9999999330133268	0.999998651639984
0.9999999999999836	0.9999999987683488	0.9999998303372848	0.9999966789708729
0.999999999999975	0.9999999980520684	0.9999998062768911	0.999995014086051
0.999999999999992	0.9999999995191164	0.9999999426321898	0.9999988015085568
0.9999999999999983	0.9999999998860614	0.9999999898209754	0.9999997712277234
0.9999999999999877	0.9999999990715366	0.9999999022441924	0.9999979724865414
0.9999999999999952	0.9999999996809046	0.9999999656650636	0.9999991521346911
0.9999999999999845	0.9999999989120122	0.9999998806511882	0.9999970444790317
0.9999999999999799	0.9999999985731547	0.9999998204964866	0.9999963621880636
0.9999999999999877	0.9999999991153872	0.9999998896831179	0.9999973860506208
0.9999999999999595	0.9999999972499112	0.9999997279896806	0.9999938939567322
0.999999999999987	0.9999999991020447	0.9999998836767926	0.9999973686634589
0.9999999999999853	0.9999999988136681	0.9999998530310871	0.9999966613385582
0.9999999999999861	0.9999999989695202	0.9999998778267057	0.9999976180736381
0.9999999999999829	0.9999999986157535	0.9999998528701293	0.9999968841095299
0.9999999999999889	0.9999999991933697	0.9999999089759055	0.9999978359485096
0.9999999999999896	0.9999999992843808	0.9999999251487137	0.9999983322278971
0.9999999999999784	0.9999999981768328	0.9999998181671427	0.9999960691082305
0.999999999999993	0.999999999463219	0.9999999403853267	0.9999985711004172
0.9999999999999989	0.9999999999336089	0.9999999927102204	0.9999998575606074
0.9999999999999962	0.999999999752895	0.9999999743739025	0.9999994567531417
0.9999999999999873	0.9999999989927566	0.9999999007500526	0.9999973845374974
0.9999999999999964	0.9999999997641742	0.9999999742280923	0.9999994167940387
0.9999999999999898	0.9999999992455211	0.999999920031596	0.9999978767673474
0.9999999999999809	0.9999999987470886	0.9999998158574245	0.9999959627051986
0.9999999999999942	0.9999999996300116	0.9999999633727936	0.9999992476905775
0.9999999999999838	0.9999999986682572	0.9999998633490433	0.9999968025002539
0.999999999999965	0.9999999974318303	0.9999996977532779	0.9999941961052852
0.9999999999999667	0.9999999975266769	0.99999972732855	0.9999942974718663
0.9999999999999932	0.9999999994735839	0.9999999362574448	0.9999986608514185
0.9999999999999717	0.9999999980518699	0.9999997913234281	0.9999946403920414
0.9999999999999858	0.9999999989621152	0.9999998711364054	0.9999971424010159
0.9999999999999826	0.9999999987046956	0.9999998686966934	0.9999970531818401
0.9999999999999646	0.9999999973745451	0.9999997367262589	0.9999939300139296
0.9999999999999748	0.9999999980147879	0.9999997891646581	0.9999951073136959
0.9999999999999863	0.9999999990504445	0.9999998983314637	0.9999974235242263
0.9999999999999957	0.9999999997043242	0.999999967443559	0.9999993318987046
0.9999999999999881	0.9999999990889694	0.9999999198990615	0.9999976417015739
0.9999999999999735	0.9999999979400731	0.999999751133243	0.9999948585111615
0.9999999999999928	0.9999999994926262	0.9999999418503511	0.9999986584221671
0.9999999999999797	0.9999999985413159	0.9999998044794741	0.9999955989510106
0.9999999999999681	0.9999999975242613	0.9999997061414853	0.9999932619874285
0.9999999999999934	0.9999999994899237	0.9999999425466654	0.9999985576214364
0.9999999999999927	0.9999999994955936	0.9999999403782384	0.9999985930520999
0.9999999999999963	0.9999999997585262	0.9999999704936007	0.9999994103252159
0.999999999999974	0.9999999980588637	0.9999997881609946	0.9999953950338799
0.999999999999972	0.9999999978935623	0.9999997431615082	0.9999939552466814
0.9999999999999871	0.9999999990014895	0.999999905904163	0.9999976308756188
0.999999999999996	0.9999999997153131	0.9999999737283801	0.9999994986394198
0.9999999999999811	0.999999998666076	0.9999998551990316	0.9999964179063272
0.9999999999999892	0.9999999991657785	0.9999999144254996	0.999997941997904
0.9999999999999953	0.9999999996907737	0.9999999689176587	0.9999992498719803
0.9999999999999931	0.9999999994968337	0.9999999570022229	0.9999988871692144
0.999999999999959	0.9999999967865024	0.9999996737523412	0.9999932563083912
0.9999999999999769	0.999999998109641	0.9999997846932314	0.9999950180634465
0.9999999999999949	0.9999999996255357	0.9999999607271473	0.999999119310812
0.9999999999999897	0.9999999992966856	0.9999999087031214	0.9999978834752162
0.9999999999999933	0.9999999995518895	0.9999999574357425	0.9999991568576015
0.9999999999999777	0.9999999982579132	0.999999796714683	0.9999952902382778
0.9999999999999873	0.9999999990717016	0.9999998985733035	0.9999972265968747
0.9999999999999948	0.9999999996054545	0.9999999625273173	0.9999992071893151
0.9999999999999921	0.9999999994610166	0.9999999353307181	0.9999982872796848
0.9999999999999937	0.9999999995904093	0.999999953842199	0.999998756213154
0.9999999999999867	0.9999999990898633	0.999999905177946	0.9999972193683913
0.9999999999999909	0.9999999993855362	0.9999999228209785	0.9999983589214755
0.999999999999994	0.999999999604783	0.9999999591058397	0.9999989538024605
0.9999999999999916	0.9999999994311907	0.9999999290620639	0.9999983860577727
0.9999999999999782	0.999999998286563	0.999999832338939	0.9999953605816172
0.9999999999999913	0.9999999993070964	0.9999999252490059	0.9999982425125229
0.9999999999999944	0.9999999996076869	0.9999999630756842	0.9999990704469368
0.9999999999999657	0.9999999969204725	0.999999732141573	0.9999933658082018
0.9999999999999951	0.9999999996364256	0.9999999713634675	0.9999994802180933
0.9999999999999922	0.9999999994700107	0.9999999341088054	0.999998714081398
0.999999999999994	0.9999999995883161	0.9999999486556975	0.9999989107086947
0.999999999999984	0.9999999986738888	0.9999998828046835	0.9999969439232564
0.9999999999999918	0.9999999994668543	0.9999999457684299	0.9999987281404701
0.9999999999999843	0.9999999988404122	0.9999998681448212	0.9999962872053155
0.9999999999999961	0.9999999997544069	0.9999999697479653	0.999999326954534
0.9999999999999961	0.9999999997917614	0.9999999747425732	0.9999995161289652
0.9999999999999969	0.9999999998140096	0.9999999793914711	0.9999996049249879
0.9999999999999977	0.9999999998560318	0.9999999833958592	0.9999996665626335
0.9999999999999886	0.9999999991703111	0.9999998998873609	0.9999979994339444
0.9999999999999819	0.9999999985641442	0.9999998472045456	0.9999957545934522
0.9999999999999982	0.9999999999090214	0.9999999904622657	0.9999998047939226
0.9999999999999832	0.9999999987486775	0.9999998684754695	0.9999969752932018
0.9999999999999638	0.9999999973617962	0.9999996726409869	0.9999925736260737
0.9999999999999916	0.9999999993861016	0.9999999337877084	0.9999987383201996
0.999999999999983	0.9999999988740054	0.999999849326698	0.9999958859204526
0.9999999999999882	0.9999999992263344	0.9999999221006308	0.9999980390016082
0.9999999999999832	0.9999999986106656	0.9999998648472199	0.9999962590127337
0.9999999999999954	0.9999999997237147	0.999999970820713	0.9999993544002328
0.9999999999999867	0.9999999990910359	0.9999998947746646	0.9999971836287954
0.9999999999999859	0.9999999988388674	0.9999998733557709	0.9999975459442049
0.9999999999999887	0.9999999992464501	0.9999999067107165	0.9999978326579624
0.9999999999999686	0.9999999976055329	0.999999758219225	0.9999934216153332
0.9999999999999863	0.9999999990084425	0.9999998939734124	0.9999970134916205
0.9999999999999953	0.9999999996882725	0.9999999718354575	0.9999992846283122
0.9999999999999765	0.9999999982233136	0.9999997850420383	0.9999959223296363
0.99999999999999	0.999999999245518	0.9999999139933761	0.9999979634998162
0.9999999999999937	0.9999999995719476	0.9999999532460901	0.9999990003518071
0.9999999999999807	0.9999999984285801	0.9999998212035144	0.9999957195664351
0.9999999999999948	0.9999999996171695	0.9999999614164493	0.9999990796621843
0.9999999999999863	0.9999999988905194	0.9999998734037249	0.9999972760606284
0.9999999999999815	0.9999999985458919	0.99999985575671	0.9999967193160811
0.9999999999999976	0.9999999998181379	0.9999999811282598	0.9999995848428296
0.999999999999994	0.9999999995638216	0.999999955632922	0.9999989144108995
0.9999999999999896	0.9999999991785087	0.999999908749157	0.9999978893938919
0.9999999999999853	0.9999999988147104	0.9999998639994097	0.999996565030713
0.9999999999999678	0.9999999975452528	0.99999973656062	0.9999936228274339
0.9999999999999769	0.9999999982717686	0.9999997995480406	0.9999953218015392
0.9999999999999655	0.9999999974952796	0.9999997356565559	0.9999932821421341
0.9999999999999958	0.9999999997316862	0.9999999734349723	0.9999993265839221
0.9999999999999839	0.9999999987997698	0.999999875910776	0.9999965109297309
0.9999999999999983	0.9999999998977285	0.9999999903520824	0.9999997820898041
0.9999999999999896	0.9999999992821981	0.999999909600503	0.9999980732108089
0.9999999999999837	0.9999999988683727	0.9999998707636304	0.9999966507264596
0.9999999999999987	0.9999999999138899	0.9999999914073844	0.9999998509872063
0.9999999999999801	0.9999999985486774	0.9999998228568793	0.9999960023984008
0.9999999999999731	0.9999999981562622	0.9999997699525321	0.9999944191739057
0.9999999999999923	0.9999999994699009	0.999999943745171	0.999998700590125
0.9999999999999658	0.9999999976862215	0.99999974875562	0.9999939595021838
0.9999999999999902	0.9999999993850215	0.9999999355871585	0.9999982986335134
0.9999999999999958	0.9999999997056601	0.9999999678247611	0.9999992952682091
0.999999999999995	0.9999999996717361	0.9999999560947201	0.9999991653511651
0.999999999999998	0.9999999998605811	0.9999999862634746	0.9999997218774275
0.9999999999999925	0.9999999994597221	0.9999999413480545	0.9999987926370154
0.9999999999999932	0.9999999995403299	0.9999999439089233	0.9999989448467564
0.999999999999994	0.9999999995642596	0.9999999463104559	0.9999990145721902
0.9999999999999898	0.9999999993576104	0.9999999207610372	0.9999978820927065
0.9999999999999969	0.9999999998064215	0.9999999772222822	0.9999995901945237
0.9999999999999867	0.9999999990143683	0.9999998939807924	0.9999974679420728
0.9999999999999982	0.9999999998955044	0.9999999888799992	0.9999997656010873
0.9999999999999768	0.9999999982889204	0.9999997807910379	0.9999959538952099
0.99999999999997	0.9999999977324436	0.9999997831817575	0.9999932553382144
0.9999999999999796	0.9999999986476956	0.9999998303461496	0.9999955978836694
0.9999999999999932	0.9999999995133583	0.9999999509135042	0.9999986989871474
0.9999999999999943	0.9999999996519928	0.999999955332287	0.9999990689016185
0.9999999999999852	0.9999999988827414	0.9999998661912507	0.9999972470108363
0.9999999999999943	0.9999999995555352	0.9999999568770004	0.9999989943299301
0.9999999999999967	0.9999999997638954	0.9999999768569895	0.9999994974546678
0.9999999999999888	0.9999999992365637	0.9999998938935165	0.9999975304506761
0.9999999999999942	0.9999999996358993	0.9999999546357946	0.9999989705687438
0.9999999999999764	0.9999999982269806	0.9999997946570462	0.9999949885989514
0.9999999999999808	0.9999999986552969	0.9999998409502927	0.9999960412877994
0.9999999999999966	0.9999999997565044	0.9999999732811102	0.9999994438076854
0.9999999999999964	0.9999999997654045	0.9999999767662036	0.9999995764620055
0.9999999999999706	0.9999999975616951	0.9999996875758898	0.9999931715180377
0.9999999999999796	0.999999998472955	0.999999805608117	0.9999961233368949
0.9999999999999702	0.999999997390398	0.9999997614325254	0.9999943830123051
0.9999999999999742	0.9999999981039036	0.99999980517536	0.9999950473387269
0.9999999999999931	0.9999999995431548	0.9999999510103675	0.9999988764633779
0.9999999999999832	0.9999999987754963	0.9999998512064868	0.9999968914275422
0.9999999999999888	0.9999999991766924	0.9999999231983123	0.9999978503888655
0.9999999999999575	0.9999999969504166	0.9999996729822122	0.999992378213492
0.9999999999999856	0.9999999990432832	0.9999998893290653	0.9999968748120852
0.9999999999999726	0.9999999982564355	0.9999998208674837	0.9999952326547852
0.9999999999999933	0.9999999994741939	0.9999999436815131	0.9999987372881198
0.9999999999999969	0.9999999997845966	0.999999978791514	0.9999995225479371
0.9999999999999938	0.999999999543321	0.999999955956416	0.9999987625467829
0.9999999999999889	0.999999999307154	0.999999901391272	0.9999978343779312
0.9999999999999934	0.9999999994975325	0.9999999566048514	0.9999987946566425
0.9999999999999899	0.999999999222964	0.9999999154539686	0.9999977323825828
0.9999999999999898	0.9999999993296063	0.9999999156704533	0.9999980565840615
0.9999999999999801	0.9999999983097149	0.9999998245189611	0.9999962423778491
0.9999999999999845	0.9999999987074277	0.9999998561196319	0.9999963050237018
0.9999999999999842	0.9999999987498346	0.9999998784845178	0.9999968446963646
0.9999999999999925	0.9999999994686181	0.9999999452229811	0.999998451418945
0.9999999999999918	0.99999999943875	0.9999999446117035	0.9999985222244748
0.9999999999999863	0.9999999990191528	0.9999998803898823	0.9999970870532502
0.9999999999999947	0.9999999996702214	0.9999999621351845	0.9999990836024089
0.9999999999999768	0.999999998155084	0.9999997885541119	0.9999948483329633
0.9999999999999967	0.9999999997772596	0.9999999762490563	0.9999995110822336
0.9999999999999976	0.9999999998362645	0.9999999830306167	0.9999996198233506
0.999999999999971	0.9999999978952361	0.999999765350816	0.9999951830943922
0.9999999999999944	0.999999999597615	0.9999999546971879	0.9999989571324733
0.9999999999999769	0.9999999985491858	0.999999795929279	0.9999950055747792
0.9999999999999757	0.9999999981283288	0.9999997597060876	0.9999941516874276
0.9999999999999797	0.9999999983047918	0.999999820514874	0.9999958439256618
0.9999999999999911	0.9999999994192206	0.999999927060106	0.9999981751686283
0.9999999999999931	0.9999999994790368	0.9999999525510096	0.9999989168535809
0.9999999999999951	0.9999999996935307	0.9999999662755449	0.9999992994589115
0.9999999999999942	0.9999999995684168	0.9999999596005621	0.9999990597098003
0.9999999999999782	0.9999999985520984	0.9999998300295558	0.9999957131171919
0.9999999999999913	0.9999999994520148	0.99999992834163	0.9999982955167495
0.9999999999999868	0.9999999989736604	0.9999998864737026	0.9999974492435375
0.9999999999999937	0.9999999995684309	0.9999999439769828	0.9999990234814079
0.999999999999995	0.9999999996022019	0.9999999644899242	0.9999991959481761
0.9999999999999895	0.999999999129475	0.9999999044668662	0.9999974273403208
0.999999999999995	0.9999999996686286	0.9999999611133817	0.9999990940623052
0.9999999999999841	0.9999999989224899	0.9999998485755679	0.999997141030773
0.9999999999999813	0.9999999986408454	0.9999998324936753	0.9999960699610175
0.9999999999999798	0.99999999864913	0.9999998339891003	0.9999958826872287
0.9999999999999885	0.9999999992168148	0.9999999086109429	0.999997751939183
0.9999999999999917	0.999999999374444	0.9999999292931836	0.9999984953532298
0.9999999999999674	0.9999999974825626	0.9999996896974348	0.9999954134133708
0.9999999999999768	0.9999999981925994	0.9999997980184016	0.999996064900977
0.9999999999999615	0.9999999976115505	0.9999996924879935	0.9999920346604473
0.9999999999999972	0.9999999998491408	0.9999999832299464	0.9999996469471407
0.9999999999999861	0.9999999988935122	0.9999998872974883	0.9999975345145184
0.999999999999998	0.9999999998749992	0.9999999863237281	0.9999997094070666
0.9999999999999791	0.9999999983679145	0.999999837129871	0.9999953665854161
0.9999999999999784	0.9999999979900579	0.9999997738923587	0.999994771681151
0.9999999999999915	0.9999999993512202	0.9999999214888089	0.9999984160646794
0.999999999999982	0.9999999985801037	0.9999998482184059	0.9999964502215506
0.9999999999999734	0.9999999977188639	0.9999997638478391	0.9999943999301536
0.9999999999999992	0.9999999999538809	0.9999999955361591	0.9999999060329766
0.9999999999999919	0.9999999993982347	0.9999999455328648	0.9999982951849083
0.9999999999999863	0.999999999130762	0.9999998865880105	0.9999979563352355
0.9999999999999806	0.9999999985390688	0.9999998378398075	0.9999960121578728
0.9999999999999903	0.9999999992863623	0.9999999106564775	0.9999980188346222
0.9999999999999615	0.9999999973633613	0.9999996805660142	0.9999927573299155
0.9999999999999982	0.9999999998923985	0.9999999893750171	0.9999997486617903
0.9999999999999798	0.9999999984197613	0.9999998128800937	0.9999957366262472
0.9999999999999925	0.9999999994606695	0.9999999445651447	0.9999985374129506
0.9999999999999987	0.9999999999291921	0.9999999933781748	0.9999998655745355
0.9999999999999807	0.9999999987397659	0.9999998445620447	0.9999968316056461
0.9999999999999852	0.9999999989809353	0.9999998922107561	0.9999972187108572
0.9999999999999761	0.999999998118241	0.9999998074635458	0.9999943758600363
0.9999999999999976	0.9999999998191266	0.999999982503567	0.9999996393531797
0.9999999999999948	0.9999999996522881	0.9999999671230377	0.9999992009476453
0.9999999999999819	0.999999998467295	0.9999998297495277	0.9999963661333605
0.9999999999999659	0.999999997611876	0.9999997517517148	0.9999934172629527
0.9999999999999847	0.9999999989835637	0.9999998718890596	0.999996809174818
0.9999999999999959	0.9999999997281706	0.9999999690638739	0.9999993302745639
0.9999999999999851	0.999999998838386	0.999999874240848	0.9999966546452415
0.9999999999999885	0.9999999992180775	0.999999897593955	0.9999980399234206
0.9999999999999839	0.9999999988510222	0.999999864800425	0.9999969842329862
0.9999999999999983	0.9999999998837834	0.9999999873899071	0.9999997579559278
0.9999999999999813	0.9999999985393001	0.9999998604172395	0.9999967755740102
0.9999999999999946	0.9999999996152799	0.9999999638711499	0.9999990917830586
0.999999999999997	0.99999999979727	0.9999999808679244	0.9999995334271806
0.9999999999999907	0.9999999993137332	0.9999999304086541	0.9999982952985607
0.9999999999999799	0.9999999984949481	0.9999998363536567	0.9999957070159355
0.9999999999999902	0.9999999993415014	0.9999999257740315	0.9999982445793821
0.9999999999999982	0.99999999990387	0.9999999908176018	0.9999998193884946
0.9999999999999961	0.9999999997022333	0.9999999682241348	0.9999992924752757
0.9999999999999942	0.9999999995980583	0.9999999585571184	0.9999989037985341
0.9999999999999926	0.999999999472006	0.9999999481686455	0.9999986684368356
0.9999999999999678	0.9999999980202509	0.9999997198826343	0.9999938489557915
0.9999999999999846	0.9999999987271698	0.9999998620467951	0.9999964679696259
0.9999999999999831	0.9999999986827038	0.9999998608419125	0.9999968574491087
0.9999999999999839	0.9999999989012587	0.9999998741744969	0.9999975700335773
0.9999999999999712	0.9999999982034549	0.9999997131827433	0.9999939555707741
0.9999999999999927	0.9999999994512002	0.999999940999337	0.9999984814278533
0.9999999999999912	0.9999999993384732	0.9999999410838497	0.9999985334440885
0.9999999999999971	0.9999999998204477	0.999999982532142	0.999999605298715
0.9999999999999738	0.9999999978005764	0.999999769013276	0.9999951632856191
0.999999999999989	0.9999999991562163	0.9999999031065344	0.9999978989286665
0.9999999999999862	0.9999999989778047	0.9999998742165856	0.999997265965693
0.9999999999999947	0.9999999996359369	0.999999960766881	0.9999992781050345
0.9999999999999938	0.9999999995792402	0.9999999546354884	0.9999988400793669
0.9999999999999907	0.9999999994065488	0.9999999284907595	0.9999988109737846
0.9999999999999934	0.9999999995168651	0.9999999440542804	0.9999988447848464
0.9999999999999937	0.9999999995965868	0.9999999509846027	0.9999991055391959
0.9999999999999952	0.9999999996670998	0.9999999657543517	0.9999991892723317
0.9999999999999799	0.9999999984644466	0.9999998322578276	0.9999962301257347
0.9999999999999815	0.9999999984362365	0.9999998495127967	0.9999958470298713
0.9999999999999984	0.9999999998944016	0.9999999900780808	0.9999997985657345
0.9999999999999796	0.9999999984981577	0.9999998493236101	0.9999962780940567
0.9999999999999956	0.9999999996849882	0.9999999686081539	0.9999992769003778
0.9999999999999837	0.9999999987703757	0.9999998447656457	0.9999968448969341
0.9999999999999827	0.9999999986168635	0.9999998378493641	0.9999966535223503
0.9999999999999915	0.9999999992890708	0.9999999137238866	0.9999983800016429
0.9999999999999873	0.9999999989738678	0.9999999060155859	0.9999979695499734
0.9999999999999917	0.9999999993932929	0.9999999286709941	0.9999984445277675
0.9999999999999938	0.9999999995898027	0.9999999489102513	0.999998921110664
0.9999999999999823	0.9999999986781554	0.9999998679870796	0.999996582801785
0.9999999999999847	0.9999999990818609	0.9999998695550735	0.9999969184570278
0.9999999999999941	0.9999999996076127	0.9999999573203077	0.9999991066755174
0.999999999999987	0.9999999991443009	0.9999999048120753	0.999997537658246
0.9999999999999865	0.9999999988549242	0.9999998943969588	0.9999975244967021
0.9999999999999981	0.9999999998794434	0.9999999875560597	0.9999997222020388
0.9999999999999787	0.9999999984389483	0.9999998288433913	0.9999961913264233
0.9999999999999879	0.9999999990364421	0.9999998939597674	0.9999979320163666
0.9999999999999799	0.9999999986875518	0.9999998224909985	0.9999966045652561
0.9999999999999829	0.9999999988468908	0.9999998567580201	0.9999963727417027
0.9999999999999925	0.9999999994699352	0.9999999389333819	0.9999986191293232
0.9999999999999926	0.9999999994339791	0.999999945953932	0.9999988044805876
0.9999999999999899	0.9999999993240917	0.9999999109514403	0.99999840528046
0.9999999999999961	0.9999999997416309	0.9999999708930711	0.9999994148228974
0.9999999999999866	0.9999999990548841	0.9999998878513108	0.9999974685231929
0.9999999999999885	0.999999999150255	0.9999998918430169	0.9999978368347013
0.999999999999991	0.9999999993141112	0.9999999445549214	0.9999986760805133
0.9999999999999699	0.999999998091204	0.9999997380107849	0.999993243368121
0.9999999999999732	0.9999999979140196	0.9999997691811394	0.9999938955317546
0.9999999999999802	0.9999999985664236	0.999999835568226	0.9999961488004442
0.9999999999999902	0.9999999993552279	0.999999920117629	0.9999984030756256
0.99999999999997	0.9999999975814083	0.999999706733083	0.999993891196312
0.9999999999999879	0.9999999990674484	0.9999998993742824	0.9999975216181848
0.9999999999999934	0.9999999995983229	0.9999999492602407	0.9999989196573938
0.9999999999999903	0.9999999993339735	0.9999999226828171	0.9999980405166454
0.9999999999999932	0.999999999532836	0.9999999456834151	0.9999985864369059
0.9999999999999922	0.999999999405036	0.9999999376173251	0.9999983473026114
0.9999999999999977	0.9999999998618135	0.9999999857208118	0.9999996849056266
0.9999999999999881	0.999999999222546	0.9999999095601094	0.9999976898052232
0.9999999999999803	0.9999999986287474	0.9999998564728538	0.9999959348598059
0.9999999999999851	0.9999999988956823	0.9999998691334464	0.9999972410548026
0.9999999999999819	0.9999999986178034	0.9999998618740438	0.9999963590113458
0.999999999999988	0.9999999989950724	0.9999998963788055	0.9999978386460058
0.9999999999999737	0.9999999982247159	0.9999997879448761	0.9999945627349104
0.9999999999999855	0.999999998818041	0.9999998593935963	0.9999969633171412
0.9999999999999832	0.9999999987712919	0.9999998512787462	0.999996669184989
0.9999999999999696	0.9999999977540502	0.9999997651074934	0.9999937988527625
0.9999999999999925	0.9999999994948672	0.9999999554453055	0.999998689697235
0.9999999999999917	0.9999999993962687	0.9999999362519199	0.9999985678007165
0.999999999999996	0.9999999997599934	0.9999999713236627	0.9999994783579984
0.9999999999999925	0.9999999995253149	0.9999999373675468	0.9999986860359918
0.9999999999999721	0.9999999978417046	0.9999997366561859	0.9999934590569721
0.9999999999999822	0.9999999986464756	0.9999998668041138	0.999996742423832
0.9999999999999899	0.9999999992516595	0.9999999289903472	0.9999980504603425
0.9999999999999653	0.9999999972532999	0.9999996814430967	0.9999921627989701
0.9999999999999764	0.9999999983611968	0.999999780663314	0.9999950330972737
0.9999999999999917	0.9999999994139271	0.9999999295860208	0.9999983167462527
0.9999999999999902	0.9999999992682796	0.9999999201987476	0.9999980461437284
0.9999999999999941	0.9999999996189414	0.99999994823248	0.9999989367610634
0.9999999999999931	0.999999999543474	0.9999999465243512	0.9999985599593997
0.9999999999999544	0.9999999965101952	0.9999995994976154	0.9999916437884145
0.9999999999999891	0.9999999992845686	0.9999998873670692	0.999997637779835
0.9999999999999838	0.9999999988788731	0.9999998834824048	0.9999967062155346
0.9999999999999741	0.9999999980240832	0.9999997670278079	0.999994012934674
0.9999999999999953	0.9999999996694241	0.9999999636366264	0.9999991566740555
0.9999999999999973	0.9999999998231969	0.9999999825306108	0.9999995558008854
0.9999999999999764	0.9999999983856339	0.9999997913033832	0.9999952851176935
0.9999999999999917	0.9999999994030356	0.9999999310848264	0.9999984434401721
0.9999999999999905	0.9999999992716483	0.9999999280987358	0.9999981998640333
0.999999999999994	0.9999999995391643	0.9999999491540098	0.9999990154118399
0.9999999999999929	0.9999999995197074	0.9999999588142063	0.9999988163058732
0.9999999999999941	0.9999999995726732	0.9999999562405975	0.9999991142817752
0.9999999999999928	0.9999999995657811	0.9999999426075533	0.9999987667321597
0.999999999999986	0.9999999988482763	0.9999998919714385	0.9999973024166744
0.9999999999999855	0.9999999988978584	0.9999998989793394	0.9999967792301808
0.9999999999999895	0.9999999992733726	0.9999999099051674	0.9999980238702473
0.9999999999999923	0.9999999994421115	0.9999999415452024	0.9999988039980299
0.9999999999999852	0.9999999989073604	0.9999998840194873	0.999997237442496
0.9999999999999738	0.9999999978415033	0.9999997717846066	0.9999938616792033
0.9999999999999732	0.9999999979812311	0.9999997595394651	0.9999936842351823
0.9999999999999922	0.9999999994472248	0.9999999309008016	0.9999983447501813
0.9999999999999688	0.9999999976478285	0.9999997080879528	0.9999939896686608
0.9999999999999933	0.9999999995520957	0.9999999567939012	0.9999989544068048
0.9999999999999889	0.9999999991181635	0.9999999272695997	0.9999978972273516
0.9999999999999601	0.9999999966520249	0.9999997033811652	0.9999913388464196
0.9999999999999979	0.999999999855485	0.9999999848360134	0.9999996944722352
0.9999999999999899	0.9999999993751901	0.9999999239312671	0.9999978899131807
0.999999999999981	0.9999999985068514	0.9999998282989425	0.9999971994893798
0.9999999999999641	0.9999999975399723	0.9999997119538617	0.9999934653608918
0.9999999999999803	0.9999999984560342	0.9999998085280378	0.9999958859330886
0.9999999999999947	0.9999999996216895	0.9999999669089557	0.9999990805670989
0.9999999999999781	0.9999999983020681	0.9999998121502287	0.999995560418128
0.9999999999999908	0.9999999993406987	0.9999999359172494	0.9999985275611255
0.9999999999999866	0.9999999990749474	0.9999999076159956	0.999998074052939
0.999999999999998	0.9999999998834309	0.9999999884206573	0.9999997323134925
0.9999999999999744	0.9999999979231966	0.9999997539987604	0.9999955271980304
0.999999999999997	0.9999999998113652	0.999999978822647	0.9999995965592369
0.9999999999999979	0.999999999878196	0.9999999873781122	0.9999997266278342
0.9999999999999887	0.9999999991732967	0.9999999147736642	0.9999978479166325
0.9999999999999823	0.9999999986668547	0.9999998488980487	0.9999966643268655
0.9999999999999809	0.9999999986683648	0.9999998223285921	0.999995620905087
0.9999999999999689	0.9999999979360564	0.9999997672524467	0.9999948165741462
0.9999999999999907	0.9999999993665829	0.9999999367100145	0.9999984540595049
0.9999999999999837	0.9999999987103244	0.9999998537840654	0.9999971429617389
0.9999999999999926	0.9999999995417621	0.9999999522160083	0.9999988757060497
0.9999999999999902	0.9999999993331925	0.9999999193722141	0.9999982010969306
0.9999999999999873	0.9999999990838162	0.9999998863589062	0.9999972874499105
0.999999999999979	0.999999998400669	0.9999998200156809	0.999995891265904
0.9999999999999809	0.9999999985168938	0.999999829878297	0.9999966275939436
0.9999999999999858	0.9999999989295579	0.9999998840110851	0.9999977628290165
0.9999999999999931	0.9999999995376379	0.9999999503096638	0.9999988959365887
0.99999999999997	0.9999999978936578	0.9999997277110848	0.9999939026109882
0.9999999999999611	0.999999997187198	0.9999996857101077	0.9999923933779175
0.9999999999999852	0.9999999988780268	0.9999998642068371	0.9999980228527255
0.999999999999992	0.9999999994779197	0.9999999441826529	0.9999986200907621
0.9999999999999597	0.9999999969873035	0.9999996518358932	0.9999920127113789
0.9999999999999971	0.9999999998202633	0.9999999803261818	0.9999995597938469
0.9999999999999852	0.9999999990302777	0.9999998710330075	0.9999966439712956
0.9999999999999909	0.9999999993997709	0.999999932121544	0.9999981913055379
0.9999999999999823	0.9999999986066357	0.9999998644503587	0.9999959893836627
0.9999999999999917	0.9999999993351703	0.9999999288420897	0.9999985969414479
0.9999999999999967	0.9999999997964645	0.9999999751058989	0.9999995545164188
0.9999999999999597	0.999999996944451	0.9999997186081111	0.9999916429923891
0.9999999999999969	0.9999999998212965	0.9999999790668216	0.9999995330435975
0.9999999999999966	0.9999999997686995	0.9999999754410409	0.9999994030858288
0.9999999999999952	0.9999999996452835	0.9999999677724516	0.9999992993339566
0.9999999999999983	0.9999999998764336	0.9999999882415104	0.999999756357044
0.9999999999999771	0.9999999986627286	0.9999998092223572	0.9999954939091914
0.9999999999999921	0.9999999994675314	0.9999999400059624	0.9999986244976046
0.9999999999999983	0.9999999998786165	0.9999999883642109	0.9999997693415407