0.9999999999999913	0.9999999994348814	0.9999999477129733	0.9999991472732005
0.9999999999999877	0.9999999992513864	0.9999999474012946	0.9999992811273452
0.9999999999999883	0.9999999992375624	0.9999999557709858	0.9999994580167268
0.9999999999999692	0.9999999978484312	0.9999997564557852	0.9999929595089587
0.9999999999999887	0.9999999993172767	0.9999999587116652	0.9999995879943941
0.9999999999999838	0.9999999988267632	0.9999998722732425	0.999996495158572
0.9999999999999936	0.9999999995875083	0.9999999719817869	0.9999996260460324
0.9999999999999677	0.9999999976752711	0.9999997160104911	0.9999937337029112
0.9999999999999801	0.999999998784042	0.9999998354323596	0.9999973767325138
0.999999999999971	0.9999999978359215	0.9999997862394806	0.9999937058063993
0.999999999999994	0.9999999996487107	0.9999999772531811	0.999999756591924
0.9999999999999968	0.9999999998426158	0.9999999906698297	0.9999999254427743
0.9999999999999716	0.9999999980353997	0.9999997715329969	0.9999942918668479
0.999999999999971	0.9999999980227895	0.999999713059815	0.9999933279662826
0.9999999999999934	0.9999999995882797	0.9999999681801331	0.9999995851346007
0.999999999999993	0.9999999995835765	0.9999999697780508	0.9999997172402181
0.9999999999999932	0.9999999995724828	0.9999999661906908	0.9999996354144733
0.999999999999995	0.9999999997040776	0.999999979761249	0.9999998134394157
0.9999999999999788	0.9999999982874833	0.9999998562557302	0.9999961952707829
0.9999999999999879	0.999999999145466	0.9999999245271414	0.9999983664550687
0.9999999999999938	0.9999999996541732	0.9999999750945391	0.9999995679925469
0.9999999999999952	0.9999999997373332	0.9999999838770062	0.9999998842428155
0.9999999999999868	0.9999999991610965	0.9999999252060061	0.9999987872527628
0.9999999999999988	0.9999999999868641	0.9999999996942632	0.9999999976307055
0.9999999999999954	0.9999999997730634	0.9999999889792192	0.9999999171872889
0.9999999999999888	0.9999999991136838	0.9999999181147405	0.9999986044973151
0.9999999999999801	0.9999999985025264	0.9999998571918463	0.9999969917865711
0.9999999999999912	0.9999999994936349	0.9999999487827984	0.9999991894894973
0.999999999999968	0.9999999977270547	0.9999997717985932	0.9999936090772499
0.9999999999999862	0.9999999990546549	0.9999999204013482	0.9999978097618089
0.9999999999999962	0.9999999997394776	0.9999999822137261	0.9999998227745799
0.9999999999999959	0.9999999997459321	0.9999999785849617	0.9999998032207945
0.999999999999989	0.999999999412316	0.9999999466481145	0.9999990334871119
0.9999999999999808	0.9999999988978512	0.999999868085715	0.999997541547711
0.9999999999999751	0.9999999980805968	0.9999997895813741	0.9999946049328996
0.9999999999999968	0.999999999854304	0.9999999917553615	0.9999999439715722
0.9999999999999982	0.99999999995799	0.9999999982498898	0.9999999978506121
0.999999999999992	0.9999999995066419	0.9999999514544488	0.9999991118074798
0.9999999999999883	0.9999999993042739	0.9999999503224726	0.9999991310797154
0.9999999999999964	0.9999999998647832	0.9999999930638523	0.9999999613616825
0.9999999999999933	0.9999999995293473	0.9999999570718057	0.9999994269425241
0.9999999999999951	0.9999999997145387	0.9999999762397062	0.9999997003382182
0.9999999999999943	0.999999999627277	0.9999999687064826	0.9999996175455146
0.9999999999999875	0.9999999991462676	0.9999999172857368	0.9999986071542256
0.9999999999999866	0.9999999988922569	0.9999999033236211	0.9999978251592154
0.9999999999999869	0.9999999991035358	0.9999999143184438	0.9999984166708712
0.999999999999969	0.9999999978541035	0.9999996955009887	0.9999928120426878
0.9999999999999962	0.9999999997603728	0.9999999815466568	0.9999998078428903
0.9999999999999736	0.9999999980877081	0.9999997915637195	0.9999946585017638
0.9999999999999946	0.9999999996261112	0.9999999723785037	0.9999995912802004
0.9999999999999781	0.9999999984374917	0.9999998525839282	0.9999961965044528
0.9999999999999765	0.9999999981664537	0.9999997972504735	0.9999954343535735
0.9999999999999972	0.9999999998447058	0.9999999866184561	0.9999999114753915
0.9999999999999946	0.9999999996639324	0.9999999756205437	0.9999996755504222
0.9999999999999861	0.9999999990348032	0.9999999104799385	0.9999987666110045
0.9999999999999591	0.9999999974083678	0.9999996721217028	0.999992619123109
0.9999999999999801	0.9999999985441363	0.9999998379992262	0.9999964653129066
0.9999999999999586	0.9999999969116533	0.9999995960751208	0.9999922647074898
0.9999999999999768	0.9999999983217049	0.9999998399927159	0.9999968237063089
0.9999999999999891	0.999999999260319	0.9999999392274488	0.9999990168477227
0.999999999999979	0.9999999981614269	0.9999998102857042	0.9999962547931905
0.9999999999999615	0.9999999970201654	0.9999996715026971	0.9999933025933047
0.999999999999995	0.9999999996715194	0.9999999753643578	0.999999642794173
0.9999999999999745	0.9999999980877758	0.9999997932683734	0.999995519537998
0.9999999999999852	0.9999999990017719	0.9999998928275157	0.9999981211983154
0.9999999999999887	0.9999999991840864	0.9999998935980473	0.9999982945796118
0.9999999999999941	0.9999999996806845	0.9999999760753912	0.9999998417534628
0.9999999999999866	0.999999999117533	0.9999999403876875	0.9999981467279844
0.9999999999999809	0.9999999986493502	0.9999998747933152	0.9999971795086446
0.9999999999999651	0.9999999974814417	0.9999997128719473	0.9999936457552755
0.9999999999999601	0.9999999968818969	0.9999996407887022	0.9999926482316726
0.9999999999999919	0.999999999517507	0.9999999547943678	0.999999101594918
0.9999999999999836	0.9999999989649739	0.9999998906770972	0.9999981837488925
0.999999999999991	0.9999999995350239	0.9999999602891607	0.9999992588950448
0.9999999999999882	0.9999999991595336	0.9999999276526609	0.9999983038716447
0.9999999999999976	0.9999999998872301	0.9999999934627831	0.9999999617985652
0.999999999999998	0.9999999999145645	0.9999999959285769	0.9999999864881417
0.9999999999999806	0.9999999985084604	0.9999998204682388	0.99999630218831
0.9999999999999907	0.9999999994287175	0.9999999519036034	0.9999992012296215
0.999999999999986	0.9999999990211967	0.9999999059677898	0.9999979176946909
0.9999999999999825	0.9999999987729825	0.9999998597565689	0.9999974449039362
0.99999999999998	0.9999999987305312	0.9999998054181022	0.9999966498149905
0.9999999999999937	0.9999999996101473	0.999999970225622	0.9999995691284247
0.999999999999981	0.9999999987755583	0.9999998583456167	0.999997171836281
0.9999999999999811	0.9999999987809394	0.9999998652062383	0.9999975017827915
0.9999999999999873	0.9999999991122769	0.9999999129064701	0.9999978643398496
0.9999999999999829	0.9999999986343947	0.999999862892294	0.9999972936819449
0.9999999999999926	0.9999999995012376	0.9999999658758115	0.9999995515548888
0.9999999999999741	0.9999999982431335	0.9999998275717723	0.9999956866235933
0.9999999999999937	0.9999999997233703	0.9999999796321108	0.9999998909705119
0.9999999999999971	0.9999999998820772	0.9999999942710527	0.9999999612497963
0.9999999999999951	0.9999999997032849	0.9999999738056063	0.9999996520539649
0.9999999999999906	0.9999999993838387	0.9999999590034232	0.9999995076435795
0.9999999999999963	0.9999999998731319	0.9999999938117803	0.9999999635227835
0.9999999999999764	0.9999999982756322	0.9999998186003587	0.9999948517473293
0.9999999999999972	0.999999999899952	0.9999999950385589	0.9999999818761882
0.9999999999999882	0.9999999992409364	0.9999999285847367	0.9999988515584649
0.9999999999999951	0.999999999702514	0.9999999804929258	0.99999979249717
0.9999999999999758	0.9999999981429486	0.9999997919144045	0.9999949071046452
0.9999999999999934	0.9999999995882943	0.9999999721811643	0.9999994660736304
0.9999999999999921	0.9999999994929066	0.99999996094517	0.9999993099568112
0.9999999999999888	0.999999999278155	0.9999999388579768	0.9999993686632247
0.9999999999999976	0.9999999999193727	0.9999999957631417	0.9999999879176558
0.9999999999999901	0.9999999994157349	0.9999999558105616	0.9999995614567797
0.9999999999999688	0.9999999977960259	0.999999811484609	0.9999957733841922
0.999999999999993	0.9999999996052686	0.999999978778008	0.9999998185215931
0.9999999999999827	0.999999998833573	0.9999998851761802	0.9999971959505327
0.9999999999999805	0.9999999988379688	0.9999998149155456	0.999996857513184
0.9999999999999845	0.9999999988359315	0.9999998952342859	0.9999972926485925
0.9999999999999821	0.999999998700657	0.9999998914171035	0.999997139093846
0.9999999999999689	0.9999999977209848	0.9999998011635066	0.9999948992236033
0.9999999999999899	0.9999999993815494	0.9999999362046159	0.9999989443864401
0.9999999999999893	0.9999999993522394	0.9999999465645142	0.999999392542286
0.999999999999993	0.9999999996113293	0.9999999720708386	0.9999996136090161
0.9999999999999876	0.9999999990949222	0.9999999242574683	0.9999990108323603
0.9999999999999797	0.9999999986994954	0.9999998940441999	0.99999707151309
0.9999999999999917	0.9999999994641824	0.9999999555004262	0.999999446092851
0.9999999999999901	0.9999999993506183	0.9999999320790216	0.9999991395831994
0.9999999999999827	0.9999999987430646	0.9999998902994046	0.9999976537492513
0.9999999999999746	0.9999999983420628	0.9999998169458675	0.999994792009253
0.999999999999989	0.9999999993064628	0.9999999412779218	0.9999988021768612
0.9999999999999899	0.9999999993825057	0.9999999401762671	0.999998731767533
0.9999999999999919	0.9999999994800316	0.9999999485603014	0.9999991239262331
0.9999999999999896	0.9999999993135138	0.9999999446104016	0.999999157485189
0.999999999999991	0.9999999993204879	0.9999999336384484	0.9999988125926647
0.9999999999999954	0.9999999997293316	0.9999999815491042	0.9999998346559982
0.999999999999992	0.9999999994807447	0.9999999601282202	0.9999993803953401
0.9999999999999966	0.9999999998538694	0.9999999919995379	0.999999970725624
0.9999999999999712	0.9999999978735912	0.999999771706531	0.999995489907429
0.9999999999999971	0.9999999998766994	0.9999999938522545	0.999999975623794
0.9999999999999868	0.9999999990206906	0.9999999104214706	0.9999981860972917
0.9999999999999754	0.9999999980618034	0.9999997931795686	0.9999943283362878
0.9999999999999747	0.9999999981248874	0.9999997847994234	0.9999959532101206
0.9999999999999958	0.9999999998254467	0.9999999911009022	0.9999999424486989
0.9999999999999657	0.999999997404482	0.9999997256914417	0.9999921117671782
0.9999999999999689	0.9999999974442149	0.9999997694755982	0.9999942594622155
0.9999999999999899	0.9999999993808759	0.9999999549989651	0.9999992374811075
0.999999999999987	0.9999999990947891	0.9999999001072024	0.9999982057315695
0.9999999999999847	0.9999999990083164	0.9999998795301804	0.9999974103138151
0.99999999999998	0.9999999985072286	0.9999998241226403	0.9999970157161864
0.9999999999999906	0.9999999994361004	0.9999999474167323	0.9999989400846429
0.9999999999999905	0.999999999481099	0.9999999599210142	0.9999993817969314
0.999999999999977	0.9999999983862906	0.9999998383623903	0.999996381449475
0.999999999999992	0.9999999995099541	0.9999999603566244	0.9999995505102547
0.9999999999999909	0.9999999994318918	0.999999948168416	0.9999989500873931
0.9999999999999859	0.9999999988860195	0.9999998987060545	0.9999977941916377
0.9999999999999915	0.9999999994720685	0.9999999646715337	0.9999995722351708
0.9999999999999912	0.9999999994047337	0.9999999572064685	0.9999990992549405
0.9999999999999892	0.9999999991881154	0.9999999276584043	0.9999985640408078
0.9999999999999828	0.9999999986747803	0.9999998400751435	0.9999964151013515
0.9999999999999608	0.999999997035614	0.999999708083789	0.9999925770174597
0.9999999999999983	0.9999999999506981	0.9999999983668212	0.999999997503107
0.9999999999999891	0.9999999993178503	0.9999999604151796	0.9999993114682769
0.99999999999999	0.9999999993723593	0.9999999608407638	0.9999994282912947
0.9999999999999863	0.9999999990872472	0.9999999216321932	0.999998908334523
0.9999999999999963	0.9999999998467206	0.9999999911670131	0.9999999529040712
0.9999999999999896	0.9999999991381618	0.9999999206504306	0.9999987433713611
0.9999999999999827	0.9999999987611792	0.9999998760239555	0.9999977934173729
0.9999999999999678	0.9999999976266019	0.9999997300786082	0.999993029170075
0.9999999999999768	0.9999999983076554	0.9999998233606026	0.9999947340917359
0.9999999999999787	0.9999999983915063	0.9999998383675751	0.999996455619639
0.9999999999999843	0.9999999988586004	0.9999999118421864	0.999998341237771
0.9999999999999934	0.9999999996524981	0.9999999719834337	0.9999996466810396
0.9999999999999682	0.9999999977057723	0.9999997467676858	0.9999930444295949
0.9999999999999684	0.9999999976339515	0.9999997675290642	0.9999940776506059
0.9999999999999762	0.9999999984548995	0.9999998357013331	0.9999952949574034
0.9999999999999822	0.9999999988044019	0.9999998010875031	0.9999966071979164
0.9999999999999861	0.9999999991605475	0.9999998890011204	0.999997516126109
0.9999999999999644	0.9999999975312952	0.9999997076229115	0.9999938608430787
0.9999999999999808	0.9999999985976492	0.9999998651563498	0.9999973293956854
0.9999999999999967	0.9999999998000783	0.9999999869455716	0.9999999094393264
0.999999999999995	0.9999999997240263	0.9999999830069413	0.9999997751509148
0.9999999999999777	0.9999999983074584	0.9999998199508265	0.9999959543537461
0.9999999999999765	0.9999999983132852	0.9999997826969179	0.9999952258113632
0.9999999999999833	0.9999999987105811	0.9999998821478998	0.9999973396967318
0.9999999999999742	0.9999999977827879	0.9999997975124685	0.9999955583705076
0.9999999999999721	0.9999999981892365	0.999999796824963	0.9999948031628274
0.9999999999999905	0.9999999993033306	0.9999999316323771	0.9999986506945606
0.9999999999999708	0.9999999979356948	0.999999776522062	0.9999940228415033
0.9999999999999678	0.9999999972974772	0.9999996667022816	0.9999928098695084
0.9999999999999717	0.9999999981251328	0.999999769049582	0.9999952995795267
0.999999999999985	0.9999999989219461	0.9999998998629124	0.9999982077568249
0.9999999999999915	0.9999999994919879	0.9999999456446085	0.9999991229978334
0.9999999999999908	0.9999999994112939	0.9999999520697603	0.9999991163571453
0.9999999999999917	0.9999999994991193	0.9999999637897198	0.9999994961670082
0.9999999999999865	0.9999999990779306	0.999999924033024	0.9999986949980041
0.999999999999996	0.9999999997772092	0.9999999863113701	0.9999998805684243
0.9999999999999851	0.9999999989905819	0.9999998768694586	0.9999973176177709
0.9999999999999801	0.9999999984069297	0.9999998286841201	0.9999959344537581
0.999999999999996	0.9999999998099955	0.9999999848042019	0.9999998594039489
0.9999999999999972	0.9999999998710525	0.9999999936978822	0.9999999559495173
0.9999999999999689	0.9999999979239428	0.9999997300860767	0.9999931675253092
0.9999999999999901	0.9999999992659897	0.9999999491654855	0.9999988340023545
0.9999999999999981	0.999999999923821	0.9999999962982831	0.9999999885860285
0.9999999999999895	0.9999999993766272	0.9999999416656976	0.9999992027485902
0.9999999999999943	0.9999999995691253	0.9999999776249618	0.9999998064661846
0.9999999999999695	0.9999999975951569	0.9999997117037709	0.9999941960436054
0.9999999999999862	0.9999999989106186	0.9999999065244012	0.9999983551107526
0.9999999999999948	0.9999999997231084	0.9999999850653418	0.9999998727758473
0.999999999999995	0.9999999997311708	0.9999999805133293	0.999999784402163
0.9999999999999828	0.9999999986037029	0.9999998657567585	0.9999978665569611
0.9999999999999792	0.9999999986629812	0.999999833619466	0.9999967269218714
0.9999999999999981	0.9999999999274337	0.9999999970138533	0.9999999950401213
0.9999999999999959	0.9999999998115742	0.9999999901794959	0.9999999461232668
0.9999999999999751	0.999999998532129	0.9999997732517341	0.9999940777018438
0.9999999999999961	0.9999999998115351	0.9999999896858696	0.9999999527663277
0.9999999999999858	0.9999999988480224	0.9999999044679461	0.9999980394292933
0.9999999999999967	0.9999999998177519	0.9999999892087255	0.9999999209689505
0.9999999999999876	0.9999999992489293	0.999999913429886	0.9999987450296881
0.9999999999999961	0.9999999997661664	0.9999999842993363	0.999999833281009
0.9999999999999863	0.9999999992773467	0.9999999262538621	0.9999987051747811
0.9999999999999943	0.9999999996356947	0.9999999752932837	0.9999997559583121
0.9999999999999858	0.9999999989860511	0.9999999068919764	0.9999978796170859
0.9999999999999799	0.9999999983282741	0.999999817471845	0.9999960307123417
0.9999999999999971	0.9999999998617438	0.9999999927448775	0.9999999558043239
0.9999999999999729	0.9999999979679249	0.9999997443925667	0.9999949505341575
0.9999999999999963	0.9999999998426532	0.9999999900161519	0.9999999477367693
0.999999999999997	0.9999999998172251	0.9999999903114706	0.9999999252947335
0.9999999999999711	0.9999999975904199	0.9999997513505547	0.999994743962788
0.9999999999999845	0.9999999986606691	0.9999998603423783	0.9999962395503402
0.9999999999999736	0.9999999980982932	0.9999998213379656	0.9999955909850456
0.9999999999999719	0.9999999977581842	0.9999997599474794	0.9999940697196985
0.9999999999999979	0.9999999999187789	0.999999995920616	0.9999999864511485
0.9999999999999983	0.9999999999419299	0.9999999980053754	0.9999999973318423
0.9999999999999746	0.9999999980578755	0.9999998025247318	0.9999958704202901
0.9999999999999983	0.9999999999608953	0.9999999984170216	0.9999999984663136
0.9999999999999836	0.9999999986072031	0.9999998535855731	0.9999967899337099
0.9999999999999888	0.9999999992183486	0.9999999367052955	0.9999986589300058
0.999999999999962	0.9999999971995318	0.9999996990257018	0.9999936728748151
0.9999999999999978	0.999999999915352	0.9999999957297673	0.9999999878361914
0.9999999999999678	0.9999999973672972	0.9999997208156727	0.9999944166114867
0.9999999999999561	0.9999999971734654	0.9999996515678846	0.9999935568773457
0.9999999999999644	0.9999999970991049	0.999999728523255	0.999993089290491
0.9999999999999952	0.9999999997405679	0.9999999840498915	0.9999999011123147
0.9999999999999724	0.999999997832069	0.9999997745738256	0.9999944636064698
0.9999999999999819	0.9999999985744666	0.9999998539813714	0.9999971444244476
0.9999999999999957	0.9999999997314997	0.9999999841390641	0.9999998311804884
0.9999999999999962	0.9999999998179869	0.9999999914164056	0.9999999546907089
0.9999999999999808	0.9999999986879708	0.9999998712849323	0.9999975204666637
0.999999999999989	0.9999999991919363	0.9999999255785417	0.9999984594783461
0.9999999999999719	0.9999999979613925	0.999999781391024	0.9999956164824472
0.9999999999999648	0.9999999976591222	0.9999996830073554	0.999993380115603
0.9999999999999876	0.9999999992427546	0.9999999422853351	0.9999984661348522
0.9999999999999939	0.9999999996333118	0.9999999690632603	0.9999995383067865
0.9999999999999865	0.9999999991185663	0.9999999212141198	0.9999983001198842
0.9999999999999963	0.999999999805247	0.9999999880481812	0.9999998865026611
0.9999999999999729	0.9999999981795034	0.9999997908004313	0.9999957397317345
0.9999999999999772	0.9999999983234572	0.999999858097549	0.9999968491697507
0.999999999999996	0.9999999998085105	0.999999984975751	0.9999998843305922
0.9999999999999818	0.9999999985975944	0.9999998586289497	0.9999969563044925
0.9999999999999973	0.9999999998938475	0.9999999942208417	0.9999999744083504
0.9999999999999978	0.9999999999317052	0.9999999972862824	0.999999996223579
0.9999999999999927	0.9999999996312394	0.9999999707212646	0.9999996226960499
0.9999999999999797	0.9999999984311865	0.9999998389517002	0.9999963398797395
0.9999999999999929	0.9999999995344994	0.9999999660815159	0.9999996013547013
0.9999999999999875	0.9999999992436182	0.9999999315525591	0.9999989435650852
0.9999999999999661	0.9999999976952588	0.9999997585729749	0.999993846555791
0.9999999999999772	0.9999999983823731	0.9999998153674234	0.9999955136461368
0.9999999999999706	0.9999999978846373	0.9999997732570356	0.9999937136221657
0.9999999999999859	0.9999999989798731	0.9999999036745919	0.999998351406234
0.9999999999999968	0.9999999998606574	0.9999999922441849	0.9999999375744435
0.9999999999999982	0.9999999999513203	0.9999999982011917	0.9999999981968969
0.9999999999999687	0.999999997763507	0.9999997011292557	0.9999937708206201
0.999999999999995	0.9999999996536802	0.9999999779219789	0.9999997442342474
0.9999999999999901	0.9999999993675734	0.9999999484666685	0.9999990255688929
0.9999999999999618	0.9999999971508104	0.9999997287304785	0.9999920084729802
0.9999999999999906	0.9999999993121966	0.999999936134652	0.9999988722369552
0.9999999999999731	0.9999999980616016	0.9999997531754201	0.999995004102773
0.9999999999999871	0.9999999990813123	0.9999999280355714	0.9999981933233903
0.9999999999999919	0.9999999994920368	0.9999999555448391	0.9999994244736952
0.9999999999999979	0.9999999999628102	0.9999999988217239	0.9999999987280397
0.9999999999999827	0.999999998982235	0.9999998716112436	0.9999974918060012
0.9999999999999823	0.9999999986547659	0.9999998704949311	0.9999970042012661
0.9999999999999775	0.9999999986010005	0.9999998177937313	0.9999966464431808
0.9999999999999928	0.9999999995889516	0.9999999647478871	0.9999993070980292
0.9999999999999813	0.99999999843114	0.9999998308841139	0.9999969454645965
0.9999999999999931	0.9999999994993439	0.9999999583845682	0.9999993932170234
0.999999999999988	0.9999999992693076	0.9999999245927981	0.9999987647975408
0.9999999999999862	0.9999999991563262	0.9999999141093975	0.9999987570948144
0.9999999999999911	0.9999999994678873	0.999999957604059	0.9999990611767299
0.9999999999999717	0.9999999980659523	0.9999998090003788	0.99999479248134
0.9999999999999805	0.9999999985536966	0.9999998592997318	0.9999963992811497
0.9999999999999895	0.9999999993905884	0.9999999541662029	0.9999989683352398
0.9999999999999897	0.999999999435015	0.9999999565242689	0.999999611160702
0.9999999999999822	0.999999998680608	0.9999998665452609	0.99999675908358
0.999999999999998	0.9999999999072959	0.9999999952653499	0.9999999892446866
0.9999999999999907	0.9999999994390034	0.999999961791231	0.9999995386316358
0.9999999999999981	0.9999999999283068	0.9999999958666095	0.9999999899493903
0.9999999999999905	0.9999999993486636	0.9999999521980758	0.9999991930551114
0.9999999999999928	0.9999999995473727	0.9999999609199272	0.9999993505097076
0.9999999999999859	0.9999999990929596	0.999999897555938	0.9999976958624189
0.9999999999999899	0.9999999994148802	0.99999994479337	0.999999031475465
0.9999999999999821	0.9999999988671406	0.9999998761854765	0.9999975521758495
0.9999999999999954	0.9999999997517216	0.9999999806008236	0.9999998885031679
0.9999999999999956	0.9999999997636048	0.9999999840922572	0.9999998563985191
0.9999999999999731	0.9999999980113142	0.9999998019106706	0.9999949425328851
0.9999999999999948	0.999999999683918	0.9999999763123494	0.9999997683470249
0.9999999999999739	0.9999999980985577	0.9999997872577624	0.9999941917727014
0.999999999999986	0.9999999990445482	0.9999998943637923	0.9999976873576658
0.9999999999999907	0.999999999341108	0.9999999421934964	0.9999991344860087
0.9999999999999946	0.9999999996284292	0.9999999748968069	0.9999996496176464
0.999999999999992	0.9999999994968598	0.9999999559562733	0.9999992677110069
0.9999999999999917	0.9999999994820136	0.999999955669003	0.9999994192493327
0.9999999999999707	0.9999999977225295	0.9999997720453212	0.9999943572719348
0.9999999999999849	0.9999999990811167	0.999999919192149	0.9999988399395232
0.9999999999999807	0.9999999984655196	0.9999998547212112	0.9999969874016742
0.9999999999999899	0.9999999994465354	0.9999999507682606	0.9999994249964191
0.9999999999999966	0.999999999817295	0.9999999873540598	0.9999998736274283
0.9999999999999989	0.9999999999834357	0.9999999995997237	0.9999999976648494
0.9999999999999715	0.9999999977222892	0.9999997285262906	0.9999935822227473
0.9999999999999798	0.999999998351452	0.9999998257716082	0.999995806114794
0.9999999999999796	0.9999999986018047	0.9999998098351429	0.9999960824166317
0.9999999999999809	0.999999998472073	0.9999998327384495	0.9999960962971836
0.9999999999999879	0.9999999992613411	0.9999999325866473	0.9999987421499995
0.9999999999999887	0.9999999994149653	0.9999999423704687	0.9999993608356466
0.9999999999999926	0.9999999995761445	0.9999999708934003	0.9999996795607154
0.9999999999999888	0.9999999992873935	0.999999948158979	0.9999993099987796
0.9999999999999898	0.9999999993238537	0.9999999409221889	0.9999993295170183
0.9999999999999851	0.9999999988490136	0.9999998741415376	0.9999972273092343
0.9999999999999871	0.9999999991692528	0.9999999138006614	0.9999984504414179
0.9999999999999822	0.9999999984609467	0.9999998507656603	0.9999972683779998
0.9999999999999711	0.9999999981022799	0.9999997560677478	0.9999952251932719
0.9999999999999761	0.9999999984017468	0.9999998187661676	0.9999947979937686
0.9999999999999929	0.9999999995246811	0.9999999656088502	0.9999993898579194
0.9999999999999946	0.9999999996793402	0.9999999853453428	0.9999998691230715
0.9999999999999957	0.9999999997553867	0.9999999866495581	0.9999999063677278
0.9999999999999903	0.9999999991904401	0.9999999330503346	0.9999991999297686
0.9999999999999981	0.9999999999131604	0.9999999958868638	0.9999999868425655
0.9999999999999932	0.9999999996247486	0.999999977790116	0.9999998336577055
0.9999999999999851	0.9999999990926303	0.9999999262593204	0.9999988353406233
0.9999999999999806	0.9999999986139699	0.9999998665525675	0.9999974807034376
0.999999999999979	0.9999999983857452	0.9999997941690298	0.9999960950843029
0.9999999999999956	0.9999999997300083	0.9999999787230293	0.9999997652535096
0.9999999999999764	0.999999998458135	0.9999998192968392	0.9999957918822309
0.9999999999999857	0.9999999989852223	0.999999886161387	0.9999974039081044
0.9999999999999905	0.9999999993436153	0.9999999512726816	0.9999988567652972
0.9999999999999962	0.9999999998006809	0.9999999862705574	0.9999998937724414
0.9999999999999737	0.9999999983032994	0.9999998148158061	0.9999954742098597
0.9999999999999893	0.999999999357837	0.9999999344121704	0.9999986284074934
0.9999999999999871	0.9999999990761229	0.9999999096431532	0.9999977319314474
0.9999999999999937	0.9999999996200081	0.9999999747822427	0.9999997706579973
0.9999999999999702	0.9999999980765526	0.9999997672063143	0.9999945612445152
0.9999999999999912	0.9999999993252959	0.9999999435883917	0.9999989345404482
0.9999999999999911	0.9999999994488192	0.9999999580902761	0.9999993922740703
0.999999999999983	0.9999999987821357	0.9999998666929101	0.9999965262165827
0.9999999999999859	0.9999999990207057	0.9999998962478367	0.9999980403280043
0.9999999999999921	0.9999999994977603	0.9999999581032515	0.9999993572152254
0.999999999999986	0.9999999989690187	0.9999998982243071	0.9999981489437013
0.9999999999999876	0.9999999991428361	0.9999999288138621	0.9999985696118115
0.9999999999999977	0.9999999999081742	0.9999999958974365	0.9999999885765888
0.999999999999993	0.9999999996228194	0.9999999760688337	0.9999998228995176
0.9999999999999922	0.9999999994386077	0.9999999649045689	0.9999994850834086
0.999999999999994	0.9999999996383988	0.9999999768351552	0.9999997678823
0.9999999999999908	0.999999999435843	0.999999953478007	0.9999992718589226
0.9999999999999887	0.9999999992744742	0.9999999413344184	0.9999992389297532
0.9999999999999648	0.9999999972504254	0.9999996940943996	0.9999926726665093
0.9999999999999885	0.9999999992067573	0.9999999254166794	0.9999986555582517
0.9999999999999728	0.9999999978649509	0.9999998159525727	0.9999939889216649
0.9999999999999801	0.9999999985145107	0.9999998307651986	0.9999959916633822
0.9999999999999915	0.9999999994788457	0.9999999570204259	0.9999992985660605
0.9999999999999764	0.9999999985067578	0.9999998319697159	0.9999961804633525
0.9999999999999875	0.9999999991645104	0.9999999280918798	0.9999987700939272
0.9999999999999957	0.9999999997299862	0.9999999821209353	0.999999829190451
0.9999999999999786	0.9999999986670605	0.9999998457937096	0.9999965527319634
0.9999999999999913	0.9999999995478223	0.9999999585320097	0.9999994755084907
0.999999999999997	0.9999999998289556	0.9999999920613191	0.9999999640768713
0.9999999999999765	0.9999999982996096	0.9999998263970468	0.9999955825835943
0.9999999999999882	0.9999999991189971	0.999999918177494	0.9999985596298063
0.9999999999999855	0.9999999989408775	0.999999896717735	0.9999982100317716
0.9999999999999918	0.9999999994436363	0.9999999547118357	0.9999994222701923
0.9999999999999782	0.9999999983229544	0.9999998411749211	0.9999960051958696
0.9999999999999956	0.9999999997632859	0.9999999823442921	0.9999998356059273
0.9999999999999909	0.9999999993768097	0.99999992876356	0.9999989742898516
0.9999999999999907	0.9999999993884674	0.9999999457657814	0.9999987937881587
0.9999999999999849	0.9999999990350287	0.9999998916963964	0.9999981459447831
0.9999999999999946	0.999999999696704	0.9999999788793348	0.9999996264750008
0.9999999999999949	0.9999999997127365	0.9999999816416553	0.9999998609394743
0.9999999999999891	0.9999999993589246	0.9999999180332708	0.9999983784987447
0.9999999999999658	0.9999999972661001	0.9999997359601889	0.9999933712131784
0.999999999999991	0.9999999993912099	0.9999999528233052	0.9999991118753292
0.9999999999999983	0.9999999999555316	0.9999999982872676	0.9999999981005312
0.9999999999999681	0.9999999972728176	0.9999997346481792	0.9999936682620011
0.9999999999999913	0.9999999994724401	0.999999955682529	0.9999993596703971
0.9999999999999879	0.9999999991257603	0.9999999306056465	0.9999981752171327
0.9999999999999801	0.9999999985827902	0.9999998179320037	0.9999959883233203
0.9999999999999882	0.9999999993319636	0.9999999460543055	0.9999992200915391
0.9999999999999793	0.9999999985435131	0.9999998444261401	0.9999955290542007
0.9999999999999948	0.9999999996832607	0.9999999793411947	0.9999997347248296
0.9999999999999654	0.9999999973834985	0.9999996764723548	0.9999938452605095
0.9999999999999689	0.9999999978491511	0.9999997841057225	0.9999940005646393
0.9999999999999709	0.9999999976887484	0.9999997159940156	0.9999931863475854
0.9999999999999839	0.999999998831697	0.9999998722518261	0.9999973942816258
0.9999999999999876	0.9999999990218275	0.9999999196259477	0.9999980007922263
0.9999999999999837	0.9999999987280176	0.9999998892353135	0.9999972840401999
0.999999999999971	0.9999999980632371	0.9999997757507787	0.9999951138958286
0.999999999999994	0.9999999996141887	0.9999999714424854	0.999999589046054
0.9999999999999957	0.9999999997809416	0.9999999853869888	0.999999840727738
0.9999999999999979	0.9999999999647324	0.9999999990376865	0.9999999983517359
0.9999999999999876	0.9999999992045899	0.9999999334306138	0.9999989977143368
0.9999999999999662	0.9999999976891758	0.9999996951604122	0.9999934175972899
0.9999999999999933	0.999999999565578	0.9999999692437245	0.9999994747729549
0.9999999999999919	0.9999999995314472	0.9999999726702818	0.9999995335844385
0.9999999999999829	0.9999999988551429	0.9999998587383577	0.9999975324631928
0.9999999999999909	0.9999999994604225	0.999999952123816	0.9999991905667555
0.9999999999999948	0.9999999996962421	0.9999999772583342	0.9999997252647724
0.9999999999999881	0.9999999992326338	0.9999999279058438	0.9999990220779541
0.9999999999999876	0.9999999992248104	0.9999999231642128	0.999998719798202
0.9999999999999976	0.9999999998966438	0.9999999949348772	0.9999999881091131
0.9999999999999893	0.9999999992561945	0.9999999245198067	0.9999985930649659
0.9999999999999593	0.9999999967756102	0.9999996744685613	0.9999914117736048
0.9999999999999677	0.9999999977135162	0.9999997663003065	0.9999942918513197
0.9999999999999871	0.9999999991477105	0.9999999120352228	0.9999979651918709
0.9999999999999947	0.9999999996745806	0.9999999758123732	0.9999996508524331
0.9999999999999829	0.9999999987051424	0.999999856072881	0.9999970318882616
0.9999999999999944	0.9999999996399187	0.9999999706847804	0.9999996724862126
0.999999999999989	0.9999999993073514	0.9999999368157422	0.9999989203396191
0.9999999999999967	0.9999999998249143	0.9999999898746953	0.9999999016710222
0.9999999999999828	0.9999999988445595	0.9999998629098141	0.9999974441858248
0.9999999999999946	0.9999999996743819	0.9999999864637054	0.9999998745957813
0.9999999999999805	0.9999999987037305	0.9999998420484851	0.9999973720778158
0.9999999999999927	0.9999999995346672	0.9999999639270692	0.9999994210173012
0.9999999999999951	0.9999999997203612	0.9999999782584691	0.9999997196397149
0.9999999999999797	0.9999999983302116	0.9999998278515464	0.9999959942519115
0.9999999999999921	0.9999999995532466	0.9999999656384043	0.9999996508546354
0.9999999999999882	0.9999999993054787	0.9999999343002388	0.999998696351242
0.9999999999999984	0.9999999999535684	0.9999999980200026	0.9999999978264404
0.9999999999999966	0.9999999998485375	0.9999999937608062	0.9999999723290142
0.9999999999999651	0.9999999974999071	0.9999997188668	0.9999932508914848
0.9999999999999796	0.999999998513171	0.9999998652822247	0.9999963872741316
0.999999999999992	0.9999999995649541	0.9999999647156615	0.9999996580979601
0.9999999999999887	0.9999999992295318	0.9999999104137616	0.9999987023901575
0.9999999999999741	0.9999999982132523	0.9999997793994225	0.9999949596961242
0.9999999999999849	0.9999999989225965	0.9999998902614876	0.9999974665540857
0.999999999999987	0.9999999990522842	0.9999999100758038	0.999998193524487
0.9999999999999972	0.999999999912835	0.9999999961310146	0.9999999857122913
0.9999999999999789	0.9999999986698288	0.9999998571352503	0.9999968673498062
0.9999999999999877	0.9999999991711166	0.9999999301308777	0.9999985611084325
0.9999999999999911	0.9999999995214699	0.9999999642877881	0.9999994388374802
0.9999999999999911	0.9999999994894319	0.9999999598576818	0.9999993833588039
0.9999999999999902	0.9999999994082712	0.999999934845701	0.9999988866261539
0.9999999999999983	0.99999999992938	0.9999999973376348	0.9999999953934663
0.9999999999999801	0.9999999986352958	0.9999998463897167	0.9999963151799198
0.9999999999999732	0.9999999979956111	0.9999998169279634	0.9999961545290482
0.999999999999996	0.9999999998275875	0.9999999901525586	0.9999999472028728
0.9999999999999787	0.9999999985188643	0.9999998759310009	0.9999956288367287
0.9999999999999979	0.9999999998903756	0.9999999942758235	0.9999999775037739
0.9999999999999982	0.9999999999394452	0.9999999979674462	0.9999999973183368
0.9999999999999836	0.9999999988178887	0.9999998716489378	0.999997134819549
0.9999999999999963	0.9999999997756539	0.9999999867732687	0.9999998658945347
0.9999999999999722	0.999999998013889	0.9999998354524264	0.9999947177702228
0.9999999999999959	0.9999999997778645	0.9999999844166594	0.9999998345614278
0.9999999999999949	0.9999999997080602	0.9999999792557331	0.9999998092453408
0.9999999999999818	0.999999998658811	0.9999998819827509	0.9999967832538926
0.9999999999999967	0.9999999997845566	0.9999999848415257	0.9999998792273743
0.9999999999999845	0.9999999989379479	0.999999908365162	0.9999979512639586
0.999999999999997	0.999999999870467	0.9999999922720486	0.9999999497279919
0.999999999999988	0.9999999991247062	0.9999999290896757	0.999998614785228
0.9999999999999958	0.9999999997344263	0.9999999881920858	0.9999998766454562
0.9999999999999974	0.9999999998883793	0.9999999943219715	0.9999999687271925
0.9999999999999906	0.9999999994044455	0.9999999604578436	0.9999992430807306
0.9999999999999708	0.9999999978687908	0.9999997293648857	0.9999952679996017
0.9999999999999831	0.9999999986549277	0.999999892215372	0.999997660035948
0.9999999999999942	0.9999999996845792	0.9999999817340646	0.9999997914531606
0.9999999999999875	0.9999999991292473	0.9999999049297965	0.9999981414903696
0.9999999999999883	0.9999999992015874	0.999999899670329	0.9999982794799623
0.9999999999999653	0.9999999973643828	0.9999997195888112	0.9999935087610061
0.999999999999996	0.999999999816283	0.9999999880235139	0.9999999277068622
0.9999999999999857	0.9999999990461643	0.9999999102270897	0.9999981091991362
0.9999999999999801	0.9999999984304395	0.9999998774508427	0.9999963039674687
0.9999999999999921	0.9999999994630405	0.9999999737900661	0.9999994806092843
0.9999999999999756	0.9999999982560138	0.9999998316087975	0.9999955822986855
0.9999999999999961	0.9999999998072014	0.9999999891034893	0.9999999403375134
0.9999999999999812	0.9999999983758739	0.9999998586825938	0.999996496496348
0.9999999999999961	0.9999999997197923	0.9999999827686074	0.999999766687157
0.9999999999999917	0.9999999994610751	0.9999999538128543	0.9999995333549053
0.9999999999999971	0.9999999998265492	0.999999989605929	0.999999931522759
0.9999999999999897	0.999999999206356	0.9999999311517489	0.999998427665295
0.999999999999988	0.9999999991569605	0.99999990476856	0.9999982272683547
0.9999999999999977	0.9999999999001554	0.9999999952697328	0.9999999840498103
0.9999999999999918	0.9999999994841782	0.9999999589407313	0.9999993739800079
0.9999999999999885	0.9999999992839819	0.9999999346760031	0.9999989720286041
0.9999999999999961	0.9999999997780781	0.9999999833021486	0.9999998642317878
0.9999999999999878	0.9999999992139367	0.9999999231450173	0.9999990614393031
0.999999999999995	0.9999999997267287	0.9999999815426982	0.9999997664025677
0.9999999999999698	0.9999999976736613	0.9999997243857068	0.9999938471745706
0.9999999999999711	0.9999999977328713	0.9999997997957862	0.9999943829752992
0.9999999999999925	0.9999999995469292	0.9999999685040974	0.9999993192731318
0.9999999999999843	0.9999999987553303	0.999999868253021	0.9999976929012828
0.9999999999999798	0.9999999984696628	0.9999998507054734	0.9999967947010917
0.9999999999999661	0.9999999973679423	0.999999681668228	0.9999936343360735
0.9999999999999789	0.9999999984797909	0.9999998129206609	0.999995811909725
0.9999999999999959	0.9999999997407545	0.9999999830645467	0.9999998709144946
0.9999999999999789	0.9999999982721153	0.9999998214689576	0.9999956430084982
0.999999999999968	0.9999999975808613	0.9999997307105357	0.9999938310181221
0.9999999999999895	0.9999999993566286	0.999999956334187	0.9999993795819728
0.9999999999999938	0.9999999995974178	0.9999999698604007	0.9999996590109247
0.9999999999999868	0.999999999126698	0.9999999102500765	0.9999976672341298
0.9999999999999898	0.9999999995090604	0.9999999547759747	0.9999993849970981
0.999999999999997	0.9999999999047744	0.9999999944568627	0.9999999797204845
0.9999999999999833	0.9999999990737276	0.9999999178790158	0.9999985946166972
0.9999999999999679	0.9999999978489665	0.9999997537401986	0.9999942334007751
0.9999999999999777	0.9999999984010315	0.9999998460135052	0.9999961138713069
0.9999999999999931	0.9999999995885326	0.9999999774185925	0.9999997366951157
0.9999999999999821	0.9999999988404803	0.9999998864859744	0.999997588651206
0.9999999999999889	0.9999999992146194	0.9999999143010814	0.999998294158022
0.9999999999999943	0.9999999997595209	0.9999999851863276	0.9999999159085403
0.9999999999999886	0.9999999991803149	0.9999999202212917	0.9999986651346401
0.9999999999999977	0.999999999901118	0.999999994804847	0.999999982644373
0.9999999999999982	0.9999999999285909	0.9999999970020113	0.9999999935080967
0.9999999999999929	0.9999999996033416	0.9999999694130381	0.9999995210750678
0.9999999999999949	0.9999999996915766	0.9999999757641187	0.9999997080595343
0.9999999999999811	0.9999999987784988	0.9999998620554537	0.9999979731053015
0.9999999999999806	0.9999999987383202	0.9999998983996388	0.9999979049253254
0.9999999999999872	0.9999999991958551	0.9999999221409761	0.9999983612523168
0.9999999999999954	0.999999999711084	0.999999984391427	0.9999998126692543
0.999999999999984	0.9999999989134347	0.999999860878413	0.9999975334328141
0.9999999999999925	0.999999999567888	0.9999999626294012	0.999999463508792
0.9999999999999958	0.9999999997517317	0.9999999835024267	0.9999998609183118
0.9999999999999901	0.9999999993931526	0.999999956814627	0.9999994593533317
0.999999999999986	0.9999999989958215	0.9999999053942837	0.9999985698614101
0.9999999999999972	0.9999999998719757	0.9999999923293607	0.9999999520414583
0.9999999999999908	0.9999999994330634	0.9999999580061657	0.99999953139808
0.9999999999999925	0.9999999995052627	0.9999999663468973	0.9999996306045239
0.9999999999999973	0.9999999998736188	0.9999999929815043	0.9999999532239245
0.9999999999999829	0.9999999987133268	0.9999998720478972	0.9999975139908504
0.9999999999999655	0.9999999971791022	0.9999996708175809	0.9999927296725769
0.9999999999999744	0.9999999981712138	0.9999998035156231	0.9999954035953988
0.9999999999999761	0.9999999983332291	0.9999998089770421	0.9999954196882791
0.9999999999999893	0.9999999994022125	0.9999999504204568	0.9999990405803711
0.9999999999999887	0.999999999245195	0.9999999568014707	0.9999993274041857
0.9999999999999799	0.9999999985237819	0.9999998672465259	0.9999961072665162
0.9999999999999774	0.9999999984846973	0.9999998397222523	0.999995925072449
0.999999999999996	0.9999999997245811	0.9999999784484747	0.9999997568855261
0.9999999999999822	0.9999999988177987	0.9999998700689381	0.9999975131567407
0.9999999999999793	0.9999999986649386	0.999999845989486	0.9999965864824687
0.9999999999999912	0.9999999995063247	0.9999999400358227	0.9999990863611513
0.9999999999999969	0.9999999998533566	0.999999992335604	0.9999999452288993
0.9999999999999789	0.9999999983797645	0.9999998330640953	0.9999950295939868
0.9999999999999795	0.9999999986485912	0.9999998370740147	0.9999963936557315
0.9999999999999898	0.9999999992853986	0.9999999235820822	0.9999987027697137
0.9999999999999818	0.9999999987249812	0.9999998545862391	0.9999967265858016
0.9999999999999795	0.9999999984781801	0.9999998311820874	0.9999954601436296
0.9999999999999774	0.9999999985275954	0.9999998572589816	0.9999967319854055
0.999999999999997	0.9999999998748199	0.9999999930258242	0.9999999447304575
0.9999999999999895	0.9999999993214009	0.9999999495963646	0.9999989022180682
0.9999999999999837	0.9999999988892917	0.9999998924828292	0.9999982797772878
0.9999999999999819	0.9999999985475277	0.9999998590702583	0.9999966391890239
0.9999999999999887	0.9999999992073889	0.9999999379573602	0.9999988209619343
0.9999999999999823	0.9999999987223803	0.9999998517572002	0.9999973928675697
0.9999999999999905	0.9999999994799054	0.9999999442697683	0.9999994709096154
0.9999999999999906	0.9999999993718629	0.9999999451946673	0.9999991533353862
0.9999999999999942	0.9999999996403864	0.9999999744644571	0.9999997781620714
0.9999999999999796	0.9999999982610509	0.9999998264257345	0.9999957366580684
0.9999999999999974	0.9999999998389407	0.9999999892248809	0.999999921783629
0.9999999999999701	0.9999999978490047	0.9999997353824821	0.9999944226656298
0.9999999999999937	0.9999999995900225	0.9999999676579049	0.9999995542820438
0.9999999999999801	0.9999999984262393	0.9999998358667692	0.9999968566461369
0.9999999999999712	0.9999999983059831	0.9999997719922845	0.9999952876018703
0.9999999999999875	0.9999999993666073	0.9999999393154454	0.9999990025517971
0.9999999999999982	0.9999999999560168	0.999999998251805	0.9999999984628357
0.9999999999999971	0.9999999998463549	0.9999999908897411	0.9999999440199325
0.9999999999999868	0.9999999989884122	0.9999999080877553	0.9999978374775534
0.9999999999999925	0.9999999996307011	0.9999999760338197	0.999999736378242
0.9999999999999667	0.9999999975642505	0.9999997237056577	0.9999927166105975
0.9999999999999986	0.9999999999748838	0.9999999992662142	0.9999999980970798
0.9999999999999936	0.9999999995788258	0.9999999575033757	0.9999993353552625
0.999999999999995	0.9999999997527093	0.9999999838105039	0.9999998438978062
0.9999999999999936	0.9999999996043737	0.999999969103311	0.9999996012399741
0.9999999999999896	0.9999999993565832	0.9999999540882994	0.9999990633434293
0.9999999999999875	0.9999999990631863	0.9999999363589028	0.9999984070104575
0.9999999999999952	0.9999999997564428	0.9999999872842994	0.9999999528122704
0.9999999999999756	0.9999999979616258	0.9999998021365636	0.9999958265814076
0.9999999999999947	0.9999999997484396	0.9999999877480206	0.9999999182066538
0.9999999999999987	0.9999999999814451	0.9999999994901326	0.9999999981189202
0.9999999999999868	0.9999999992574375	0.9999999387373595	0.9999984850271781
0.9999999999999895	0.9999999993820631	0.9999999540113559	0.9999996309601328
0.9999999999999977	0.9999999999283423	0.9999999972086541	0.9999999957406489
0.9999999999999856	0.9999999989048757	0.9999999008619092	0.9999982609497887
0.9999999999999862	0.9999999989998214	0.9999998998467098	0.9999982279022985
0.9999999999999793	0.9999999984224612	0.999999847239961	0.9999967701063912
0.9999999999999937	0.9999999996552941	0.9999999797751061	0.9999997944603217
0.9999999999999739	0.9999999981450809	0.9999998211982633	0.9999957305444462
0.9999999999999929	0.9999999995498873	0.9999999610888884	0.9999993412156485
0.9999999999999947	0.9999999996801789	0.9999999811880327	0.999999873987165
0.9999999999999651	0.999999997218703	0.9999996401346363	0.999992353068326
0.9999999999999897	0.9999999992589641	0.9999999216206856	0.9999985264753609
0.9999999999999748	0.9999999981666896	0.9999998471920019	0.9999959912037967
0.9999999999999966	0.9999999998337588	0.9999999910050528	0.99999994173513
0.9999999999999842	0.9999999988278596	0.9999999048432467	0.9999976608419183
0.9999999999999971	0.999999999879415	0.9999999945707011	0.9999999769872207
0.9999999999999971	0.9999999998644378	0.9999999930732975	0.9999999548520605
0.9999999999999836	0.9999999989663779	0.9999998947412633	0.9999982248509486
0.9999999999999744	0.999999998116791	0.9999998592057548	0.9999955287264296
0.9999999999999827	0.9999999988122166	0.9999998985126703	0.9999975128572279
0.9999999999999878	0.99999999918757	0.9999999172521827	0.9999980411906285
0.9999999999999774	0.9999999983261441	0.999999815193862	0.9999957355971447
0.9999999999999823	0.9999999984965479	0.9999998364119037	0.9999960071684043
0.9999999999999639	0.9999999969940875	0.9999997573176619	0.9999926556300307
0.9999999999999662	0.9999999974985914	0.9999997554971906	0.9999944045631644
0.9999999999999932	0.9999999995457103	0.9999999669359417	0.9999994893323025
0.9999999999999882	0.9999999991465841	0.9999999237461072	0.9999987699999321
0.9999999999999944	0.999999999661863	0.9999999787067702	0.9999997376110699
0.9999999999999677	0.9999999977084294	0.9999997605381196	0.9999946802045485
0.9999999999999972	0.9999999998748982	0.9999999926914326	0.9999999724598837
0.999999999999994	0.9999999996491964	0.9999999790363364	0.9999998044854828
0.9999999999999646	0.9999999971316956	0.999999691758389	0.9999928978399781
0.9999999999999872	0.9999999989680579	0.9999998943627143	0.999997979561734
0.9999999999999843	0.9999999988509247	0.9999998824599372	0.9999978856258784
0.9999999999999922	0.9999999994680109	0.9999999624186897	0.9999997096828988
0.9999999999999911	0.9999999994689973	0.9999999529451966	0.9999991914427615
0.9999999999999929	0.9999999995563464	0.9999999702808801	0.9999997023370012
0.9999999999999837	0.999999998892769	0.9999998788478529	0.9999973408414684
0.9999999999999782	0.9999999984789624	0.9999998265283173	0.9999955176606339
0.9999999999999696	0.9999999976845564	0.9999997623981615	0.9999934696001945
0.9999999999999919	0.9999999995312676	0.9999999620710519	0.9999995483342144
0.9999999999999833	0.999999998852573	0.9999998541374155	0.9999973307359057
0.9999999999999752	0.9999999981140889	0.9999998182480273	0.9999951951152144
0.9999999999999922	0.9999999996180959	0.9999999714870269	0.9999997358520708
0.9999999999999978	0.9999999999206782	0.9999999974094215	0.9999999950318237
0.9999999999999881	0.9999999992143865	0.9999999402658035	0.999999219220193
0.9999999999999951	0.9999999997441021	0.9999999820918294	0.9999997713624645
0.999999999999985	0.9999999990511383	0.9999999182707693	0.999998419446646
0.9999999999999786	0.9999999986921332	0.9999998523805507	0.9999973131441436
0.9999999999999872	0.9999999992247428	0.999999921637729	0.9999984861388622
0.9999999999999619	0.9999999973205761	0.9999997439748508	0.9999941771722588
0.9999999999999879	0.999999999224354	0.9999999195299036	0.9999986239946971
0.999999999999985	0.9999999989184806	0.9999998826516773	0.9999977176643148
0.9999999999999865	0.9999999990859598	0.999999909488737	0.9999985931984273
0.9999999999999823	0.9999999987158988	0.9999998786807293	0.9999976599834259
0.9999999999999885	0.9999999992686092	0.9999999295635552	0.9999985302191767
0.9999999999999909	0.9999999993717168	0.9999999476287835	0.9999990962769058
0.9999999999999789	0.999999998296997	0.9999998483236759	0.9999970182336992
0.9999999999999933	0.9999999995454234	0.9999999630426603	0.9999994372430189
0.9999999999999982	0.9999999999537041	0.9999999980476383	0.9999999977415859
0.9999999999999963	0.9999999998185228	0.9999999911092683	0.9999999634815465
0.9999999999999875	0.9999999991000162	0.9999999273662789	0.9999983893001537
0.9999999999999959	0.9999999998200877	0.9999999894151917	0.9999999316448726
0.9999999999999913	0.9999999993237981	0.9999999402763663	0.9999986952379054
0.9999999999999815	0.9999999988278994	0.9999998377627971	0.9999965765505295
0.9999999999999936	0.9999999997194954	0.9999999858244749	0.9999999262957597
0.9999999999999839	0.9999999987842321	0.9999998928381332	0.9999977874960306
0.9999999999999674	0.999999997432252	0.9999996920486105	0.9999938683633832
0.9999999999999674	0.9999999975781868	0.9999997359805769	0.9999943546793475
0.9999999999999932	0.9999999995515022	0.9999999592319304	0.9999994226113924
0.9999999999999724	0.9999999981785445	0.9999998207939428	0.9999954683452074
0.9999999999999865	0.9999999990510458	0.9999998960869788	0.9999980198661808
0.9999999999999829	0.9999999987972962	0.9999998886767697	0.9999976362998975
0.9999999999999646	0.9999999974846338	0.9999997631002484	0.9999945161899907
0.999999999999975	0.9999999980841987	0.9999998043184942	0.9999954690963588
0.9999999999999863	0.9999999991529902	0.999999924934915	0.9999984150786433
0.9999999999999958	0.999999999762665	0.9999999834811463	0.9999998447660698
0.999999999999989	0.9999999991950419	0.9999999448868966	0.9999987079274845
0.9999999999999736	0.9999999979834807	0.9999997580731688	0.999994814367813
0.9999999999999928	0.9999999995714052	0.9999999643272276	0.9999994588478995
0.9999999999999809	0.999999998648418	0.9999998329440712	0.999996500234555
0.9999999999999691	0.9999999975529122	0.9999997076757325	0.9999930441376039
0.9999999999999916	0.9999999995514194	0.9999999597442233	0.9999992339277162
0.9999999999999923	0.9999999995756832	0.9999999631571833	0.9999994382110402
0.9999999999999967	0.9999999998092515	0.9999999857460355	0.99999988649984
0.9999999999999737	0.9999999981934568	0.9999998211472796	0.9999963511148082
0.9999999999999721	0.9999999979764218	0.9999997613102904	0.9999943472263912
0.9999999999999888	0.9999999991482954	0.9999999420703194	0.9999990187228299
0.9999999999999963	0.9999999997781285	0.9999999886423825	0.9999999294374283
0.9999999999999821	0.9999999988328803	0.9999998996676988	0.9999981115668679
0.9999999999999898	0.9999999993064528	0.9999999502929752	0.9999992772909623
0.9999999999999957	0.9999999997516158	0.9999999844414545	0.9999998180327649
0.9999999999999934	0.9999999995818225	0.999999976654272	0.9999996650156809
0.9999999999999606	0.9999999968375958	0.9999996829938138	0.9999933253624357
0.9999999999999774	0.9999999982344878	0.9999998160612174	0.9999959579605145
0.9999999999999944	0.9999999997101551	0.9999999830681898	0.9999998736488527
0.9999999999999898	0.9999999993713345	0.9999999304239563	0.99999865458266
0.9999999999999937	0.9999999996352401	0.9999999777456047	0.9999997800317874
0.9999999999999787	0.9999999983736332	0.9999998251263258	0.9999962050585166
0.9999999999999875	0.9999999991707736	0.9999999243170329	0.9999982664087831
0.999999999999995	0.9999999996999607	0.9999999852720899	0.9999999130079592
0.9999999999999922	0.9999999995370691	0.9999999569387117	0.9999991776044993
0.9999999999999934	0.9999999996573521	0.9999999724834036	0.9999995167936191
0.9999999999999869	0.9999999991953525	0.9999999326011522	0.9999983319194379
0.999999999999992	0.9999999995171845	0.9999999626891877	0.9999996730801721
0.9999999999999939	0.9999999996740717	0.9999999771797876	0.9999996651447252
0.9999999999999922	0.9999999995115431	0.9999999529344359	0.9999992360213026
0.999999999999979	0.9999999983612878	0.9999998491434311	0.9999958138376518
0.9999999999999919	0.9999999993838887	0.9999999462653276	0.9999990566093239
0.9999999999999946	0.9999999996758422	0.999999979721993	0.9999997011314337
0.9999999999999679	0.9999999969461961	0.9999997370366188	0.9999931878968771
0.9999999999999951	0.9999999997075404	0.9999999865424457	0.9999998996976532
0.9999999999999925	0.9999999995540073	0.99999995931024	0.9999994946219581
0.999999999999994	0.9999999996503418	0.9999999677336174	0.9999995713485926
0.9999999999999848	0.9999999987978958	0.9999999127167034	0.9999981219250246
0.9999999999999927	0.9999999995875398	0.9999999764884012	0.9999998228362386
0.9999999999999851	0.9999999989565416	0.9999998993947073	0.9999975603112489
0.9999999999999966	0.9999999998019506	0.9999999841778775	0.9999998317012782
0.9999999999999969	0.9999999998413959	0.9999999893721261	0.9999999427238238
0.9999999999999964	0.9999999998608072	0.9999999921565897	0.999999967882628
0.999999999999997	0.9999999998903923	0.9999999931700838	0.999999961589358
0.9999999999999895	0.9999999992755958	0.9999999302523728	0.999998943972823
0.9999999999999839	0.999999998639738	0.999999865907675	0.9999962939208487
0.9999999999999982	0.999999999936028	0.99999999733501	0.9999999958134607
0.999999999999985	0.9999999989174976	0.9999999124772595	0.9999985309802958
0.9999999999999665	0.9999999973992271	0.99999967561059	0.9999923619252032
0.9999999999999912	0.9999999994673853	0.9999999558543311	0.999999426813814
0.999999999999983	0.9999999989506378	0.9999998685577289	0.9999966102879321
0.9999999999999898	0.9999999993291196	0.9999999484189048	0.9999990477313327
0.9999999999999836	0.9999999986930102	0.9999998841305829	0.999996867946991
0.9999999999999964	0.9999999997809157	0.9999999861050073	0.999999873094645
0.999999999999987	0.9999999991786657	0.9999999193394347	0.9999980703014963
0.9999999999999872	0.999999998947277	0.9999999018676885	0.999998427370196
0.9999999999999886	0.9999999993620069	0.9999999410559037	0.9999990864610462
0.9999999999999684	0.9999999976510292	0.9999997659385047	0.9999933191348154
0.9999999999999866	0.9999999991214635	0.9999999233639814	0.9999981048242252
0.9999999999999953	0.9999999997492492	0.9999999862667981	0.9999998383291104
0.9999999999999766	0.9999999983327026	0.9999998131236579	0.9999966494857327
0.9999999999999906	0.9999999993477721	0.9999999424540807	0.9999990185520865
0.9999999999999942	0.9999999996721789	0.999999980193046	0.9999998646999759
0.9999999999999819	0.9999999985474324	0.9999998521958477	0.999996654343683
0.9999999999999949	0.9999999996947723	0.9999999811037115	0.9999997929949255
0.9999999999999865	0.9999999989784896	0.9999998957122803	0.9999980074588863
0.999999999999982	0.9999999986439116	0.9999998803463005	0.9999975221825235
0.9999999999999967	0.9999999998603669	0.9999999921762264	0.9999999487670702
0.999999999999994	0.9999999996358818	0.9999999740021274	0.9999996141437036
0.9999999999999895	0.9999999992746389	0.9999999346533056	0.9999987989981329
0.999999999999986	0.9999999989490923	0.999999900707881	0.9999980121044834
0.9999999999999682	0.999999997620989	0.9999997534379625	0.9999939345922582
0.9999999999999787	0.9999999983826642	0.9999998277212547	0.9999962277453605
0.9999999999999664	0.9999999975820243	0.999999753447109	0.9999936547970177
0.9999999999999966	0.9999999997932787	0.9999999887812803	0.9999999061860056
0.999999999999985	0.9999999989151622	0.9999999049973797	0.9999976494834876
0.9999999999999979	0.9999999999274964	0.9999999972687005	0.9999999952281133
0.9999999999999899	0.9999999993782057	0.9999999382203754	0.9999990346202009
0.999999999999985	0.9999999989771673	0.9999998995774004	0.9999976814141658
0.9999999999999982	0.9999999999384703	0.9999999974487296	0.9999999962826006
0.9999999999999809	0.9999999986361793	0.9999998439848483	0.9999965840408621
0.9999999999999727	0.9999999982509903	0.9999997903077429	0.9999949885004149
0.9999999999999934	0.9999999995663891	0.9999999689912825	0.9999996012052962
0.9999999999999667	0.9999999977977153	0.99999977326825	0.9999945299115782
0.9999999999999913	0.9999999995139645	0.9999999691361909	0.9999996307292047
0.9999999999999957	0.9999999997674757	0.9999999848289045	0.999999866722692
0.9999999999999954	0.999999999729984	0.9999999748006935	0.9999997511319714
0.9999999999999974	0.999999999895158	0.99999999490555	0.9999999805929062
0.999999999999993	0.9999999995654698	0.9999999703538586	0.9999997259735673
0.9999999999999932	0.9999999996243274	0.9999999689170727	0.9999997008078019
0.9999999999999941	0.9999999996332257	0.9999999671900919	0.9999996405504724
0.9999999999999901	0.9999999994542249	0.999999949256402	0.9999990739282145
0.9999999999999966	0.9999999998590624	0.9999999921545091	0.9999999755186324
0.9999999999999872	0.9999999991361984	0.9999999259170262	0.9999986079135813
0.9999999999999982	0.9999999999246253	0.9999999964885619	0.9999999908667042
0.9999999999999769	0.9999999984101746	0.9999998118383857	0.9999967658927705
0.99999999999997	0.9999999978487895	0.9999998088654742	0.9999938377884755
0.9999999999999803	0.9999999987396436	0.9999998530382325	0.9999962634094844
0.999999999999993	0.999999999592262	0.9999999711628024	0.9999995230671225
0.9999999999999952	0.9999999997155241	0.9999999749708881	0.9999997116104636
0.9999999999999857	0.9999999989759065	0.9999998915878842	0.9999979949675293
0.9999999999999942	0.9999999996341007	0.9999999764305297	0.9999997047890565
0.9999999999999966	0.9999999998250353	0.999999991780237	0.9999999671964224
0.9999999999999888	0.9999999993259139	0.9999999218953662	0.9999985012361973
0.9999999999999944	0.9999999996998384	0.9999999741640981	0.9999996738787988
0.9999999999999762	0.9999999983249898	0.9999998181222854	0.9999955297271479
0.9999999999999805	0.9999999987751166	0.9999998726941731	0.9999970513782087
0.999999999999996	0.9999999998122585	0.9999999885769044	0.999999929322091
0.9999999999999963	0.9999999998288109	0.9999999923630309	0.9999999754748509
0.9999999999999702	0.9999999976346471	0.9999997005341525	0.9999934751553942
0.9999999999999809	0.9999999985409771	0.9999998198907062	0.999996471440951
0.9999999999999704	0.9999999974309972	0.9999997695448921	0.999994469276744
0.9999999999999747	0.9999999981919441	0.999999825887765	0.9999955741577253
0.9999999999999937	0.9999999996466278	0.9999999783950769	0.9999998197840123
0.9999999999999847	0.9999999989015645	0.9999998870029637	0.9999980589091272
0.9999999999999889	0.9999999992986784	0.9999999523293043	0.9999990838648993
0.9999999999999595	0.999999997035852	0.9999996899473407	0.999992660503387
0.9999999999999865	0.9999999991485771	0.9999999181589484	0.9999980868015413
0.9999999999999732	0.9999999983461267	0.9999998412969651	0.9999957305291234
0.9999999999999931	0.9999999995587368	0.9999999667045631	0.9999995541249662
0.999999999999997	0.999999999832431	0.999999990804068	0.9999999293015954
0.999999999999994	0.9999999996191584	0.9999999747723142	0.999999569650403
0.9999999999999889	0.9999999993874709	0.9999999265887425	0.9999986696942494
0.9999999999999941	0.9999999995747308	0.9999999742701762	0.9999995422787139
0.9999999999999912	0.9999999992963062	0.9999999340287455	0.9999984915353217
0.9999999999999897	0.9999999994292283	0.9999999459164018	0.9999991437648533
0.9999999999999819	0.9999999984242022	0.9999998542805367	0.9999971077242786
0.9999999999999837	0.9999999988088428	0.999999882438964	0.9999972164600792
0.9999999999999846	0.9999999988474033	0.9999999013343683	0.999997617133196
0.9999999999999918	0.9999999995447728	0.9999999648394818	0.9999992977087457
0.9999999999999925	0.9999999995523562	0.999999972392374	0.9999996316420687
0.9999999999999869	0.9999999991236569	0.9999999081548191	0.9999980862251854
0.9999999999999952	0.9999999997301976	0.999999978918809	0.9999997247786697
0.9999999999999772	0.9999999982546307	0.9999998096326763	0.9999955331300113
0.9999999999999969	0.9999999998323537	0.9999999908196862	0.9999999524251112
0.9999999999999972	0.9999999998786743	0.9999999938831174	0.9999999713358901
0.9999999999999709	0.9999999980125005	0.9999997927844582	0.9999959356438642
0.9999999999999949	0.9999999996681596	0.9999999744054815	0.9999996669806049
0.9999999999999781	0.999999998633892	0.9999998165960227	0.9999955589615735
0.9999999999999756	0.9999999981836233	0.9999997695071363	0.9999942470120701
0.9999999999999811	0.9999999984077007	0.9999998472889694	0.9999966382602701
0.9999999999999917	0.9999999995000126	0.9999999508660169	0.9999991134766649
0.9999999999999936	0.9999999995581709	0.9999999711196085	0.9999995487842505
0.9999999999999953	0.9999999997518683	0.9999999824379213	0.9999998340514423
0.9999999999999944	0.999999999645304	0.9999999785424927	0.9999997332244002
0.9999999999999793	0.9999999986550605	0.9999998551405328	0.9999965235755373
0.9999999999999912	0.9999999995452042	0.9999999575825682	0.9999993961938076
0.9999999999999871	0.9999999991012196	0.999999921327638	0.9999986526102694
0.9999999999999936	0.999999999638295	0.9999999660969637	0.9999996455952496
0.9999999999999953	0.9999999996894325	0.999999984435874	0.9999998753351418
0.9999999999999886	0.9999999992032284	0.9999999237491818	0.999998148080884
0.9999999999999954	0.9999999997318704	0.9999999791157682	0.9999997490722072
0.999999999999984	0.999999999025572	0.9999998791973169	0.9999980570153455
0.9999999999999836	0.9999999987015726	0.9999998463247766	0.999996408078171
0.9999999999999811	0.9999999987585089	0.9999998621916183	0.9999967774648238
0.9999999999999888	0.9999999993165897	0.9999999361983478	0.9999987386870888
0.9999999999999922	0.9999999994675346	0.9999999549150397	0.9999993616744991
0.9999999999999676	0.9999999975475419	0.9999997019762593	0.9999957051071654
0.9999999999999779	0.999999998307087	0.9999998270248175	0.9999968877381175
0.9999999999999626	0.9999999977242802	0.999999715795019	0.999992477447069
0.9999999999999968	0.9999999998889664	0.9999999940492159	0.9999999764629686
0.9999999999999867	0.9999999990419993	0.9999999252563682	0.9999988398693732
0.9999999999999978	0.9999999999087921	0.9999999953146956	0.9999999822800618
0.9999999999999789	0.9999999984709944	0.9999998614251958	0.9999959922204142
0.9999999999999788	0.9999999980578405	0.9999997887773756	0.9999950621804936
0.999999999999992	0.999999999453537	0.9999999521401907	0.999999413339142
0.9999999999999821	0.9999999986753224	0.999999871258927	0.9999972217182043
0.9999999999999746	0.9999999978243707	0.9999997872530961	0.9999950068418683
0.9999999999999984	0.9999999999692151	0.9999999990683969	0.9999999985370518
0.9999999999999922	0.9999999995216163	0.9999999739302635	0.9999996214810619
0.9999999999999883	0.9999999992288701	0.9999999161512786	0.9999988241403108
0.9999999999999809	0.9999999986295012	0.9999998595619984	0.9999966023667258
0.9999999999999906	0.9999999993761597	0.9999999373616215	0.9999989423012712
0.999999999999963	0.9999999974295908	0.9999996896419175	0.9999928326814277
0.9999999999999982	0.9999999999217597	0.999999996527282	0.9999999868405195
0.9999999999999805	0.9999999984870213	0.9999998283642676	0.9999960675601922
0.9999999999999923	0.9999999995569573	0.9999999696287719	0.9999995493313903
0.9999999999999981	0.9999999999518395	0.999999998502617	0.9999999979579601
0.9999999999999813	0.9999999988576003	0.9999998753343794	0.9999977466251331
0.999999999999986	0.9999999991113151	0.9999999259708667	0.9999985442832496
0.9999999999999768	0.9999999982453308	0.9999998382084326	0.999995306280004
0.9999999999999972	0.9999999998655047	0.9999999937475873	0.9999999727038632
0.9999999999999957	0.9999999997244121	0.9999999846857969	0.9999998500502536
0.999999999999983	0.999999998568986	0.9999998547433087	0.9999971538072518
0.9999999999999661	0.9999999976603386	0.9999997609447752	0.9999933520591443
0.9999999999999842	0.9999999990829678	0.9999998983904532	0.999997739228686
0.9999999999999967	0.9999999997848315	0.9999999853370307	0.9999998760844099
0.9999999999999853	0.9999999989493384	0.9999999031826592	0.9999977711616737
0.999999999999989	0.9999999993222117	0.9999999287778848	0.9999989745095761
0.9999999999999858	0.9999999989746844	0.999999898423002	0.999998108866879
0.9999999999999978	0.9999999999130486	0.9999999953171056	0.9999999818935086
0.9999999999999823	0.9999999986740095	0.9999998942057939	0.9999978751007874
0.9999999999999952	0.9999999996948588	0.9999999828872805	0.9999998165038303
0.9999999999999968	0.9999999998441537	0.9999999921784987	0.99999994251932
0.9999999999999915	0.9999999994554518	0.9999999664129952	0.9999996630265833
0.9999999999999807	0.9999999985602034	0.9999998494671577	0.9999960584408047
0.9999999999999906	0.9999999994420152	0.9999999541969645	0.9999992727116129
0.9999999999999976	0.9999999999297305	0.9999999970160561	0.999999992826765
0.9999999999999956	0.9999999997693957	0.9999999861029719	0.9999999002953778
0.9999999999999942	0.9999999996703056	0.9999999772587855	0.9999996561770199
0.999999999999993	0.9999999995727645	0.9999999737909568	0.9999996542541398
0.9999999999999685	0.9999999980888299	0.9999997323568743	0.9999939493226736
0.9999999999999843	0.999999998834653	0.9999998906584655	0.9999976227058051
0.9999999999999839	0.9999999987975247	0.9999998905035683	0.9999978261522322
0.9999999999999851	0.9999999990429683	0.9999999140028928	0.9999988607912291
0.9999999999999719	0.9999999982891119	0.9999997315472706	0.9999942805926701
0.9999999999999932	0.999999999528643	0.9999999619133784	0.99999932305513
0.9999999999999911	0.999999999418497	0.9999999596387283	0.9999992342003995
0.9999999999999974	0.999999999866878	0.9999999938306484	0.9999999735890666
0.9999999999999745	0.9999999978913247	0.9999997897925188	0.999995562380139
0.999999999999989	0.9999999992491581	0.9999999291442513	0.9999987685624814
0.9999999999999869	0.9999999990809157	0.9999999034023829	0.9999982349845414
0.9999999999999949	0.9999999997055277	0.9999999799007903	0.9999998316541601
0.9999999999999941	0.9999999996562758	0.9999999755423021	0.99999966198781
0.9999999999999915	0.9999999995350889	0.99999996637164	0.9999997870176651
0.9999999999999939	0.9999999995917858	0.9999999656964492	0.9999995505381423
0.9999999999999943	0.9999999996846747	0.999999976993159	0.9999998407068355
0.9999999999999949	0.9999999997407157	0.9999999847197344	0.9999998689126401
0.9999999999999798	0.9999999985764413	0.9999998590050204	0.999997101817915
0.9999999999999819	0.9999999985525934	0.9999998776710718	0.9999968327172076
0.9999999999999982	0.9999999999233282	0.999999996867774	0.9999999920239357
0.9999999999999812	0.9999999985988873	0.9999998726291373	0.9999970264377297
0.9999999999999959	0.9999999997482961	0.9999999844971048	0.9999998434461609
0.999999999999984	0.9999999988615361	0.9999998697476669	0.9999975007167778
0.9999999999999837	0.9999999987322226	0.9999998672390579	0.9999974955827099
0.9999999999999919	0.9999999993756885	0.9999999390935412	0.9999991566390073
0.9999999999999876	0.999999999090907	0.9999999331796934	0.9999988713685165
0.9999999999999919	0.9999999995126875	0.9999999629449308	0.9999996097360113
0.9999999999999939	0.9999999996605067	0.999999970183499	0.9999996227828372
0.9999999999999823	0.9999999987869843	0.9999998948279125	0.9999975000992165
0.9999999999999851	0.9999999991852729	0.9999998999064771	0.999997997596739
0.999999999999994	0.9999999996974215	0.9999999814638221	0.9999998711949172
0.9999999999999878	0.9999999992525337	0.9999999345753626	0.999998681910747
0.9999999999999866	0.9999999989692644	0.9999999221901588	0.9999984831362745
0.9999999999999977	0.9999999999116114	0.9999999957823388	0.9999999846828489
0.9999999999999787	0.9999999985602424	0.9999998595970876	0.9999971299282098
0.9999999999999879	0.999999999134007	0.9999999198195996	0.999998724125222
0.9999999999999807	0.9999999987923613	0.9999998499888962	0.9999974156358572
0.9999999999999821	0.9999999989413992	0.9999998807747068	0.9999971845685978
0.9999999999999931	0.9999999995533903	0.9999999627352584	0.999999473959662
0.9999999999999928	0.9999999995206504	0.9999999674828755	0.9999995482096912
0.9999999999999907	0.9999999994153858	0.9999999388511102	0.9999992229522034
0.9999999999999963	0.9999999997981862	0.999999986847338	0.9999999061292267
0.999999999999987	0.9999999991525536	0.9999999139634732	0.9999983235759453
0.9999999999999892	0.9999999992622045	0.9999999250098244	0.9999988951035458
0.9999999999999909	0.9999999994259793	0.9999999693129774	0.99999958136707
0.9999999999999694	0.9999999981580963	0.9999997492171936	0.9999933504418627
0.9999999999999738	0.9999999980005582	0.9999997881810926	0.9999943739387527
0.9999999999999819	0.9999999986975241	0.9999998704562427	0.999997358399825
0.9999999999999909	0.9999999994398767	0.9999999449943583	0.9999991757697889
0.9999999999999699	0.9999999976426289	0.9999997181419698	0.9999940253112507
0.9999999999999887	0.9999999991725425	0.9999999265004945	0.9999985164158123
0.9999999999999936	0.9999999996662841	0.9999999697992261	0.999999596043211
0.9999999999999907	0.9999999994418555	0.9999999527509479	0.9999992312579816
0.9999999999999932	0.9999999996043549	0.9999999660434966	0.9999994316901684
0.9999999999999913	0.9999999994887085	0.9999999597669832	0.9999992589822383
0.9999999999999976	0.9999999998948582	0.9999999942871265	0.9999999683303816
0.9999999999999893	0.9999999993158574	0.9999999355445186	0.9999986651495638
0.9999999999999815	0.999999998724889	0.9999998789903113	0.9999966912872896
0.9999999999999855	0.9999999989953392	0.999999896001834	0.9999980363384168
0.9999999999999826	0.9999999987633362	0.9999998978559995	0.9999976787080178
0.999999999999988	0.9999999991666905	0.9999999412813199	0.9999993230474028
0.9999999999999738	0.9999999982917634	0.9999998008815507	0.9999947653335338
0.9999999999999862	0.9999999989270659	0.9999998893634539	0.9999979631228259
0.999999999999984	0.9999999988876981	0.9999998835319617	0.9999977372178731
0.9999999999999691	0.9999999978150217	0.9999997768939078	0.9999940045462773
0.9999999999999933	0.9999999996036097	0.9999999803935259	0.9999997781405662
0.9999999999999929	0.9999999995135709	0.9999999675104341	0.9999996469239132
0.9999999999999966	0.9999999998106246	0.9999999860702911	0.9999998940245012
0.9999999999999927	0.9999999996079734	0.9999999627567676	0.9999995268220333
0.999999999999972	0.999999997875165	0.999999739295051	0.9999932338754712
0.9999999999999818	0.999999998744304	0.9999998911059264	0.9999975238616062
0.999999999999991	0.999999999335268	0.9999999494581483	0.9999988788774131
0.9999999999999661	0.9999999973549112	0.9999997044548383	0.9999926597868131
0.999999999999976	0.9999999984216921	0.9999997926933699	0.9999951413849536
0.9999999999999918	0.9999999994950926	0.9999999528531593	0.9999992085901335
0.9999999999999897	0.9999999993657316	0.9999999470059092	0.9999990982670877
0.9999999999999942	0.9999999996791953	0.9999999680691655	0.9999995863042375
0.9999999999999933	0.9999999996110382	0.999999965874751	0.9999993777166765
0.9999999999999573	0.9999999965637567	0.999999607558702	0.9999917523013874
0.9999999999999898	0.9999999993704372	0.9999999156439425	0.9999985927665261
0.9999999999999832	0.9999999989593055	0.9999999037681279	0.9999974395779058
0.999999999999974	0.999999998135099	0.999999793161555	0.9999948628595565
0.9999999999999956	0.9999999997384003	0.9999999825017565	0.9999998269715762
0.9999999999999966	0.9999999998667506	0.9999999933153233	0.9999999541726058
0.9999999999999775	0.9999999984789077	0.999999812160124	0.99999588605318
0.9999999999999927	0.9999999995104645	0.9999999614994673	0.9999995200721389
0.9999999999999906	0.9999999993926413	0.9999999589971206	0.9999993847490299
0.999999999999994	0.9999999996244601	0.9999999727192267	0.9999997383576494
0.9999999999999939	0.9999999996284241	0.9999999831417671	0.9999998343128768
0.9999999999999943	0.9999999996510741	0.9999999767435103	0.9999997582315575
0.9999999999999936	0.9999999996562902	0.9999999709211845	0.999999721292508
0.9999999999999871	0.9999999989453143	0.9999999160643898	0.9999980927528488
0.9999999999999853	0.9999999990072712	0.999999925004125	0.9999979623472993
0.99999999999999	0.9999999993600424	0.9999999346856631	0.9999989104956287
0.999999999999993	0.9999999995382052	0.9999999666228649	0.9999996193732292
0.9999999999999861	0.9999999990158281	0.9999999127540883	0.9999982793780907
0.9999999999999732	0.9999999979303936	0.999999792008137	0.999994334626597
0.9999999999999738	0.9999999980689598	0.999999778234644	0.9999942153576045
0.9999999999999922	0.9999999995343918	0.9999999578950075	0.9999993995149397
0.9999999999999691	0.9999999977270576	0.9999997254115308	0.9999942858427379
0.9999999999999936	0.9999999996431601	0.9999999793412461	0.9999997753416061
0.9999999999999891	0.9999999992193656	0.9999999488453067	0.9999987618656611
0.9999999999999631	0.9999999966532334	0.9999997021013578	0.9999909344271026
0.9999999999999976	0.9999999998950001	0.9999999950237489	0.9999999856234124
0.9999999999999907	0.9999999994652468	0.9999999490179042	0.99999893412089
0.9999999999999811	0.9999999986346936	0.9999998615096117	0.9999981242265582
0.999999999999964	0.9999999976582415	0.9999997376553131	0.9999941862582393
0.9999999999999811	0.9999999985477315	0.9999998315921897	0.9999964637189375
0.9999999999999944	0.9999999997054559	0.9999999857939043	0.9999998564281792
0.9999999999999799	0.9999999983995048	0.9999998349093404	0.9999962521017494
0.9999999999999907	0.9999999994423371	0.9999999617891752	0.9999994435964606
0.9999999999999871	0.9999999992188892	0.9999999446637582	0.9999993081196235
0.9999999999999977	0.9999999999156078	0.999999996316869	0.9999999880783006
0.9999999999999744	0.999999998017994	0.9999997749377725	0.9999960517990705
0.9999999999999971	0.9999999998527112	0.9999999904973054	0.9999999391079164
0.9999999999999978	0.9999999999100553	0.9999999955854877	0.9999999826679016
0.9999999999999893	0.9999999992741938	0.9999999408454805	0.9999988428560481
0.9999999999999826	0.9999999987658692	0.9999998742933893	0.9999974497593755
0.9999999999999819	0.9999999987999673	0.9999998591166384	0.9999968097573763
0.9999999999999687	0.9999999980603154	0.9999997968891666	0.999995635793866
0.9999999999999916	0.9999999994979845	0.9999999699105937	0.9999996935560287
0.9999999999999837	0.9999999988113482	0.9999998790988994	0.9999978303803483
0.9999999999999928	0.9999999996169596	0.9999999720951582	0.9999995737124882
0.9999999999999907	0.9999999994513913	0.9999999542273195	0.9999994140999822
0.999999999999988	0.9999999991784078	0.9999999128099178	0.9999982351123163
0.999999999999979	0.9999999984826787	0.999999838944372	0.9999963921082404
0.9999999999999822	0.9999999986419804	0.9999998619495046	0.9999975572830482
0.9999999999999872	0.9999999990573932	0.9999999175868702	0.9999987984595178
0.9999999999999937	0.9999999996193207	0.9999999721795478	0.9999996455002648
0.99999999999997	0.999999997963191	0.9999997396211009	0.9999940638710734
0.9999999999999616	0.9999999972722966	0.9999997031306627	0.9999927804477178
0.9999999999999861	0.9999999989838289	0.9999998942729809	0.9999988029967355
0.9999999999999925	0.999999999570656	0.999999969193939	0.9999995740957637
0.9999999999999609	0.9999999970745292	0.9999996705930653	0.9999923941665128
0.9999999999999969	0.9999999998620603	0.9999999916824809	0.9999999403280561
0.9999999999999853	0.9999999991393373	0.999999902595794	0.9999978914222755
0.9999999999999923	0.9999999994685715	0.9999999512560905	0.9999989810415256
0.999999999999983	0.9999999987495897	0.9999998984910895	0.9999973874904596
0.9999999999999917	0.9999999994320139	0.9999999549394484	0.9999994328241174
0.9999999999999972	0.9999999998420842	0.9999999888219193	0.999999934906487
0.9999999999999614	0.9999999970187596	0.9999997353106733	0.9999919295097135
0.9999999999999971	0.9999999998667876	0.9999999921210914	0.9999999627344052
0.9999999999999968	0.9999999998211125	0.9999999894160713	0.9999999144476505
0.9999999999999943	0.9999999997286306	0.9999999871265477	0.9999999212507571
0.9999999999999978	0.9999999999127589	0.9999999967497931	0.9999999949234528
0.9999999999999782	0.9999999987468345	0.9999998288803928	0.9999960170745236
0.9999999999999925	0.9999999995560854	0.9999999643303721	0.9999994731240143
0.9999999999999978	0.9999999999096667	0.9999999958788752	0.9999999858867169