1.	0.9999999988271079	0.999998814292601	0.9999006291735144
0.9999999999999997	0.9999999984115435	0.9999985520975329	0.9998682530078609
0.9999999999999997	0.9999999983208288	0.9999986361234634	0.9998768686316224
0.9999999999999999	0.9999999987562922	0.9999986962423871	0.9998998960214739
1.	0.9999999984716206	0.9999986241253568	0.9998799631740927
0.9999999999999998	0.9999999986528326	0.9999988167814513	0.999897846759623
0.9999999999999997	0.9999999989183797	0.9999990138497213	0.9999093117610315
1.	0.9999999986443429	0.9999989422004272	0.9998940802365541
0.9999999999999999	0.9999999985021216	0.9999985452161421	0.9999014926769925
0.9999999999999998	0.9999999987820445	0.9999986293758141	0.9999014462039609
0.9999999999999998	0.9999999990317686	0.9999990320125627	0.9998998255924137
0.9999999999999998	0.99999999938874	0.9999993977152009	0.999940302806098
0.9999999999999999	0.9999999983864595	0.9999986725109893	0.9999024676840073
1.	0.9999999987031852	0.9999990848261266	0.9999199633974561
0.9999999999999999	0.9999999989839244	0.9999990030714977	0.9999158365015652
1.	0.9999999988887099	0.999998906594275	0.9999201279432557
0.9999999999999999	0.9999999988970714	0.9999988798946811	0.9999139094246001
0.9999999999999998	0.9999999991145235	0.9999991293748477	0.9999285081332365
0.9999999999999997	0.9999999982407493	0.9999985805306795	0.9998812429551721
0.9999999999999997	0.9999999985940716	0.999998701000568	0.999880603501807
0.9999999999999998	0.9999999990646162	0.9999991653184018	0.9999146964034038
0.9999999999999998	0.9999999991645807	0.9999991121639393	0.9999153312152771
0.9999999999999999	0.9999999984661798	0.9999984991591157	0.9998721838622154
0.9999999999999997	0.999999999879377	0.9999998859118596	0.9999901915837262
1.	0.9999999991647198	0.9999992992690663	0.9999302775316283
1.	0.9999999985349382	0.9999986461231191	0.9998916165181636
0.9999999999999999	0.999999998440085	0.9999986799002689	0.9998937720484294
0.9999999999999999	0.9999999989507427	0.9999988298552751	0.9999044310643819
0.9999999999999999	0.9999999985861692	0.999998621506174	0.9998814189305338
0.9999999999999998	0.999999998694478	0.9999989155037452	0.9998934409551413
1.	0.9999999991555096	0.9999991644391375	0.9999246556780121
0.9999999999999998	0.999999999194136	0.9999990658313928	0.9999288821469154
0.9999999999999994	0.9999999987165978	0.9999986515557306	0.9998615502036137
0.9999999999999997	0.9999999984477735	0.9999984064100209	0.9998720062863007
0.9999999999999999	0.9999999985407934	0.999998784134316	0.9999060698655433
0.9999999999999998	0.999999999418341	0.9999994318975823	0.9999492072376409
1.0000000000000002	0.9999999997423995	0.999999732427088	0.9999787216552174
0.9999999999999999	0.9999999989546897	0.9999988910057377	0.9999008336641064
0.9999999999999999	0.9999999985953069	0.9999987663382265	0.9998821292905831
1.	0.9999999994400587	0.9999994486791027	0.9999445862019473
1.	0.9999999988924548	0.999998864835242	0.9999122257721249
1.	0.999999999124262	0.999999030786673	0.9999092854990768
1.	0.999999998993386	0.9999989218296708	0.9999116338401699
0.9999999999999999	0.999999998623252	0.9999986703071739	0.9998910620968133
1.	0.9999999985778231	0.9999987748016927	0.9998957005439197
0.9999999999999998	0.9999999987042621	0.9999988235263148	0.9999109090224372
0.9999999999999998	0.9999999985445756	0.9999987550186985	0.9998870723949492
1.0000000000000002	0.9999999992177078	0.9999991290010355	0.9999180338602598
0.9999999999999998	0.999999998571675	0.9999987785946061	0.9999098140565591
1.	0.9999999990330817	0.9999990936929282	0.9999197378354578
0.9999999999999997	0.9999999984418066	0.9999986601454574	0.9998886050284208
1.	0.9999999984286562	0.999998613546854	0.9998929408865426
0.9999999999999998	0.9999999994033262	0.9999992175299104	0.9999441383870381
0.9999999999999996	0.9999999990334311	0.9999990614940475	0.9999099010620427
0.9999999999999996	0.9999999984742264	0.9999985800016509	0.9998948285192802
0.9999999999999999	0.9999999981821499	0.9999986794190033	0.999894253957302
0.9999999999999998	0.9999999985416449	0.9999987604685523	0.999900568013552
0.9999999999999997	0.9999999984809795	0.9999987836156735	0.9998563181760409
0.9999999999999998	0.9999999982598089	0.9999985218315178	0.9998794972493479
0.9999999999999996	0.9999999985970448	0.9999986855157325	0.9998877215398755
1.	0.9999999986643134	0.9999987773661205	0.9999039395574635
0.9999999999999999	0.999999998583992	0.9999985819963451	0.9998308003669291
0.9999999999999998	0.9999999990550246	0.9999990839486284	0.999910893868297
1.0000000000000002	0.9999999986717931	0.999998786748281	0.9998995373892808
0.9999999999999997	0.9999999985203221	0.9999984495082413	0.999875250740437
1.	0.9999999987812227	0.9999987005630566	0.9999123654313234
0.9999999999999999	0.9999999990417797	0.9999989373141541	0.9999295248012392
0.9999999999999997	0.9999999984598827	0.9999987613871213	0.9998562247741255
0.9999999999999998	0.9999999984194673	0.9999986059335252	0.9998904284514377
0.9999999999999998	0.9999999984502844	0.9999987436161691	0.9998995146969916
0.9999999999999998	0.9999999984478078	0.9999986810069137	0.9998578164121396
0.9999999999999999	0.9999999989503011	0.9999989348463363	0.9998971920569631
0.9999999999999997	0.9999999984444802	0.9999983891930687	0.9998691630599843
1.	0.9999999988837117	0.9999988500088303	0.9998774778641731
1.	0.9999999985843142	0.9999987637292783	0.9998720221021676
1.	0.9999999995602146	0.9999995197537964	0.9999541537368607
1.	0.9999999995817509	0.9999995908139832	0.9999642793330434
0.9999999999999999	0.999999998504136	0.9999986380239001	0.9998998207267511
0.9999999999999997	0.9999999988031614	0.9999988494717392	0.9998979237072897
0.9999999999999998	0.9999999985303506	0.9999986147991271	0.9998748851080871
0.9999999999999999	0.9999999984810284	0.9999985740374573	0.9998907566355495
1.	0.9999999985082418	0.999998580018468	0.9998938527467238
0.9999999999999999	0.9999999989747486	0.999998988925317	0.9999024375346365
0.9999999999999997	0.9999999984659101	0.9999985378778463	0.9998860562712322
0.9999999999999996	0.9999999984443602	0.9999986070970652	0.999890815832333
0.9999999999999998	0.9999999987077602	0.9999988364277632	0.9998896783030652
0.9999999999999999	0.9999999984738873	0.9999986289866539	0.9998886293910652
0.9999999999999999	0.9999999987905654	0.9999988660073673	0.999891137384987
0.9999999999999997	0.9999999983183212	0.9999985516451473	0.9998923017555419
1.	0.9999999991156471	0.9999988763337408	0.9999106842580489
0.9999999999999999	0.9999999994406712	0.9999995261756448	0.9999503529842704
0.9999999999999998	0.9999999991377415	0.9999990670807745	0.9999192729781002
0.9999999999999997	0.9999999985941316	0.9999986676540988	0.99986779870851
0.9999999999999999	0.9999999994496873	0.9999995032672475	0.9999512296412172
0.9999999999999999	0.9999999984817766	0.9999986495024457	0.9998893675373971
0.9999999999999998	0.9999999995027185	0.999999516898336	0.9999552217998846
0.9999999999999999	0.999999998649744	0.9999987035743474	0.9998971184807209
0.9999999999999999	0.9999999990871813	0.9999991422603176	0.9999231223669707
0.9999999999999998	0.9999999988092398	0.999998938040805	0.9999343437861477
0.9999999999999997	0.9999999989780063	0.9999991003919433	0.999891629815649
0.9999999999999997	0.9999999988493793	0.9999989612677497	0.9999012440907492
0.9999999999999999	0.9999999985623099	0.9999984715781837	0.9999012050372428
0.9999999999999999	0.9999999995761152	0.9999995525677504	0.9999642616958005
1.	0.9999999986856332	0.9999986349256605	0.9998964544426046
0.9999999999999999	0.9999999983054128	0.9999984381236524	0.999880254667863
0.9999999999999997	0.9999999988800796	0.9999989676477691	0.999884113528092
1.	0.9999999984114986	0.999998533444316	0.9998515927356525
1.	0.9999999985368502	0.9999985287596598	0.9998927073526519
1.	0.9999999986022585	0.9999988371406611	0.9998978194102578
1.	0.9999999984281163	0.9999986653080143	0.9998882721641156
0.9999999999999998	0.9999999984330048	0.9999985255586441	0.9998876624305532
0.9999999999999999	0.9999999988028068	0.9999986603361736	0.9998775330176414
0.9999999999999997	0.9999999985409589	0.9999983999385568	0.9998619368303039
0.9999999999999998	0.9999999989691116	0.999998962940798	0.9998914339908787
1.	0.9999999983197239	0.9999983825368804	0.9998814580579416
0.9999999999999997	0.9999999983406608	0.9999985862228552	0.9998613076429687
1.	0.9999999987462447	0.999998632414868	0.9998732239895097
0.9999999999999999	0.9999999987857985	0.9999986864956195	0.9999139334617871
0.9999999999999999	0.999999998556897	0.9999987694959186	0.9999026155155137
0.9999999999999999	0.999999998457011	0.9999986309020464	0.9999077747961037
1.	0.9999999987158454	0.9999987991946357	0.999884694256341
0.9999999999999999	0.9999999988013094	0.9999987936772975	0.9998797174902789
1.	0.9999999989161468	0.9999988560569184	0.999900076940652
0.9999999999999997	0.9999999986373571	0.9999987557821689	0.999896525598221
0.9999999999999998	0.9999999988127611	0.9999988372626223	0.9999037214390282
0.9999999999999998	0.9999999991807906	0.9999991288681904	0.9999223843425459
0.9999999999999998	0.9999999987289623	0.9999987496204508	0.9998684586299798
0.9999999999999998	0.9999999993818344	0.9999993372525565	0.9999451175340531
0.9999999999999999	0.9999999984375191	0.9999986417878082	0.9998950056997346
0.9999999999999997	0.9999999994294149	0.9999994566566727	0.9999546627355649
0.9999999999999996	0.9999999985960398	0.9999987644913421	0.9998927521649518
0.9999999999999998	0.9999999986419789	0.999998867509595	0.9999223466362709
0.9999999999999999	0.9999999983286484	0.999998479839673	0.9998921435087198
0.9999999999999997	0.9999999993367739	0.9999993801479735	0.9999394503837785
0.9999999999999999	0.9999999987166566	0.9999985069245536	0.9999044263020951
1.	0.9999999985631082	0.9999986230024057	0.9998906472615969
0.9999999999999999	0.9999999986516619	0.9999988028071038	0.999888971627563
0.9999999999999999	0.9999999986433027	0.9999985995361181	0.9998842331778883
0.9999999999999998	0.9999999986910839	0.9999986979164691	0.9998851855286395
0.9999999999999999	0.9999999984225438	0.9999985762506066	0.9998951337459773
0.9999999999999999	0.9999999989031121	0.9999989188568082	0.9998974198113609
1.	0.9999999988341696	0.9999988960015387	0.9998996932784983
0.9999999999999998	0.9999999983969841	0.999998611581724	0.9998907331021316
0.9999999999999999	0.999999998796875	0.9999986622321744	0.999881797556873
0.9999999999999998	0.9999999988822936	0.9999989244333488	0.9998969268255712
0.9999999999999998	0.9999999985468874	0.9999987296326764	0.9998917347904873
0.9999999999999999	0.9999999986987951	0.9999987769557422	0.9998847076120649
1.	0.9999999987436653	0.9999989049311966	0.9998819547321992
0.9999999999999999	0.9999999986253368	0.999998758237434	0.999887935659446
0.9999999999999998	0.9999999986299971	0.9999987009084774	0.9999073618465454
0.9999999999999999	0.9999999985836779	0.9999984053599752	0.9998863996734839
0.9999999999999999	0.9999999996988389	0.9999997469505505	0.9999723311980437
0.9999999999999998	0.999999998506479	0.999998839642696	0.9998708105868788
1.	0.9999999986314556	0.9999987954429836	0.999873540361725
0.9999999999999998	0.9999999982879075	0.9999983136773208	0.9998672129242921
0.9999999999999999	0.9999999993648546	0.9999993478172963	0.9999443358855548
0.9999999999999999	0.9999999984924907	0.999998542747035	0.9998858972903851
1.	0.9999999983789029	0.9999984553598734	0.9998772153700677
1.	0.9999999986609436	0.9999986748104035	0.9999089073197852
1.	0.9999999985803182	0.999998882849408	0.9999118032152388
1.	0.9999999984855831	0.9999986679416105	0.9998950281704838
0.9999999999999998	0.9999999984139276	0.9999986769690125	0.9998937949346718
1.	0.9999999990588968	0.999999029380032	0.9999154215711562
1.	0.9999999987687422	0.9999987880166836	0.999858162076097
0.9999999999999998	0.9999999987160394	0.9999987047733296	0.9998878664534998
0.9999999999999997	0.9999999984525718	0.9999986624793745	0.999899990468569
0.9999999999999997	0.9999999986337684	0.9999986997795959	0.9998983528967484
1.	0.999999998747453	0.9999986877362432	0.9998836153990901
1.	0.9999999982736052	0.9999986394805901	0.9998891236610301
0.9999999999999998	0.9999999983592643	0.999998588848115	0.9998839776158007
1.	0.9999999992690294	0.9999992471984988	0.9999383502614508
0.9999999999999998	0.9999999990954545	0.9999992007562298	0.9999133487001366
0.9999999999999997	0.9999999984199797	0.9999985826502497	0.9998973312277754
0.9999999999999999	0.9999999985735151	0.9999987630551054	0.9999046461157857
0.9999999999999999	0.99999999846543	0.9999987089078266	0.9998877166667193
0.9999999999999998	0.999999998612592	0.9999987353979946	0.9998979162176401
0.9999999999999999	0.999999998562068	0.9999987687043177	0.9999072651538425
0.9999999999999998	0.9999999987579608	0.9999987873541445	0.9998884311353153
0.9999999999999997	0.9999999984890671	0.9999986319115243	0.9998993153820801
0.9999999999999999	0.9999999987568096	0.9999989010589221	0.9998835443556993
0.9999999999999999	0.9999999984489045	0.999998799670601	0.9999001200170664
0.9999999999999998	0.9999999983709545	0.9999984526019263	0.9998686943165589
0.9999999999999999	0.9999999989442365	0.9999988185766119	0.9999042808629139
0.9999999999999998	0.9999999987678622	0.9999988481699448	0.9998873652545318
0.9999999999999999	0.9999999988169175	0.9999988376685056	0.9998857241456345
1.	0.9999999983597464	0.9999984065349616	0.9998531029919424
0.9999999999999999	0.9999999992817299	0.9999992865621568	0.9999343634711583
0.9999999999999997	0.9999999987214925	0.9999987351004158	0.9998953875013777
0.9999999999999999	0.9999999983886353	0.9999986191027597	0.9998898005961979
0.9999999999999998	0.9999999993315533	0.9999992118285829	0.9999305590514087
0.9999999999999999	0.9999999994543715	0.9999995191649462	0.9999482372238345
0.9999999999999997	0.9999999986951114	0.9999987993326533	0.999893430044463
1.	0.9999999986321724	0.9999988910702482	0.9998790297092428
0.9999999999999997	0.9999999996228973	0.9999996028749628	0.9999615299002702
0.9999999999999999	0.9999999986277142	0.9999984782755844	0.9998734745615994
0.9999999999999997	0.9999999987606061	0.9999989803962354	0.9999044752588345
0.9999999999999999	0.9999999987662115	0.999998951047951	0.9999052881259031
1.	0.9999999984572462	0.9999986650915131	0.9998955535561997
0.9999999999999999	0.9999999991271822	0.9999991974411765	0.9999163371400573
0.9999999999999999	0.9999999991324446	0.9999991005203402	0.9999151610991766
0.9999999999999996	0.999999998350833	0.9999985123110068	0.9998965321973963
0.9999999999999999	0.9999999983981743	0.9999984224684065	0.9998776091148304
1.	0.9999999996375362	0.9999996331265752	0.9999697188916389
0.9999999999999999	0.9999999993084662	0.9999993240456241	0.9999324202714773
1.	0.9999999985300917	0.9999990139252735	0.9999211226548856
0.9999999999999997	0.9999999992736028	0.9999992730743875	0.9999436069240799
1.	0.9999999982388307	0.9999984711006938	0.9998582329431217
0.9999999999999999	0.9999999993458866	0.9999993589936563	0.9999446731839191
0.9999999999999999	0.9999999986272583	0.9999984473712986	0.9998884215767049
0.9999999999999998	0.9999999991871906	0.9999991951171945	0.9999205688972316
1.	0.9999999986968744	0.9999986887601241	0.9998857083137547
1.	0.9999999989760983	0.9999989537820798	0.9999055140046267
0.9999999999999999	0.9999999986137608	0.9999988111434968	0.9998991456938924
1.	0.9999999986400833	0.9999988838743139	0.9999134700831334
0.9999999999999998	0.9999999994367569	0.9999994635420718	0.9999480434974062
0.9999999999999999	0.9999999989792984	0.9999991571727126	0.9998969498157313
0.9999999999999999	0.9999999993777291	0.9999992786190233	0.9999358760707133
1.	0.9999999993111434	0.9999993821112961	0.9999413405387125
1.	0.9999999983780495	0.9999986426037322	0.9998916319537029
0.9999999999999998	0.9999999988101322	0.9999989693428999	0.9999171713434554
1.	0.9999999983989167	0.9999986126024035	0.9998976978556748
1.	0.9999999987914382	0.9999989417163102	0.9999123385494889
0.9999999999999998	0.9999999995981208	0.9999995878767005	0.9999638825136158
0.9999999999999999	0.9999999996753923	0.999999699231729	0.999971128512112
0.9999999999999998	0.9999999985059551	0.9999986867359548	0.999899419698048
1.	0.9999999997352411	0.9999997277340137	0.9999769040472821
0.9999999999999997	0.9999999985999204	0.9999987586114035	0.9999041620629573
0.9999999999999997	0.9999999986517626	0.9999987839130605	0.9998864458421954
0.9999999999999998	0.9999999984144686	0.9999985535613442	0.999833006359805
0.9999999999999999	0.99999999957248	0.999999561622188	0.9999673604171949
0.9999999999999999	0.9999999984199481	0.9999986485066518	0.9998992149021639
0.9999999999999998	0.999999998169594	0.9999983439312723	0.9997981195371664
0.9999999999999999	0.9999999986370082	0.9999985385129705	0.9998778748377855
0.9999999999999998	0.9999999991366151	0.9999991041277714	0.9999268614571972
0.9999999999999999	0.9999999987747323	0.9999988194540047	0.9999068219639865
0.9999999999999998	0.9999999983118805	0.9999984263067616	0.999866212181626
0.9999999999999998	0.9999999991215569	0.999999196372437	0.9999139767509359
0.9999999999999999	0.9999999993047899	0.9999993952725189	0.9999483750539362
1.	0.9999999984339106	0.9999985903181331	0.9998951777421874
1.	0.9999999986763057	0.9999987908734398	0.9998890852342105
0.9999999999999999	0.9999999983963732	0.9999986298229614	0.9998949257031566
0.9999999999999999	0.9999999986009167	0.9999984468087527	0.9998013359756024
0.9999999999999998	0.9999999987186242	0.9999989489006051	0.9998893028213379
1.0000000000000002	0.999999999042307	0.9999990179106231	0.9999081142458482
0.9999999999999999	0.9999999985330347	0.9999986246228701	0.9998600830146929
0.9999999999999998	0.9999999993160583	0.9999993314455343	0.9999340917834486
0.9999999999999998	0.999999998485559	0.9999987177801887	0.9999028024016678
0.9999999999999999	0.9999999983901271	0.9999986095248143	0.9998913928284002
0.9999999999999999	0.9999999993553064	0.9999992644990666	0.9999465509333189
0.9999999999999998	0.9999999984012921	0.9999985462763149	0.9998841260536859
0.9999999999999998	0.9999999995056248	0.9999995019266741	0.9999594122249892
1.	0.9999999996361145	0.9999996343229309	0.9999702910782925
0.9999999999999998	0.9999999990196058	0.9999989055649204	0.9998869860991996
0.9999999999999999	0.9999999986326269	0.9999988510500604	0.9999086424659868
0.9999999999999999	0.999999998843496	0.9999988810884484	0.9999065578253821
0.9999999999999997	0.9999999986121558	0.9999986330835133	0.9998822860454866
0.9999999999999999	0.9999999982819915	0.9999984899369809	0.9998948167975785
0.9999999999999998	0.9999999985795942	0.9999987387626316	0.9999073565237838
0.9999999999999999	0.9999999985073027	0.9999987104479556	0.9999159879534546
1.	0.9999999984447613	0.9999984884290077	0.9998798032871039
0.9999999999999999	0.9999999994491975	0.9999994675142476	0.9999429148104615
0.9999999999999999	0.9999999997017132	0.9999997005904797	0.9999736262434451
0.9999999999999997	0.999999998657189	0.9999988875418456	0.9998857826221577
0.9999999999999999	0.9999999989928032	0.9999990591978052	0.9999058210224643
1.	0.999999998709649	0.9999987809125878	0.999877979109665
0.9999999999999999	0.9999999985877109	0.9999981379633763	0.9998499487069057
0.9999999999999999	0.9999999987674794	0.9999988257430513	0.99990262129726
1.	0.9999999985381138	0.9999987366450868	0.9999068249500775
0.9999999999999994	0.9999999986234667	0.9999988500586504	0.9998822261232787
0.9999999999999999	0.9999999988783822	0.9999987994320344	0.9999021518559491
1.	0.9999999997331458	0.9999997589584304	0.9999827765461833
0.9999999999999999	0.9999999986834713	0.999998720499303	0.9999038137942131
0.9999999999999997	0.9999999984378959	0.9999986274494455	0.9998817300653652
0.9999999999999997	0.9999999985103627	0.9999987240224956	0.9999023434368747
0.9999999999999998	0.9999999990521903	0.9999990489626107	0.9998981598318868
0.9999999999999998	0.9999999985760906	0.999998619410285	0.9999067775860585
1.	0.9999999988424441	0.9999988814678624	0.9999087822529091
0.9999999999999999	0.999999998655357	0.9999985550975675	0.9998806114428455
0.9999999999999997	0.9999999986844167	0.999998787296049	0.9999154846425125
0.9999999999999998	0.9999999988948294	0.9999990226498247	0.999892379331155
0.9999999999999998	0.9999999984449482	0.9999986396316327	0.999898681037881
0.9999999999999999	0.9999999985350366	0.9999986678469698	0.9998976695344451
0.9999999999999999	0.9999999987523371	0.9999989145796985	0.9998812073170656
0.9999999999999998	0.9999999986593362	0.999998477844186	0.9998695783401375
0.9999999999999999	0.9999999983753312	0.9999985618281255	0.9998623145902944
0.9999999999999997	0.9999999995718641	0.9999995159673062	0.9999620629091275
0.9999999999999997	0.9999999986899004	0.9999987578317331	0.9998873340793566
0.9999999999999999	0.9999999996065311	0.9999995514448883	0.9999706325286266
1.	0.9999999986920919	0.9999988916508524	0.9998997968453357
0.9999999999999999	0.9999999989457176	0.9999989769499069	0.9999084943234587
1.	0.999999998738516	0.999998734932211	0.9999010848965988
0.9999999999999997	0.9999999987248396	0.9999986169285334	0.9998600440740469
0.9999999999999998	0.9999999983579978	0.9999982971988466	0.9998572544375197
0.9999999999999998	0.9999999991870797	0.9999990575961512	0.9999436454110101
0.9999999999999998	0.9999999992584434	0.9999992416297945	0.9999359709616596
1.	0.9999999985133017	0.999998710329974	0.999906167781656
0.9999999999999999	0.9999999990329937	0.9999989464107947	0.9999078151976448
1.	0.9999999987146753	0.9999989630130456	0.9999260343072012
1.	0.9999999986574013	0.999998742770506	0.9998926664965612
0.9999999999999999	0.9999999985892919	0.9999985041057543	0.999865759130974
0.9999999999999998	0.9999999989948981	0.9999990903493039	0.9999078937149931
1.	0.9999999988911933	0.999998926577552	0.9999078241947486
1.	0.9999999987644328	0.9999986506190476	0.9998829083847244
0.9999999999999998	0.9999999982832829	0.9999984999901277	0.9998925241134562
0.9999999999999997	0.9999999983123374	0.9999982806546304	0.9998570935672613
1.	0.9999999985109399	0.999998690758682	0.9998986166000746
0.9999999999999999	0.9999999987741987	0.9999985960025375	0.9998842840879345
1.0000000000000002	0.9999999993454555	0.9999993033721417	0.9999309606453347
0.9999999999999998	0.99999999986643	0.9999998761211912	0.9999882922937245
0.9999999999999999	0.9999999987667906	0.999998818935687	0.9999146972653434
0.9999999999999999	0.999999998462756	0.999998676726161	0.9998917898238369
1.	0.9999999987307352	0.9999988644338093	0.9999113721942836
0.9999999999999998	0.9999999984564425	0.9999985918583676	0.9998876732390545
1.	0.9999999985822059	0.9999985966854114	0.9998654114547907
0.9999999999999999	0.9999999986829624	0.9999983739773288	0.9998712518586037
0.9999999999999999	0.9999999988358713	0.9999988980407105	0.9999046781876882
0.9999999999999998	0.9999999985237958	0.9999986105795469	0.9998750393708333
0.9999999999999998	0.9999999984944188	0.9999982675463714	0.999856219145308
0.9999999999999999	0.999999998698954	0.9999988128681262	0.9999047926489034
0.9999999999999998	0.9999999984948447	0.9999983810625922	0.9998509734889364
1.	0.9999999982634693	0.9999984589115725	0.999883373640057
0.9999999999999999	0.9999999985823863	0.9999988709439327	0.9998892420185436
0.9999999999999996	0.9999999984549328	0.9999987131668611	0.9998972354505409
0.9999999999999998	0.9999999988792247	0.9999989515129634	0.9998864282321401
1.	0.9999999989751868	0.9999992116009148	0.9999183207171196
0.9999999999999999	0.9999999991624583	0.9999992407936855	0.9999387263711985
0.9999999999999998	0.9999999985036033	0.999998617813889	0.9999050157391242
0.9999999999999998	0.9999999995813532	0.999999579500805	0.9999622911094735
0.9999999999999999	0.9999999989352513	0.9999989438026499	0.9999043228246167
0.9999999999999997	0.9999999983972159	0.9999985161008833	0.9998745993866524
0.9999999999999998	0.9999999982021927	0.9999983021278753	0.9998543371297957
0.9999999999999998	0.9999999985376934	0.9999987160412886	0.9998984330040926
0.9999999999999998	0.9999999991902156	0.9999991326104439	0.9999263192839999
1.	0.9999999984702566	0.9999986858376207	0.9998999244289338
0.9999999999999999	0.9999999986655163	0.9999987060746578	0.9998900014085421
1.	0.9999999987230043	0.9999989358389537	0.9998831012192229
1.	0.9999999993064963	0.9999992563628946	0.9999402759245144
0.9999999999999999	0.9999999984612203	0.999998678908321	0.9998949062535031
0.9999999999999997	0.9999999988193703	0.999998807323707	0.9998877899999297
1.	0.9999999987198969	0.9999988860029515	0.9998965163090516
0.9999999999999999	0.9999999989175175	0.9999989079666703	0.9999057154851023
1.	0.999999998459576	0.9999986613828442	0.9998888091413475
0.9999999999999997	0.9999999987810497	0.9999989233944048	0.9999051767381316
0.9999999999999998	0.9999999987675036	0.9999988659553736	0.9999017145242571
0.9999999999999998	0.9999999985548598	0.9999987653802882	0.9998857626082149
0.9999999999999999	0.9999999985028769	0.999998516336551	0.9998757693223026
0.9999999999999998	0.9999999989069398	0.9999989349732125	0.9999072780081713
0.9999999999999998	0.999999998595894	0.9999986965705394	0.9998983908690382
0.9999999999999999	0.9999999986084569	0.999998794310457	0.9998959018412941
0.9999999999999999	0.9999999995893537	0.9999995836266442	0.9999627690995859
0.9999999999999999	0.9999999989915175	0.9999989149180648	0.999900067695296
0.9999999999999998	0.9999999986994744	0.9999989547443854	0.9999106389354666
0.9999999999999998	0.9999999989536903	0.9999989763789182	0.9999008507634581
0.9999999999999999	0.9999999987141728	0.9999987276973561	0.9998823200826341
0.9999999999999998	0.9999999985336345	0.9999985232654182	0.9998814252134796
0.9999999999999998	0.9999999987481444	0.9999987475719938	0.9999088323249807
0.9999999999999999	0.9999999985890446	0.9999985571400796	0.9998704040014349
0.9999999999999999	0.9999999987737506	0.9999987918738443	0.9999272782776798
0.9999999999999998	0.9999999986530163	0.9999987668276638	0.9999052905232637
0.9999999999999998	0.9999999988226742	0.9999988567761678	0.9998964093967432
0.9999999999999999	0.9999999984602047	0.9999986724218168	0.9998911844325555
0.9999999999999999	0.999999998581026	0.999998683977452	0.9998868475041677
1.0000000000000002	0.9999999991353977	0.9999991615713101	0.999929686408753
0.9999999999999999	0.99999999845087	0.9999986409149966	0.9998888774733043
0.9999999999999994	0.9999999989243468	0.9999988922750829	0.9999159351307069
0.9999999999999999	0.9999999993421922	0.9999994082771259	0.9999501873636135
0.9999999999999997	0.999999998437237	0.9999986773303892	0.9998944304181827
0.9999999999999998	0.9999999986772558	0.9999988254998633	0.9999050006247878
0.9999999999999999	0.9999999984100366	0.9999984403696446	0.9998744997303725
0.9999999999999998	0.9999999987510917	0.9999987282561309	0.9998903415521776
0.9999999999999998	0.9999999986633674	0.9999988398533661	0.9999111224718193
0.9999999999999999	0.9999999992726802	0.999999226402849	0.9999392404063415
0.9999999999999998	0.9999999987916803	0.9999985639334941	0.9998936362526697
0.9999999999999999	0.9999999988818777	0.9999989992633643	0.9999046229286331
0.9999999999999997	0.9999999985660825	0.999998561177812	0.9998856783403414
0.9999999999999998	0.9999999991257807	0.9999991793463585	0.9999093533533807
0.9999999999999999	0.9999999991218625	0.9999991093456403	0.9999271033383635
1.	0.9999999989146725	0.999998849674075	0.9999076598035448
0.9999999999999999	0.9999999986882994	0.9999982111656065	0.9998334586758008
0.9999999999999998	0.999999998753173	0.9999989052923867	0.9998958739178988
0.9999999999999997	0.9999999997135521	0.9999997284778819	0.9999777042136448
0.9999999999999999	0.9999999989372079	0.9999987270836178	0.9998885219729113
0.9999999999999997	0.9999999988599881	0.9999988353743137	0.9998933907645182
0.9999999999999998	0.9999999986975788	0.9999989190775687	0.9998984955756149
1.	0.9999999984914767	0.9999986561415357	0.9998891271358785
0.9999999999999999	0.9999999985835515	0.9999985917274653	0.99987260806755
0.9999999999999998	0.9999999985816963	0.9999987598459237	0.9999009860745306
0.9999999999999999	0.9999999990720279	0.9999991184362654	0.999906888724811
1.	0.9999999985363293	0.9999986352524048	0.999848566684515
0.9999999999999998	0.9999999985397255	0.9999986531092421	0.9999021559487535
0.9999999999999999	0.9999999988488382	0.9999989847593651	0.9999019972018858
0.9999999999999999	0.9999999985710147	0.9999986569017212	0.9998951817809639
0.9999999999999998	0.9999999986500488	0.9999988559423195	0.9998929315682473
0.9999999999999997	0.9999999985668706	0.9999988211802396	0.9998986920725883
0.9999999999999999	0.999999998388142	0.9999986180759234	0.9998911505636652
0.9999999999999998	0.9999999989271832	0.9999989765438319	0.9999010364913731
0.9999999999999998	0.9999999992953991	0.9999992662988015	0.9999221038933868
0.9999999999999999	0.9999999997465955	0.9999997875892759	0.9999818836055091
0.9999999999999996	0.9999999985014718	0.9999986027501904	0.9998872774191072
0.9999999999999999	0.9999999984738411	0.9999987923971693	0.9998834119885182
0.9999999999999999	0.9999999989336233	0.9999990885829296	0.9999131349054649
0.9999999999999999	0.9999999987968368	0.9999990222497536	0.9998870889311956
0.9999999999999998	0.9999999986091841	0.9999986380213717	0.9998953242085966
1.	0.9999999988598135	0.9999988601496579	0.999901843837288
0.9999999999999998	0.9999999990900709	0.9999990829754595	0.9999183110379273
1.	0.9999999985409763	0.9999983478232205	0.9998630153188601
0.9999999999999998	0.9999999985192312	0.9999983645005596	0.9998526212790455
0.9999999999999999	0.9999999995207008	0.999999481217625	0.9999564412062734
0.9999999999999999	0.9999999987768818	0.9999988084889301	0.9999052112256757
0.9999999999999998	0.9999999985439268	0.9999978814368274	0.9998438249483271
0.9999999999999999	0.9999999984821971	0.9999984858401834	0.9998852063940571
0.9999999999999998	0.999999998675052	0.9999987667392857	0.9998851515849873
1.	0.9999999991349428	0.9999991470333497	0.999914230794028
0.9999999999999996	0.999999998389843	0.9999984123231747	0.9998642142579622
0.9999999999999999	0.9999999990382511	0.9999989999736832	0.9999251261235139
1.	0.9999999986814596	0.9999985756804515	0.9998694856252338
1.	0.9999999993378553	0.9999993887079716	0.9999369867103934
1.	0.9999999986870213	0.9999988519963338	0.9999126384687699
0.9999999999999997	0.9999999989549124	0.999999228449971	0.9999080023221983
0.9999999999999997	0.9999999984749517	0.9999985224286696	0.9998959681995631
0.9999999999999998	0.999999998882702	0.9999989552883529	0.9999029132669488
1.	0.9999999991929586	0.9999991834633462	0.9999272508083485
0.9999999999999999	0.9999999986760891	0.9999988968121639	0.9999103058627471
0.9999999999999997	0.9999999988398963	0.9999988086550022	0.9999066430312921
0.9999999999999999	0.999999998742431	0.9999987459058131	0.9998786380324672
0.9999999999999998	0.9999999997003908	0.9999996927635958	0.9999723324407124
0.9999999999999999	0.9999999994158273	0.9999994984755528	0.9999487868322324
0.9999999999999999	0.9999999986384577	0.9999987193790502	0.9998846775291428
0.9999999999999999	0.9999999984805213	0.9999986597809841	0.9998903346337794
0.9999999999999997	0.9999999988523686	0.9999986928527467	0.9998933747608255
1.	0.9999999986346257	0.9999984517991203	0.9998839830493227
0.9999999999999999	0.9999999984902646	0.9999986522694847	0.9999031203138607
0.9999999999999997	0.9999999984840529	0.999998567909717	0.9998648899655381
0.9999999999999999	0.9999999986483993	0.999998795050208	0.9998998614606107
0.9999999999999999	0.9999999995646802	0.9999995936048354	0.9999570895876142
1.	0.9999999982977078	0.9999983648793869	0.9998582778659656
0.9999999999999997	0.9999999986091426	0.9999987346314178	0.9998778440543343
0.9999999999999997	0.999999998900577	0.9999989902119316	0.9999066725409259
0.9999999999999998	0.9999999988520986	0.9999989370523082	0.9999069755547415
0.9999999999999999	0.9999999988404001	0.9999987192246165	0.9998975197855534
0.9999999999999998	0.9999999996236102	0.9999996686904822	0.999970804993577
0.9999999999999999	0.9999999985829061	0.9999987885652396	0.9998994866936187
1.	0.9999999984507391	0.9999986318556293	0.999893621744348
0.9999999999999999	0.9999999993495111	0.9999993143155631	0.9999349353202983
1.	0.9999999986482474	0.9999988113526006	0.9999058010115385
0.9999999999999998	0.9999999995097509	0.999999504001944	0.9999584731579344
1.	0.9999999996351916	0.9999996967646505	0.9999708781989443
0.9999999999999996	0.9999999984905661	0.9999985811944069	0.9998695007767737
0.9999999999999997	0.9999999992594849	0.9999993212592034	0.9999335622947874
0.9999999999999997	0.9999999985548592	0.9999985725459488	0.9998994675939507
0.9999999999999999	0.9999999992729764	0.9999992419596586	0.9999267851853654
0.9999999999999999	0.9999999991116741	0.999999017853408	0.9999074270376542
0.9999999999999999	0.9999999985375422	0.9999987644566072	0.9998959271470543
0.9999999999999999	0.9999999992293919	0.999999184749171	0.9999348668194501
0.9999999999999998	0.9999999984456825	0.9999986328522097	0.9998744388866292
1.	0.9999999994590192	0.9999994448254976	0.9999516803862291
0.9999999999999997	0.9999999985350987	0.9999987457975152	0.9998848648664324
0.9999999999999997	0.9999999990937554	0.9999993091147205	0.9999204588276741
0.9999999999999998	0.9999999994740698	0.9999995216998361	0.9999564570884916
0.9999999999999998	0.9999999986861121	0.9999989056817924	0.9998929544726295
0.9999999999999999	0.9999999986123533	0.9999987954367188	0.9998866304795307
0.9999999999999998	0.9999999982628633	0.9999985544863723	0.9998735113100196
0.9999999999999999	0.9999999990722409	0.9999991302233282	0.9998982354962389
1.	0.9999999986467163	0.9999986500841186	0.9998840421031597
0.9999999999999999	0.9999999988202202	0.9999987281514651	0.9999078482074406
0.9999999999999998	0.9999999984381271	0.9999984067522562	0.9998516938557094
0.9999999999999999	0.9999999993329081	0.9999992435958026	0.9999373035437308
0.9999999999999999	0.9999999986133596	0.9999986886998682	0.9998824110730494
0.9999999999999999	0.9999999984918029	0.9999987699939222	0.9999005149085587
0.9999999999999999	0.9999999987137912	0.9999991313033307	0.9998916211496781
0.9999999999999999	0.9999999984765955	0.9999986705328847	0.9998973149194966
0.9999999999999999	0.9999999992832267	0.9999992706977023	0.9999369604985734
0.9999999999999996	0.9999999984171798	0.9999986702558225	0.9999012838351002
1.	0.9999999991456634	0.9999992693096093	0.9999269199566678
0.9999999999999997	0.9999999986945806	0.9999985263213003	0.9998913513713961
0.9999999999999997	0.9999999993388209	0.9999993489186598	0.9999476536836069
0.9999999999999998	0.9999999986835523	0.9999988394082278	0.9998841819976945
0.9999999999999999	0.9999999986910274	0.999998655968341	0.9998845132068762
0.9999999999999997	0.9999999995468999	0.9999995428254947	0.9999535149689546
0.9999999999999999	0.9999999988242422	0.999998864867268	0.9998980803940143
1.	0.999999998675959	0.9999986831995076	0.999889039810164
0.9999999999999997	0.9999999992635705	0.9999991932477976	0.9999411424306469
1.	0.9999999984775966	0.9999983260812307	0.9998807480416738
1.	0.9999999991598939	0.9999992277684432	0.9999311554606295
1.	0.9999999987673978	0.9999989330112011	0.9998996370377391
0.9999999999999999	0.9999999985925137	0.99999865752913	0.999896213789626
0.9999999999999999	0.9999999989613115	0.9999991384995328	0.9999067485391704
0.9999999999999998	0.9999999983802291	0.9999984626096355	0.9998812201112924
0.9999999999999997	0.999999998552389	0.9999988223201757	0.9999020751240675
1.	0.9999999985434106	0.9999986520222627	0.9998660139644797
1.	0.9999999986482965	0.9999988648266908	0.9999196198734246
1.	0.9999999991274899	0.9999991248509584	0.9999294152907344
0.9999999999999998	0.9999999985205645	0.9999986828048788	0.9999031991588005
0.9999999999999999	0.9999999984621852	0.9999984329922964	0.999892622853434
1.	0.9999999985454567	0.9999987264406862	0.9998831922366458
1.0000000000000002	0.9999999988997569	0.9999989178641444	0.9999132914945129
0.9999999999999999	0.9999999986690993	0.9999987437281113	0.9998788687162007
0.9999999999999998	0.9999999988255456	0.99999863087904	0.9998706544539494
0.9999999999999998	0.9999999995291562	0.9999995056054793	0.9999655869738743
1.	0.9999999984093109	0.9999985227665664	0.9998740404490943
0.9999999999999998	0.9999999983432173	0.9999985641606263	0.9998862175443948
0.9999999999999997	0.999999998476352	0.9999987528316753	0.999903664271252
1.	0.9999999988779928	0.9999990560336903	0.999896771678663
0.9999999999999999	0.9999999985307453	0.9999986605764029	0.9998916749666792
0.9999999999999999	0.9999999987130841	0.9999987228527693	0.9998904136869968
0.9999999999999999	0.9999999992027826	0.9999991257281293	0.9999226703906493
0.9999999999999999	0.9999999986537459	0.9999987058994776	0.999898568155354
1.	0.9999999995492138	0.9999995342023864	0.9999649586623005
0.9999999999999999	0.9999999996267889	0.9999996435813935	0.9999655279858335
0.9999999999999998	0.9999999989999137	0.9999990428265038	0.9999084407284669
0.9999999999999998	0.9999999991171857	0.9999991058463985	0.9999279393359646
0.9999999999999998	0.9999999984032727	0.999998459650552	0.9998936388606662
0.9999999999999999	0.9999999983605289	0.9999985958442144	0.9998855036704698
1.	0.9999999985784066	0.999998632331335	0.9998661372256625
1.	0.9999999991067176	0.9999992536072314	0.9999179743570435
0.9999999999999999	0.9999999986074027	0.9999986400841562	0.9998937952665446
1.	0.9999999989089922	0.9999988122541658	0.99988954782667
1.0000000000000002	0.9999999991755164	0.9999991569795408	0.999927055308734
0.9999999999999999	0.9999999985861588	0.9999986317049003	0.9998714887786093
0.9999999999999999	0.9999999985019715	0.9999986057329429	0.9998961140341558
0.9999999999999999	0.9999999994615774	0.9999994399329277	0.9999502438450888
0.9999999999999999	0.9999999986292343	0.9999986674885797	0.9998919910911368
0.9999999999999999	0.9999999987604387	0.9999988275690598	0.9998982451172536
0.9999999999999998	0.9999999994604252	0.9999994727617706	0.9999497582798935
0.9999999999999999	0.999999998482414	0.999998605631185	0.999893911850601
0.9999999999999999	0.9999999988204397	0.9999987663701226	0.9998631596094608
1.	0.9999999984316819	0.9999986093115022	0.9998961887847907
0.9999999999999999	0.9999999987340159	0.999998859434586	0.9999123542702296
0.9999999999999997	0.9999999987569034	0.9999988094618745	0.9998801230505271
0.9999999999999996	0.9999999983432762	0.9999986529843393	0.9998466044598066
0.9999999999999997	0.9999999984789464	0.9999987391326582	0.9998919037972248
0.9999999999999999	0.9999999985279218	0.9999986923126806	0.9998981337652053
0.9999999999999999	0.9999999991743956	0.9999991293888781	0.9999273853181799
0.9999999999999999	0.9999999984256615	0.9999984688585587	0.9998763566081371
0.9999999999999999	0.9999999984775384	0.9999986546612006	0.9998923682200828
0.9999999999999999	0.9999999989185074	0.9999986499141847	0.9998879531300704
0.9999999999999998	0.9999999993891581	0.9999994527676846	0.9999486234280784
0.9999999999999998	0.9999999987056265	0.9999988622343285	0.9999189311677259
1.	0.9999999986476784	0.9999987846070718	0.9999038810474601
0.9999999999999998	0.9999999987091962	0.9999985938792321	0.9998822795445548
1.	0.9999999984743052	0.9999985254250289	0.9998829705156941
0.9999999999999998	0.9999999985514372	0.9999987726635898	0.9998961625372979
1.	0.9999999983731112	0.9999985945956522	0.9998862936485027
0.9999999999999998	0.9999999994549343	0.9999994719124111	0.9999439749502481
0.9999999999999999	0.9999999986880366	0.9999988630098209	0.9998906087214328
0.9999999999999999	0.9999999984039734	0.9999984832725404	0.9998924658545151
0.9999999999999999	0.9999999985583525	0.9999987235619524	0.9998947701419357
0.9999999999999997	0.999999998521691	0.9999986899666276	0.9998764540404955
0.9999999999999999	0.9999999983442115	0.9999983462191295	0.9998753504456854
0.9999999999999996	0.9999999987926155	0.9999985339379228	0.9999102443132292
0.9999999999999998	0.999999998747849	0.9999987729184047	0.9998941434279236
0.9999999999999999	0.9999999989546796	0.999998890159626	0.9999069763020447
0.9999999999999999	0.9999999987329387	0.9999988857750122	0.9999147381395176
1.	0.9999999993412356	0.9999993079885082	0.9999415299245595
0.9999999999999997	0.9999999984760214	0.9999988482142674	0.999899696742121
0.9999999999999999	0.999999998976028	0.9999990189686003	0.9999139983169344
0.9999999999999999	0.9999999983576054	0.9999985306117699	0.9998831236550089
0.9999999999999998	0.9999999984242351	0.9999988573230321	0.9999001118609139
0.9999999999999998	0.9999999986379389	0.9999985281534639	0.9998657221934725
1.	0.9999999997084918	0.9999997102380256	0.9999772209412819
0.9999999999999999	0.9999999993942987	0.9999993958905838	0.9999518804658577
0.9999999999999997	0.9999999986505858	0.999998785877756	0.9998950151394213
1.	0.9999999989780715	0.9999990012977332	0.9999035361357514
0.9999999999999997	0.9999999985954913	0.9999986473823582	0.9998969666853637
0.9999999999999997	0.9999999998178035	0.9999998238604393	0.9999858734899317
0.9999999999999997	0.9999999990180599	0.9999989280410224	0.9999103889251707
0.9999999999999998	0.9999999992085133	0.9999991670418883	0.9999146454070409
0.9999999999999997	0.9999999990209999	0.9999990544842131	0.9999241800672583
0.9999999999999998	0.9999999986262714	0.9999988164856737	0.9998734702683446
0.9999999999999999	0.9999999985551646	0.9999989505056864	0.9998957522670044
0.9999999999999999	0.9999999991311139	0.9999991512750975	0.9999355727503598
0.9999999999999999	0.9999999985238713	0.9999986986593582	0.9999065328400883
0.9999999999999997	0.9999999991731064	0.999999248486555	0.9999210980785407
1.	0.9999999998433209	0.9999998465943756	0.9999885969769765
0.9999999999999997	0.9999999986359139	0.9999987732397503	0.9998575023345946
0.9999999999999997	0.9999999985823764	0.9999984683578966	0.9998880799979343
0.9999999999999998	0.9999999995941717	0.9999996354924009	0.9999714059324705
0.9999999999999998	0.9999999985035083	0.9999986482522625	0.9998910410427103
1.	0.9999999983920811	0.99999841635835	0.9998640604042971
0.9999999999999998	0.9999999983797797	0.9999985494930632	0.99988524239913
0.9999999999999999	0.9999999990271138	0.9999990963885553	0.9999088662749939
0.9999999999999999	0.9999999985978538	0.9999988065104051	0.9999091408443527
1.	0.9999999989342331	0.9999989212273342	0.9998965021989651
0.9999999999999997	0.999999999021994	0.9999990678351911	0.9999284352108128
0.9999999999999999	0.9999999988926122	0.9999990896631054	0.9998743860521988
0.9999999999999997	0.9999999987916123	0.9999987942241206	0.9998972218857906
1.	0.9999999986625119	0.9999987722794441	0.9999003450542219
1.	0.9999999993500642	0.999999371727732	0.9999390231439156
0.9999999999999999	0.9999999984301269	0.9999986421842675	0.9998751900856839
0.9999999999999998	0.9999999994464122	0.9999995201950175	0.9999585325457243
0.9999999999999999	0.9999999994235599	0.9999994767424759	0.9999471871295317
1.	0.9999999983861204	0.9999983668506325	0.999865255850955
0.9999999999999996	0.9999999985058333	0.9999986769069069	0.9998997425114797
1.	0.9999999983645179	0.9999985894981416	0.9998604843557313
0.9999999999999997	0.9999999987965493	0.9999988523866041	0.9998906884854497
0.9999999999999999	0.9999999983942899	0.9999985240574447	0.999888441885129
0.9999999999999998	0.9999999987198332	0.99999886362537	0.9999062939026564
0.9999999999999997	0.9999999988119189	0.999998228456813	0.999909834058611
0.9999999999999999	0.9999999982820451	0.9999985299816146	0.9998846396152195
0.9999999999999998	0.9999999988510393	0.9999989599077241	0.9998992581517284
0.9999999999999999	0.9999999984250627	0.9999984488763443	0.999865935327239
0.9999999999999997	0.9999999990283236	0.9999991423565147	0.9999197327747864
1.	0.9999999983817938	0.9999985734189338	0.9998892198989371
1.	0.9999999994582344	0.9999993931530237	0.999952275985077
1.	0.9999999990152401	0.9999990480244345	0.9999075437143787
1.	0.9999999986030383	0.9999986813692023	0.9998983288814037
1.	0.999999998592538	0.9999987033875403	0.9998905929323122
0.9999999999999998	0.9999999985297626	0.9999986478907809	0.9998994520719392
0.9999999999999997	0.9999999986188064	0.9999986491581394	0.9999087907556186
0.9999999999999999	0.999999998874598	0.9999988435592994	0.9998901568070864
0.9999999999999996	0.999999998815899	0.9999988892198916	0.9999091335490832
0.9999999999999997	0.9999999986927505	0.9999988283158111	0.9999065035139284
0.9999999999999997	0.9999999985982225	0.9999987960076046	0.9999132403659782
1.	0.9999999985676626	0.9999987443082693	0.9999104262357716
1.	0.9999999988846676	0.9999988144780706	0.9999043000419199
0.9999999999999997	0.9999999986200979	0.999998653219229	0.9999012616077608
0.9999999999999998	0.9999999987115092	0.9999988233203972	0.9999117969964514
0.9999999999999997	0.9999999989577386	0.9999988525930104	0.9999021599880872
0.9999999999999999	0.999999999613791	0.9999996785624812	0.9999688442569414
0.9999999999999998	0.999999998419645	0.999998508309795	0.9998771566601246
0.9999999999999999	0.999999999261247	0.9999992656956422	0.9999260823514253
1.	0.9999999984049182	0.9999984704575301	0.9998597990393454
1.	0.9999999983806059	0.9999984327952843	0.9998790864970872
0.9999999999999997	0.9999999986665299	0.9999986057241093	0.9998767594867222
0.9999999999999997	0.9999999984005965	0.9999982703102439	0.9998445270583051
0.9999999999999998	0.9999999986452487	0.9999985378703337	0.9998733299338052
1.	0.9999999984221773	0.9999984325673287	0.9998659660187316
1.	0.9999999985842745	0.9999986284453566	0.9998962222458273
0.9999999999999998	0.9999999984625845	0.9999986065006764	0.9998927486242651
0.9999999999999999	0.9999999987893863	0.9999988594594386	0.9999023483004325
1.	0.999999998751408	0.9999988708752817	0.9999042602787399
0.9999999999999998	0.9999999983065803	0.9999985308859926	0.9998759514627501
1.	0.9999999988950344	0.9999989086925353	0.9998966724100272
0.9999999999999999	0.9999999997181455	0.9999997025787103	0.9999757685806365
1.0000000000000002	0.9999999993478037	0.9999993567865723	0.9999430611303696
0.9999999999999998	0.9999999985502606	0.9999987472991443	0.9998829465238785
0.9999999999999998	0.9999999993223393	0.9999993045425365	0.999934798515334
0.9999999999999997	0.9999999988032007	0.99999891885562	0.9998949035106138
0.9999999999999998	0.9999999986501596	0.999998671169943	0.9999010965027934
0.9999999999999998	0.9999999990808099	0.9999991522890783	0.99992826960737
1.0000000000000002	0.9999999984724878	0.9999986444539317	0.9998875763554379
0.9999999999999999	0.9999999989697071	0.9999989685338806	0.9998291784069482
0.9999999999999999	0.9999999986552094	0.9999987182333501	0.9998822423171637
1.	0.9999999989374513	0.9999988641823168	0.9999056160152593
0.9999999999999999	0.9999999982719943	0.9999985209447404	0.9998944810855994
1.	0.9999999986560953	0.9999986536684066	0.9998885690199095
0.9999999999999998	0.999999998568367	0.9999988556889381	0.999908161588374
0.9999999999999999	0.9999999984181243	0.9999984793259397	0.999882604282697
0.9999999999999998	0.9999999986952303	0.9999988219036435	0.9999056890988264
0.9999999999999998	0.9999999986144817	0.9999987469740836	0.9998864711155875
1.	0.9999999992290477	0.9999992175231701	0.9999339525419886
1.	0.999999998537002	0.9999988240831275	0.9998754828665077
0.9999999999999997	0.9999999987913436	0.9999990617296933	0.999913640641216
1.	0.9999999989409087	0.9999989110525663	0.999902377225353
0.9999999999999998	0.999999998581531	0.9999986797156604	0.9998943438519236
0.9999999999999998	0.9999999987797378	0.9999988347164148	0.9999045091073532
0.9999999999999998	0.9999999989750865	0.9999990022964459	0.9999052193105527
1.	0.9999999990030056	0.9999989587257719	0.9999026898723253
0.9999999999999998	0.9999999993129778	0.9999992126647338	0.9999356033754534
0.9999999999999999	0.9999999983183919	0.9999985645727818	0.9998904264946293
0.9999999999999999	0.9999999985450734	0.9999987449092455	0.9999101032093715
0.9999999999999999	0.9999999984125886	0.9999986382274939	0.9998662294813627
1.	0.9999999991882986	0.9999993045953771	0.9999454537574546
1.	0.9999999981170375	0.9999982213795579	0.9998341850051269
1.	0.9999999985658564	0.9999986724777848	0.9998718374363881
0.9999999999999998	0.9999999992097454	0.9999992680646813	0.9999281786533422
1.	0.999999998855243	0.9999990965861556	0.9999073848582335
0.9999999999999998	0.999999998754149	0.9999984376855019	0.999843604090672
0.9999999999999999	0.99999999839579	0.9999986038065655	0.9998916651907428
0.9999999999999998	0.9999999990596047	0.9999990789245752	0.9999145979452566
1.	0.9999999988539132	0.9999988129735125	0.999898419308244
1.	0.9999999989682946	0.9999991007067098	0.9999282287966859
0.9999999999999997	0.9999999984768163	0.9999986691723074	0.9998922323105406
0.9999999999999998	0.9999999986557233	0.9999987688197224	0.9998808622396659
0.9999999999999998	0.9999999990618802	0.9999991699476912	0.9999269335689742
0.9999999999999998	0.9999999989877353	0.9999989550817817	0.99989369180628
0.9999999999999999	0.9999999990667574	0.9999990607991741	0.9999015097486116
1.	0.999999998621081	0.9999987491553918	0.9998724955413937
0.9999999999999998	0.9999999988033674	0.9999985805284477	0.9998768046217172
0.9999999999999999	0.9999999990795377	0.9999991327231614	0.999911320826082
0.9999999999999996	0.9999999989057647	0.9999988224161559	0.9998961746260858
0.9999999999999998	0.9999999986638008	0.9999987871210272	0.9999099199524527
0.9999999999999997	0.9999999987867483	0.9999988504033674	0.9998963063735729
0.9999999999999998	0.9999999990820321	0.9999992093417044	0.9999207360311443
0.9999999999999999	0.9999999990558558	0.9999986201897156	0.9998849204827909
0.9999999999999997	0.9999999990618504	0.9999993190725561	0.9999496575403327
1.	0.9999999989267698	0.9999988193503601	0.9999077795579839
1.	0.9999999990591965	0.999998961599628	0.9999121610769024
0.9999999999999999	0.9999999982966388	0.9999986229666952	0.9998689185305141
1.0000000000000002	0.999999998858689	0.9999989131205274	0.9998957408064126
0.9999999999999998	0.9999999984955483	0.9999985791963805	0.9998593379755505
0.9999999999999999	0.9999999992988028	0.9999992051707103	0.9999283069693008
0.9999999999999998	0.9999999993832024	0.9999992876314915	0.9999435714752969
0.9999999999999996	0.9999999993948283	0.9999993638609127	0.9999496440569976
0.9999999999999997	0.9999999995129731	0.9999994677081001	0.9999558011613832
1.	0.9999999986740157	0.9999986358628524	0.9998951172324211
0.9999999999999999	0.9999999986735221	0.9999988448533205	0.9999066011341589
0.9999999999999999	0.99999999964212	0.9999996423592835	0.9999692087522951
0.9999999999999999	0.9999999982146716	0.9999982989780865	0.9998501093084552
1.	0.9999999986354281	0.9999988465896501	0.9998799572023424
0.9999999999999999	0.9999999988308431	0.9999988826404099	0.9999149628615587
0.9999999999999999	0.9999999987079004	0.9999988379667087	0.9998968610960001
0.9999999999999996	0.9999999986805251	0.9999988133279569	0.9998869807631251
0.9999999999999998	0.9999999986286892	0.9999988622398367	0.9999005545887719
0.9999999999999998	0.9999999992235382	0.9999992388001651	0.999931273990609
0.9999999999999996	0.9999999987084918	0.9999987478091287	0.9998868987663538
0.9999999999999998	0.9999999985373984	0.999998658439815	0.9998966151664467
0.9999999999999999	0.999999998661623	0.9999985460671797	0.9998683050274566
1.	0.9999999987378868	0.9999986724512256	0.9999134049212152
0.9999999999999997	0.9999999986837979	0.9999987948765506	0.999884601545964
0.9999999999999997	0.9999999991670436	0.9999993076457805	0.9999276756856234
1.0000000000000002	0.9999999984387943	0.9999985804102365	0.9998917767190562
0.9999999999999998	0.9999999987177689	0.9999987319477777	0.9998840760846731
0.9999999999999999	0.9999999990606475	0.9999990305607842	0.9999141867452209
0.9999999999999999	0.9999999984785928	0.9999986458569795	0.9998945590100446
0.9999999999999998	0.9999999991092664	0.9999991679603262	0.9999185613058682
0.9999999999999999	0.9999999986581019	0.999998801194047	0.9999027321177668
0.9999999999999997	0.999999998479461	0.9999987074883745	0.9998968270213409
0.9999999999999998	0.9999999994219301	0.9999994384230542	0.9999489410426223
0.9999999999999997	0.9999999990283541	0.999999111267133	0.9999133859161182
1.	0.9999999986882029	0.9999987510587167	0.999891277977546
0.9999999999999999	0.999999998315189	0.9999983645961286	0.9998433341104082
1.	0.9999999985245344	0.999998508786333	0.999883590737413
0.9999999999999999	0.9999999983831714	0.9999985412119269	0.9998889840444097
0.9999999999999999	0.9999999984303656	0.99999859061142	0.9999013865629863
1.	0.9999999992592458	0.9999993150199433	0.9999278894882475
0.9999999999999997	0.9999999984484236	0.9999986368344357	0.9998678396271609
0.9999999999999999	0.99999999959615	0.9999996423023993	0.999965992164224
0.9999999999999997	0.9999999987476595	0.9999986584690059	0.9998891942986502
0.9999999999999998	0.9999999985138582	0.9999986177210766	0.999877015430046
1.	0.9999999996436211	0.9999996629546168	0.9999760370643304
0.9999999999999998	0.9999999986408259	0.9999988030469041	0.9999065929174323
0.9999999999999998	0.9999999984245856	0.9999987378239265	0.9999016698785355
1.	0.999999998918444	0.999998956196081	0.9999021701831162
0.9999999999999998	0.9999999982845214	0.999998440799872	0.9998759194288597
1.0000000000000002	0.9999999988461449	0.9999988789981035	0.9998787002188246
0.9999999999999998	0.9999999992390595	0.9999992215056048	0.9999294867950407
1.	0.9999999991701437	0.9999989969236385	0.999923202329015
1.	0.9999999994839186	0.9999995234529796	0.9999601242619703
0.9999999999999997	0.9999999988338082	0.9999988307109777	0.9999024298088409
0.9999999999999998	0.999999998992132	0.9999988709597936	0.9999142429586935
0.9999999999999998	0.9999999990109899	0.9999989120999299	0.9999196043881966
0.9999999999999999	0.9999999987702605	0.9999986814986369	0.9998637541799199
1.	0.999999999436148	0.9999993592168732	0.999952398833024
0.9999999999999999	0.9999999985007934	0.9999986182078747	0.999875716265462
0.9999999999999999	0.9999999996244603	0.9999996185758786	0.999966254880512
1.	0.9999999983869821	0.9999985690580213	0.9998920953601783
0.9999999999999999	0.9999999984065988	0.9999985445759011	0.999895105901015
0.9999999999999998	0.9999999985653563	0.9999987282264882	0.9999031349786157
1.	0.999999998947696	0.9999990410348119	0.9998992467967758
1.	0.9999999991655656	0.9999990327856337	0.9999190830473683
0.9999999999999999	0.9999999986327666	0.9999986940918892	0.9998961500865354
0.9999999999999998	0.9999999989501441	0.9999990685055596	0.999912511497761
1.0000000000000002	0.9999999993197318	0.999999372492814	0.9999431371705136
0.9999999999999999	0.9999999988028871	0.9999986647898109	0.9998863895924205
0.9999999999999999	0.9999999991171385	0.9999990043159164	0.999909455373869
0.9999999999999998	0.9999999985470112	0.9999987735807615	0.9999060589935224
0.9999999999999999	0.9999999984468324	0.9999985479117977	0.9998813314237502
0.9999999999999999	0.9999999992782799	0.999999258312471	0.9999367951384889
0.9999999999999997	0.9999999993499815	0.9999993937426288	0.9999544524726401
0.9999999999999999	0.9999999986066278	0.9999989703581971	0.9999150718974791
0.9999999999999998	0.9999999986774848	0.9999989267350153	0.9999139238802272
1.	0.9999999988920532	0.9999987652633742	0.9998788581855029
0.9999999999999999	0.9999999985746976	0.9999987386829216	0.9999063796511843
0.9999999999999999	0.9999999990080215	0.9999989995063724	0.9999052725378422
0.9999999999999998	0.9999999984004415	0.9999984036857889	0.9998732284233736
0.9999999999999999	0.9999999985884208	0.9999988191877719	0.9998723116269439
0.9999999999999996	0.9999999983762496	0.9999983086338803	0.9998704721862232
0.9999999999999999	0.9999999985821283	0.9999986330554191	0.9998601584914217
0.9999999999999999	0.9999999984221328	0.9999986718542613	0.9999018667487848
0.9999999999999999	0.9999999988323014	0.9999988683669715	0.9998988726529585
1.	0.9999999993529486	0.9999994067233264	0.9999449363116746
0.9999999999999998	0.9999999989756663	0.9999991022469654	0.9998991325830797
0.9999999999999997	0.9999999988815069	0.9999987392678054	0.999897263528832
0.9999999999999999	0.9999999989110537	0.9999991410561677	0.9999067029926488
0.9999999999999999	0.9999999988202255	0.9999989441277557	0.9998971815355833
0.9999999999999997	0.9999999987549283	0.9999986337884513	0.9998766671145014
0.9999999999999998	0.9999999984391251	0.9999985941150225	0.9998943400906801
0.9999999999999999	0.9999999985371636	0.9999986031703968	0.9998843309957904
1.0000000000000002	0.9999999985782938	0.9999988226335761	0.9999003557301664
1.	0.9999999989463509	0.9999990375898077	0.9998955936607148
0.9999999999999997	0.9999999989060239	0.9999990052510574	0.9998911429555873
0.9999999999999999	0.9999999987271151	0.9999987893029912	0.9998935201734634
0.9999999999999999	0.9999999991949546	0.9999991620810073	0.9999187284202931
0.9999999999999999	0.9999999985180991	0.9999988058374722	0.9999012199699044
1.0000000000000002	0.999999999354404	0.9999993491548819	0.9999441376146472
0.9999999999999999	0.999999999489413	0.999999496578733	0.9999523545513188
0.9999999999999999	0.9999999982819175	0.999998613101842	0.9998889876102234
1.	0.9999999990572117	0.9999990342494353	0.9999106094215069
0.9999999999999998	0.9999999984704746	0.9999986801627898	0.999902608977713
1.	0.999999998743637	0.9999989487116545	0.9999141058706227
1.	0.9999999984338427	0.9999985591292604	0.999887507175961
0.9999999999999999	0.9999999989105464	0.9999988285273274	0.9998864695577375
1.	0.9999999989729864	0.9999991598316148	0.9999245839505314
1.	0.9999999992002316	0.9999991877886296	0.9999319083532382
0.9999999999999998	0.9999999989690033	0.9999991106063583	0.9999164257849324
0.9999999999999999	0.9999999984643663	0.9999986595180756	0.9998915182307132
1.	0.9999999989034792	0.9999987238297098	0.9998797301855293
0.9999999999999999	0.9999999984375029	0.9999985028128138	0.9998711870193101
0.9999999999999998	0.9999999990315293	0.9999988792963784	0.9999218502314169
0.9999999999999999	0.9999999989899563	0.9999991650215038	0.9999220845733577
0.9999999999999998	0.9999999987333353	0.9999988545001756	0.9998927185073367
0.9999999999999996	0.9999999992032588	0.9999991452173704	0.9999199674519701
1.	0.9999999985344928	0.9999984449185324	0.999884596196215
0.9999999999999998	0.9999999987934993	0.9999989334310915	0.9999176322532298
0.9999999999999998	0.9999999985335349	0.9999986640079639	0.9998930765700281
0.9999999999999999	0.9999999988017159	0.9999988165109233	0.9998934152737664
0.9999999999999997	0.999999998863112	0.9999988548712259	0.9999029171831297
0.9999999999999998	0.9999999986778999	0.9999990173916394	0.9998530744497063
0.9999999999999998	0.999999998401039	0.999998539814859	0.999891155169378
1.	0.9999999981460448	0.9999983644066308	0.999885680201031
1.	0.9999999995049502	0.999999473643965	0.9999537245845923
0.9999999999999998	0.9999999983372732	0.9999984985913487	0.9998715834172714
1.	0.9999999996062406	0.9999995795562963	0.999962127334094
0.9999999999999998	0.9999999985620861	0.9999987465629789	0.9999044775337628
0.9999999999999998	0.9999999987661242	0.9999989084438711	0.9999216146361101
0.9999999999999998	0.9999999986969088	0.9999985882955694	0.9998860209311232
0.9999999999999998	0.9999999985266562	0.9999987396814212	0.9998963181078303
0.9999999999999999	0.999999998586343	0.999998740977938	0.9999056359618441
0.9999999999999997	0.9999999997761472	0.9999997948788818	0.9999818318006599
0.9999999999999998	0.9999999988111925	0.999999006064904	0.9998720540243076
0.9999999999999997	0.9999999986210161	0.9999985074149788	0.9998943843840423
1.	0.9999999986133234	0.9999987897413848	0.9999091155986011
0.9999999999999999	0.9999999987821263	0.9999987005815424	0.9998904327769156
1.	0.9999999984186522	0.9999983492769353	0.9998262370515326
0.9999999999999999	0.9999999996131005	0.9999996386566975	0.99996378741092
0.9999999999999998	0.9999999987245894	0.999998925233326	0.99991060746565
1.	0.9999999988861693	0.9999989574372454	0.9998895313837165
0.9999999999999999	0.9999999996963698	0.9999997333992875	0.999977086718205
0.9999999999999996	0.999999998395545	0.9999985187366286	0.9998881034902956
0.9999999999999998	0.9999999984835424	0.9999986057855352	0.9998644432679596
1.	0.9999999984248917	0.9999986464107469	0.9998920724163579
0.9999999999999999	0.9999999994476313	0.999999498348328	0.999957055626909
0.9999999999999999	0.9999999990886377	0.999999203493302	0.99992075680162
0.9999999999999998	0.9999999984804878	0.9999986866132771	0.9998937574157334
1.	0.9999999986353633	0.9999984858580113	0.9998888380460249
0.9999999999999999	0.9999999986782496	0.9999987502246459	0.9998899742989426
0.9999999999999998	0.9999999992090005	0.999999162020011	0.9999262658315499
0.9999999999999999	0.9999999984173055	0.9999985602878819	0.9998640126905659
0.9999999999999999	0.9999999987213379	0.9999986086862265	0.9998969785299344
0.9999999999999997	0.9999999985202929	0.9999984906824051	0.9998781850420366
1.	0.9999999995657703	0.9999995545844521	0.9999646304588655
1.	0.9999999982051501	0.9999984596741096	0.9998726381284269
0.9999999999999999	0.9999999990672168	0.9999991910643214	0.9999162397768393
0.9999999999999998	0.9999999993702451	0.9999994479182355	0.9999441497774997
0.9999999999999998	0.9999999986751751	0.9999987534732355	0.9998761555949637
0.9999999999999999	0.9999999987405227	0.9999988973735503	0.9999110576237387
0.9999999999999999	0.9999999987492673	0.9999987445355011	0.999883897317084
0.9999999999999998	0.9999999996075729	0.999999648781049	0.9999712460702253
0.9999999999999999	0.9999999991968465	0.9999991973352973	0.9999264142365727
0.9999999999999999	0.9999999990921385	0.9999991477230809	0.9999091950705443
0.9999999999999999	0.9999999988776378	0.9999989862257548	0.9998947328045381
0.9999999999999999	0.9999999984481551	0.9999987459064178	0.9999023858913861
1.	0.9999999983955674	0.9999985280008522	0.9998617954101722
1.	0.9999999984268764	0.9999985651232053	0.9998823664416924
0.9999999999999999	0.9999999982836523	0.9999983066188332	0.9998685488352728
0.9999999999999999	0.9999999984416055	0.9999987808716867	0.9999094873289914
1.	0.9999999989012809	0.9999989517156676	0.999895151639783
0.9999999999999999	0.9999999988001124	0.9999990416329548	0.9999103753454146
0.9999999999999999	0.9999999994269565	0.999999474580756	0.9999500280862603
0.9999999999999998	0.9999999985663983	0.9999987381371431	0.9999047507484653
1.	0.9999999986978446	0.9999987244912968	0.999895885335542
0.9999999999999998	0.9999999986435262	0.9999986452319285	0.9998912746767133
0.9999999999999999	0.9999999990699583	0.999999077511134	0.9999313850599992
0.9999999999999998	0.9999999990439502	0.9999990516621878	0.9999007298820171
1.0000000000000002	0.9999999988395193	0.9999986956573775	0.9999108911025523
1.	0.9999999989750873	0.9999989368423433	0.9999132269659424
1.	0.9999999990619839	0.9999989346584811	0.9999205484459249
0.9999999999999999	0.9999999991468943	0.9999991821327948	0.9999202144939944
0.9999999999999999	0.9999999983860466	0.9999986240560685	0.9998875138274825
0.9999999999999999	0.9999999984239801	0.9999986514014093	0.9998881316438484
1.	0.9999999996006855	0.9999996484418636	0.9999701335736928
0.9999999999999999	0.9999999984899304	0.9999987501599604	0.9998965715971444
0.9999999999999999	0.9999999991724261	0.9999992381206877	0.9999285343774665
0.9999999999999999	0.9999999986443945	0.9999987070914512	0.9999053294314324
0.9999999999999999	0.9999999985564575	0.9999987038960214	0.9998996717468481
0.9999999999999999	0.9999999987477499	0.9999987005222496	0.9999036160316798
0.9999999999999998	0.9999999984462726	0.9999987442548627	0.9998970331582525
0.9999999999999998	0.99999999881906	0.9999987127928309	0.999885719932056
0.9999999999999998	0.9999999991054924	0.9999989983065254	0.9999153224518611
0.9999999999999998	0.999999998466484	0.9999986644883752	0.9998880737343951
0.9999999999999998	0.9999999986320809	0.9999985475073703	0.9998752503519139
0.9999999999999997	0.999999999060177	0.9999990403738863	0.9999176467496037
1.	0.9999999986127259	0.9999986594778142	0.9998729466412783
1.	0.9999999984178934	0.9999986880823584	0.9998864825080603
1.0000000000000002	0.9999999995635226	0.9999995748395489	0.9999602944496612
1.	0.999999998488503	0.9999986636465196	0.9998960590619221
0.9999999999999996	0.9999999986117395	0.9999987225981792	0.9999042430126325
0.9999999999999996	0.999999998514544	0.999998631580557	0.9998958436037213
0.9999999999999998	0.9999999985547674	0.9999986976557077	0.9998913835156218
1.	0.9999999988893431	0.9999988558757047	0.9998978435022493
0.9999999999999999	0.9999999988081008	0.9999989682866469	0.999910383454524
1.	0.9999999987760143	0.9999986478072581	0.999903532617517
1.	0.9999999992712046	0.999999230045006	0.9999363937604582
0.9999999999999998	0.9999999986547711	0.9999987253627358	0.9998954403931045
0.9999999999999997	0.9999999986272649	0.9999985201301247	0.9998845816990279
1.	0.9999999985922814	0.9999989477528369	0.9999015463694013
1.	0.9999999985054969	0.9999987871177362	0.99992161419171
0.9999999999999998	0.9999999986239158	0.99999879525071	0.999916359723628
1.	0.9999999982546592	0.9999983755302446	0.999861624808644
1.	0.9999999988754834	0.999998802358744	0.999907720077529
0.9999999999999999	0.9999999987273971	0.9999989540389391	0.99990167819669
0.9999999999999999	0.9999999986145057	0.9999987375683511	0.9998857462607819
1.	0.9999999991150054	0.999999006794309	0.9999161521901279
1.	0.9999999987539593	0.9999987192569983	0.999871462452443
0.9999999999999998	0.9999999989793359	0.9999989484112859	0.9998921947719752
1.	0.9999999988130253	0.9999988989590364	0.9998871672145416
0.9999999999999998	0.9999999995011597	0.999999516003124	0.9999558137632609
0.9999999999999999	0.9999999986980592	0.999998717952835	0.9998816930615015
0.9999999999999997	0.9999999985819632	0.9999988025434753	0.9998991761746597
1.	0.9999999986311983	0.9999987032659411	0.9999010843604784
0.9999999999999998	0.9999999982905038	0.9999985314413994	0.9998652558013468
0.9999999999999999	0.9999999983180065	0.9999984176805218	0.999866153053269
0.9999999999999999	0.9999999985849695	0.9999986936454887	0.9999012407459994
1.	0.9999999984688718	0.9999985292729001	0.9998805133346942
0.9999999999999999	0.9999999984193784	0.9999984565629351	0.9998727701238384
0.9999999999999998	0.9999999986986248	0.9999987392922146	0.9998968876136475
0.9999999999999999	0.9999999988823536	0.9999990895031823	0.9998893977912455
0.9999999999999999	0.9999999987570607	0.9999987910747038	0.9998897507804447
0.9999999999999998	0.9999999993401049	0.9999992612992931	0.9999453362602904
0.9999999999999998	0.99999999902487	0.9999988602676975	0.9999041525914105
0.9999999999999997	0.9999999987924906	0.999998953737974	0.9999179966708452
0.9999999999999999	0.9999999985079202	0.9999987142266625	0.9998934200007706
0.9999999999999999	0.9999999987481233	0.9999989412612321	0.999894607127488
0.9999999999999998	0.9999999983972347	0.9999985502408116	0.9998973129557109
0.9999999999999998	0.999999998665819	0.9999988956769919	0.999918181401006
0.9999999999999998	0.9999999988556516	0.999998815695406	0.9998895752229666
0.9999999999999998	0.9999999986443067	0.9999986930923034	0.9998752897950893
0.9999999999999999	0.9999999991368742	0.9999989610152751	0.9999151778193837
0.9999999999999998	0.999999999020741	0.9999989966615891	0.9998950817454351
0.9999999999999999	0.9999999986000517	0.9999986638684266	0.9998885949634838
0.9999999999999998	0.9999999988142485	0.9999985451311904	0.9998810998420441
1.	0.9999999986955074	0.9999988367466316	0.9999007613613139
0.9999999999999997	0.9999999984939615	0.9999987272615083	0.9999028139707654
0.9999999999999999	0.9999999991749079	0.9999991590517462	0.9999199951916637
0.9999999999999998	0.9999999994411857	0.9999994808562302	0.9999442307972275
0.9999999999999999	0.9999999984508636	0.9999987039175171	0.9998928791477953
1.	0.9999999988075289	0.9999987507030875	0.9998859237743004
0.9999999999999999	0.9999999986360832	0.9999987735531497	0.9998783533140719
1.	0.9999999989370704	0.9999989236426967	0.9999159550640178
1.	0.9999999988914763	0.9999991244173373	0.999895238022039
0.9999999999999997	0.9999999990324031	0.9999990894730222	0.9999253137015406
0.9999999999999999	0.9999999990594252	0.9999988479080562	0.9998993961580052
1.	0.9999999985828711	0.999998812263238	0.9998984660146891
1.	0.9999999984393446	0.9999987230240263	0.9998605123856035
1.	0.9999999987462586	0.9999987274056509	0.9998914550992646
1.	0.9999999988347218	0.9999988948068571	0.9999088780238254
0.9999999999999998	0.9999999985362118	0.9999986698346176	0.9998825197854534
0.9999999999999999	0.9999999985393762	0.9999987527974353	0.9999002534792795
0.9999999999999999	0.9999999985325453	0.9999987755639261	0.9999094601981681
0.9999999999999999	0.9999999988171211	0.9999986747268436	0.9998726844001399
0.9999999999999996	0.9999999985745329	0.9999987653599645	0.9998844848000177
0.9999999999999996	0.9999999989640851	0.9999990775626044	0.9999092597085264
1.0000000000000002	0.9999999987016515	0.999999047273789	0.9999019803140863
0.9999999999999999	0.999999999015209	0.9999979891621077	0.9998221461282324
0.9999999999999999	0.9999999994997848	0.9999995026605981	0.9999585063826918
1.	0.9999999989389049	0.9999989117654284	0.999886174724399
0.9999999999999999	0.999999998340004	0.9999985049856686	0.9998931608790903
0.9999999999999999	0.9999999982903341	0.9999986002875192	0.999887604337575
0.9999999999999997	0.9999999985669862	0.9999987039355318	0.9999048611632398
0.9999999999999998	0.9999999990526526	0.9999992342520444	0.999911831600697
0.9999999999999999	0.9999999984708667	0.9999986976072693	0.9998912103099274
0.9999999999999999	0.9999999987164419	0.9999988641494872	0.9998980110400622
0.9999999999999997	0.9999999983803692	0.9999985409657585	0.9998769623450099
0.9999999999999999	0.999999999585873	0.9999996106299988	0.9999616862595616
0.9999999999999999	0.9999999985877518	0.9999986619020871	0.9998836927041156
0.9999999999999997	0.9999999993802468	0.9999993500581419	0.9999490482540153
0.9999999999999999	0.9999999995759161	0.9999995826584437	0.9999620166212606
1.	0.999999998636341	0.9999987734277115	0.9998846774398774
0.9999999999999998	0.9999999985111504	0.9999986220666917	0.9998926142536387
0.9999999999999999	0.999999998473651	0.999998496193662	0.9998741343937275
0.9999999999999998	0.9999999983268636	0.9999985661825784	0.999894852320666
0.9999999999999997	0.9999999987361058	0.9999988301270719	0.9998823137977544
1.	0.9999999985670404	0.9999987190931707	0.999903853777749
0.9999999999999998	0.9999999990113445	0.9999990737775789	0.9999147572607106
0.9999999999999999	0.9999999987055056	0.9999985690795558	0.9998717163223574
1.	0.9999999987138687	0.9999987282719519	0.9998887810926329
0.9999999999999996	0.9999999985984108	0.9999988008168172	0.9999029977568734
1.	0.9999999984610066	0.9999986148555473	0.9998961316091856
0.9999999999999998	0.9999999983586522	0.9999984754066491	0.99988424733102
0.9999999999999997	0.9999999990339147	0.9999990538397048	0.9999153637662926
0.9999999999999998	0.9999999986624597	0.9999987523685291	0.9998938480771156
1.	0.9999999983795018	0.9999983446205086	0.9998497258000125
0.9999999999999999	0.9999999985315579	0.9999985520299345	0.999907106603776
0.9999999999999997	0.9999999988635311	0.9999988921982255	0.9998905112433104
0.9999999999999999	0.9999999984138107	0.9999984796963144	0.9998732304527062
1.	0.9999999994620307	0.9999994439201789	0.9999482801259263
1.	0.9999999986115188	0.9999985492669835	0.9998634900183686
0.9999999999999998	0.9999999989077085	0.9999989424461952	0.99989527343393
0.9999999999999997	0.9999999983437647	0.999998620907939	0.999859543615574
0.9999999999999998	0.9999999987499025	0.9999988012722901	0.9999057795190841
0.9999999999999999	0.9999999993769156	0.9999992803725579	0.9999471894434573
0.9999999999999998	0.9999999985610805	0.9999982349116925	0.9999034918518427
1.	0.9999999994385577	0.9999993721927255	0.9999417862411621
1.	0.9999999993203714	0.999999321346541	0.9999311442757463
0.9999999999999999	0.9999999991009894	0.9999992401015803	0.9999315414559784
0.9999999999999999	0.9999999995469366	0.9999995953025261	0.9999648551403282
0.9999999999999994	0.9999999985959532	0.9999987752342238	0.9999016609350553
0.9999999999999999	0.9999999989837896	0.9999989733278497	0.9999071682467151
1.	0.9999999995385478	0.9999995851896377	0.9999658594399513