0.9999999564818138	0.9999864697839363	0.9998233978867167	0.9991458463058231
0.9999999493058256	0.9999842452622018	0.9998262608029325	0.9989832841422824
0.9999999487484348	0.9999847625471078	0.999855252843494	0.9991572086143539
0.9999997922660845	0.9999345032280974	0.9991860178822001	0.9940573113054169
0.9999999544754097	0.9999860598821292	0.9998530403542412	0.9992149123696092
0.9999999087204474	0.9999708439402344	0.9995830034979013	0.9976896084868064
0.9999999694371289	0.9999903674298293	0.999894293993522	0.9993820955795352
0.9999997931280716	0.9999330618544707	0.9988710819421097	0.9946236047812484
0.9999998909732308	0.9999716402666049	0.9995017391250816	0.997823504852755
0.999999815957245	0.9999350280863816	0.9992318837408297	0.9946360981982139
0.9999999742299934	0.9999922798104385	0.999908574619058	0.9994322300192409
0.9999999861908236	0.9999961634290365	0.9999560498207465	0.9997387791277972
0.9999998357395368	0.9999495854292817	0.9992932310858303	0.9964295639910802
0.999999820045211	0.9999452646095226	0.9990162756076667	0.9945224754459737
0.9999999651134732	0.9999901680363442	0.9998816765312475	0.9993661975721095
0.9999999679264271	0.9999907054763582	0.999890085272268	0.9995121648430365
0.9999999649564163	0.9999896150220071	0.9998696360073075	0.9993925437536806
0.999999975296753	0.9999928404459515	0.9999158947190726	0.9995787033000898
0.9999998867192785	0.9999589851769817	0.9995655612410977	0.9976449523780965
0.9999999380461259	0.9999793576962066	0.9997532412180588	0.9983448349268516
0.9999999705008374	0.9999918629960316	0.9999098206369548	0.9994065500524549
0.9999999795198535	0.9999941759308739	0.999928459956673	0.999594330909598
0.9999999395537468	0.9999821016924869	0.9997749587319181	0.9989114446298962
0.9999999984087254	0.9999995797714939	0.9999955098035052	0.9999776724787662
0.9999999831791001	0.9999948754036218	0.9999493385904684	0.999702725619337
0.999999942026197	0.9999799049896949	0.9997485850846267	0.9986078856801268
0.9999998838389307	0.9999622467176591	0.999530147737046	0.9980901217752146
0.9999999558940292	0.9999879285093735	0.9998209552164551	0.999114171006412
0.9999997931279346	0.999933920009597	0.9991775432528988	0.994578874825653
0.9999999252638118	0.9999770763389046	0.9997400261468331	0.99870303109298
0.9999999797998691	0.9999939165493408	0.9999280048147915	0.9996052578968535
0.999999979206584	0.9999938577462151	0.9999141872267484	0.9995986250013663
0.9999999505587313	0.9999871072167218	0.9998235469116257	0.9988106980737117
0.9999999036917305	0.9999750252841081	0.9995868310259658	0.9981601136097659
0.9999998561188457	0.9999480277264036	0.9992867934571844	0.9967261537806973
0.9999999866833201	0.9999963313148946	0.9999585054063534	0.9997794275242523
0.999999995755329	0.9999988401694362	0.9999864413485143	0.9999365251397169
0.9999999598631201	0.9999882276864861	0.999834415435401	0.9990187316730529
0.9999999477315982	0.9999845737024914	0.9998378110397212	0.998935149792831
0.9999999878015783	0.9999968338071222	0.99996406111079	0.999786439986148
0.9999999672831617	0.9999887467212157	0.9998516279746502	0.9993264170771213
0.9999999769917203	0.9999931734041466	0.9999078937200668	0.9994629922573901
0.9999999713748169	0.9999912330094347	0.9998850523137877	0.999404903451087
0.9999999358466145	0.9999798545930442	0.9997303469025749	0.998545594811774
0.9999999259014518	0.9999729282223863	0.9996943477802673	0.9979801262579316
0.9999999283357136	0.9999783509714831	0.9997206331776322	0.9986384415336135
0.9999998012006329	0.9999364981141653	0.9991039072512322	0.9937634666743393
0.9999999805603397	0.9999944158029977	0.9999258716409802	0.9995696909375478
0.9999998401097845	0.999948398156259	0.999281586087909	0.9959556547708801
0.999999972070518	0.9999910183475265	0.9998971923368521	0.9994711968991442
0.999999870827422	0.9999609333822403	0.999521397139923	0.9970690724244161
0.9999998685439878	0.9999537619885801	0.9993544395476884	0.9972269765010497
0.9999999851719221	0.999996129812736	0.9999400128394594	0.9997391534241652
0.9999999736342721	0.999992256974708	0.9999086302139195	0.9994514411403145
0.9999999316832431	0.9999783689119784	0.9997245263938258	0.998688263375146
0.9999997323685175	0.9999307898362801	0.9986864290032513	0.9937271747810342
0.9999998947188017	0.9999642042483731	0.9994793332735511	0.9974382874138119
0.9999997204088623	0.9999014593247371	0.998676670000578	0.9930865635947212
0.9999998742103047	0.9999593422830723	0.9994828011732408	0.9971285887585157
0.9999999407963365	0.9999829693283516	0.9997987976998903	0.9988515787882344
0.9999998769969728	0.9999501416578103	0.9995732644487781	0.9973878476857843
0.9999997398994814	0.9999050340595621	0.9987345748214486	0.9936606724144341
0.9999999752623027	0.9999922180533559	0.9999074501616431	0.9995398490577252
0.9999998436227444	0.9999476097665893	0.9993052533145225	0.996291194615522
0.9999999241972668	0.9999764702482202	0.9996502450029143	0.998132497270752
0.9999999368830624	0.9999802554164232	0.9996530295486826	0.9986464852060064
0.999999973254063	0.999992859620128	0.9999070130815876	0.9996295858564841
0.999999934265806	0.9999802486134782	0.9998141917577913	0.9983541955007688
0.9999998855897146	0.9999668545010024	0.9995922605407147	0.997252159444773
0.9999997849367244	0.999929076441431	0.9989361840530117	0.9951516057808819
0.9999997422698029	0.9999051639402106	0.9985148778273037	0.9936643030737041
0.999999955211493	0.99998856009645	0.9998440869421009	0.9990062674021021
0.9999999215431528	0.9999773196576558	0.9996626614056972	0.9983055681145512
0.999999957297001	0.9999892263183505	0.9998564007316787	0.99899698946379
0.9999999407443012	0.9999811189963019	0.999776518608062	0.9987277115737525
0.9999999885773118	0.9999971137388406	0.9999642962260864	0.9997995044726146
0.9999999922960541	0.9999977731612559	0.9999752079948474	0.99987216763749
0.9999998915726851	0.9999640323498656	0.999567513697158	0.9975909628665731
0.9999999558942348	0.9999871366952038	0.9998411006593882	0.9990593745650155
0.9999999262326634	0.9999775678603865	0.9997062334410196	0.9983255849306806
0.9999999036140601	0.9999697871314661	0.9995531777452634	0.9977746449084649
0.9999998878931838	0.9999695170782872	0.9993738585571379	0.9978077996825505
0.9999999706691644	0.9999909650376448	0.9998907389968185	0.9993283562401505
0.9999998931661388	0.9999704676850492	0.9995518915604445	0.9974375484224145
0.9999998879192522	0.9999704594674361	0.9995602280868986	0.9975830264935889
0.999999931779055	0.9999788795926862	0.999728379364235	0.9985810772112919
0.9999999058622268	0.999965999064223	0.9995470507514936	0.9974493458887136
0.9999999656200832	0.999989420376188	0.9998789573193634	0.9992850849256614
0.9999998574504579	0.9999567898881663	0.9994254965738489	0.997300255384218
0.9999999772755606	0.9999940199760935	0.9999132041943783	0.9995794269326171
0.9999999902120122	0.9999969942904317	0.9999702027094345	0.9998140902044306
0.9999999755361787	0.9999928750622488	0.9999022998178194	0.9995704034023687
0.9999999597038012	0.9999876686549708	0.9998602077419574	0.999149312914008
0.9999999878012973	0.9999967482146367	0.9999658571190018	0.9998043484260529
0.9999998692903528	0.9999566292423472	0.9994172754633365	0.996070135824065
0.9999999910613503	0.9999974609008995	0.9999715297866981	0.9998434596334972
0.999999940819066	0.9999822488409267	0.9997697586205891	0.9988253463580242
0.9999999763768493	0.9999928631413877	0.9999200168436715	0.9995523661416724
0.9999998555765869	0.9999476951788497	0.9992727262989557	0.9964144939109902
0.9999999687273144	0.9999903823546241	0.9998987816464101	0.9992002031703803
0.9999999632373404	0.9999884719701798	0.9998700874662361	0.9991850632969488
0.9999999507805402	0.9999850400122924	0.9998022586312617	0.9991862339452718
0.9999999924388462	0.999997965302145	0.9999754500965894	0.9998828321761636
0.9999999578836326	0.9999876014620112	0.9998441230508825	0.9992689150199001
0.9999998187716702	0.9999420747781468	0.9993670011618542	0.9963332506049796
0.9999999727170442	0.9999917497522793	0.999910963642046	0.9994071717534109
0.9999999174482417	0.9999741018588013	0.9996712536501305	0.998444471130651
0.9999998993150393	0.999973173130743	0.9996722967806349	0.9981030258583816
0.9999999133926591	0.9999714106830521	0.9996640760537983	0.9979136440854284
0.9999999062248641	0.9999702062713629	0.9996845854866855	0.9978838280916356
0.9999998200063133	0.9999380225687471	0.9993236377324793	0.9962756886319118
0.9999999529528777	0.9999857345624796	0.9997874706650967	0.9987459271921669
0.9999999548525143	0.9999870068720863	0.9998288213783472	0.9990571555693841
0.9999999686794516	0.9999910792611103	0.9998916580057009	0.999311701903261
0.9999999461982791	0.9999810526524708	0.99977013032581	0.9989074404221628
0.999999898992393	0.9999704291039571	0.9996629693906851	0.9978083858526807
0.9999999618751269	0.9999888138625119	0.9998508041951013	0.9994319753159951
0.9999999469147554	0.9999845291598877	0.9997713213802759	0.9990155399554982
0.9999999043413531	0.9999684396406754	0.9996366032220525	0.9978603811078035
0.9999998566288358	0.9999577361810823	0.9993584669315373	0.9964848361765639
0.999999943997598	0.999983517039366	0.9998013243120705	0.9986780985421171
0.9999999490576538	0.9999858173780917	0.9998072574971925	0.9986451982718632
0.9999999602665176	0.9999875254179362	0.9998261020438505	0.9989997153713631
0.9999999418282308	0.9999838868364713	0.9998125363927657	0.9989903127964533
0.9999999497450655	0.9999836544840045	0.9997846157835999	0.9991787282154069
0.9999999780654133	0.9999936018157694	0.9999207372596748	0.9995749289254311
0.9999999641926072	0.9999889220192261	0.9998656184001699	0.9991209872484853
0.9999999867630851	0.9999964843492608	0.9999569961815102	0.9997895314923679
0.9999998348568301	0.999943149560808	0.9992323029122735	0.9964190297782244
0.9999999898620348	0.9999969480587041	0.9999662822456798	0.9998343122848579
0.999999925776226	0.9999763260658241	0.9997114107531778	0.998277633291356
0.9999998557504142	0.999947297067353	0.9995435446515888	0.9968117633525587
0.9999998606549242	0.9999537214205844	0.9993035940680907	0.997153653409224
0.9999999847661981	0.9999960086096541	0.9999568912345703	0.9997504587465191
0.9999997637359747	0.9999195639065434	0.9991593830656953	0.9940930326384549
0.9999998125826528	0.99992652261927	0.9991457749332381	0.9956573910927884
0.999999954793995	0.9999863718079435	0.9998502062529806	0.9990821931669329
0.9999999327896606	0.9999781017223578	0.9996695876664778	0.9984233435366965
0.9999999195180379	0.9999757316774125	0.999665918674593	0.9986002569717835
0.9999998857752506	0.999962753531576	0.9994201987727338	0.9980513912506924
0.9999999519907272	0.9999864950946963	0.999820450214393	0.9988465400043866
0.999999953640917	0.9999876745167104	0.9998562784748672	0.9991424534839326
0.9999998709889019	0.9999601489591221	0.9994761230077004	0.9974099396961554
0.9999999651180422	0.9999898512146307	0.9998644218097928	0.9992633229632099
0.9999999540679921	0.9999864266054238	0.9998269319919943	0.9992024799471279
0.999999924703179	0.9999734098097282	0.9996885494032179	0.9986256867420278
0.9999999634897919	0.9999891025670914	0.9998768206394135	0.9992926606263595
0.9999999586406716	0.9999865228518557	0.999858320144078	0.9990654614158028
0.9999999438633614	0.9999810944531853	0.9997703018551826	0.9986008041843688
0.999999897891444	0.9999662386549967	0.999489182465038	0.9974627128140189
0.9999997338622368	0.9999080196400071	0.9988935041784524	0.9934906361496312
0.9999999949354802	0.999998671732525	0.9999870788207776	0.9999197250593276
0.9999999551338183	0.9999863718298597	0.9998717426118197	0.9991797308012283
0.9999999573299094	0.9999871182572525	0.9998644639889002	0.9991040291549551
0.9999999427460379	0.9999807700600267	0.9997629931228464	0.9987725357078943
0.9999999879017596	0.99999634828578	0.999956543533071	0.9997783176631588
0.9999999485296363	0.9999809205797362	0.9997543737453407	0.9987472684667922
0.9999999142814328	0.9999721353796822	0.9996309173371376	0.9985601436893297
0.9999997860850092	0.9999294025823474	0.99906774174738	0.9943310042120997
0.9999998615380905	0.9999561182595951	0.9994472780012752	0.9967437579894761
0.99999987603291	0.9999598320804277	0.99949645197831	0.997752188186117
0.9999999137929731	0.9999729008939894	0.9997242494735933	0.9984337224949487
0.9999999694340009	0.999991886820519	0.9998944494096343	0.9994317728799296
0.9999997742634921	0.9999334617757636	0.999034618019908	0.9931226441985982
0.9999997967332541	0.9999305083253833	0.9993249640326293	0.9954099169164489
0.999999864915938	0.9999611304931202	0.9994314873905286	0.9968947715424336
0.9999998947200669	0.9999712487674788	0.9993550251552796	0.9971799850359031
0.9999999236328996	0.9999803046551389	0.9996553336267072	0.9984787208960414
0.9999997812457256	0.9999334555393108	0.9989314487220906	0.9951862704652525
0.9999998969637782	0.9999670131123383	0.9995823324728985	0.9976331536079922
0.9999999822143867	0.9999950124347533	0.9999400400675786	0.9996996010727576
0.9999999780976914	0.9999932997239019	0.9999300438707313	0.9995271261877046
0.9999998771775271	0.9999580452646679	0.9994156822328972	0.9973283543167898
0.9999998620055665	0.9999566086662586	0.9995755966428287	0.9970571042596259
0.9999999053126155	0.9999681661193692	0.9996163813040105	0.9978911672307038
0.9999998451701179	0.9999388868088664	0.9993130880129244	0.9964904323066552
0.9999998368035475	0.9999518079873767	0.999293207852937	0.9960021518224123
0.9999999469172104	0.9999834182416614	0.9997755158513911	0.9991468166413078
0.9999998235328129	0.9999437237635949	0.9995715878089261	0.9962922480018533
0.9999997894126467	0.9999157289048254	0.9990584700728522	0.9943400190477838
0.9999998290233629	0.999951052257817	0.9991853161646219	0.9965768700101543
0.9999999277832341	0.9999757680960514	0.9996947948113173	0.9982850422783072
0.9999999590970079	0.9999878001822895	0.9998174938412744	0.9993168904657087
0.9999999544599194	0.9999862089142958	0.9998381983346797	0.9989281461888061
0.999999963184717	0.9999892354517771	0.9998724790588858	0.9992107479659117
0.9999999354703457	0.9999800885866296	0.9997538201872034	0.9985222170484535
0.9999999806557741	0.9999945634954676	0.9999374400139729	0.9996531119828655
0.9999999172890901	0.9999749493082062	0.9996455507362199	0.9984141206853019
0.9999998848543187	0.9999613201328915	0.9994620625227718	0.9969481987665756
0.999999980862412	0.9999952970600477	0.9999337167468532	0.9996484602341137
0.999999988326902	0.9999966801784963	0.9999659489805148	0.999785380952511
0.9999997960905048	0.9999380002538601	0.9990894981807247	0.9941758260270811
0.9999999483644741	0.9999829252210137	0.9998264730358051	0.9990774617761546
0.9999999924410404	0.9999980254740477	0.9999765446283752	0.9998674805398036
0.9999999551369602	0.9999870176935679	0.9998152325121974	0.9990409686081235
0.999999973236836	0.9999912915345746	0.9999153776286893	0.9995191383438262
0.9999997938642705	0.9999281145523399	0.9991426807929304	0.9953849646175389
0.9999999202316815	0.9999733338335757	0.9996984684355774	0.9983628305921634
0.9999999789962998	0.9999939395768659	0.9999351589048082	0.9995958081341566
0.9999999765184687	0.9999934153498012	0.9999180495266439	0.9995256880188301
0.9999999079216805	0.9999663783340755	0.9995825974867226	0.9984145091502707
0.9999998928978618	0.9999691479105642	0.9994897828553011	0.9978184269133096
0.9999999932772666	0.9999981051065441	0.9999785016057983	0.999895981821351
0.9999999845678953	0.9999957381256613	0.9999519170463909	0.9997138935314346
0.9999998556985878	0.9999634822085294	0.9991823497619534	0.9954925687391499
0.9999999852488067	0.9999957044748901	0.999950161825069	0.999767890310583
0.9999999330181863	0.9999746307786596	0.9997142389588229	0.9988498017057543
0.9999999843049132	0.9999955479325745	0.9999489634613633	0.9997352014742064
0.9999999393934134	0.9999833346773357	0.9997322623772568	0.998726336709631
0.9999999811805338	0.9999944700338113	0.9999350772140043	0.999605604477072
0.9999999332426978	0.999982793272789	0.9997550732035125	0.9986280882715325
0.9999999739609123	0.9999922879944089	0.9999070225382163	0.9994875219546884
0.9999999244389577	0.9999756776432	0.9997034673887722	0.9986073537994686
0.9999998803881045	0.9999573692357845	0.9995401029882419	0.9971884534350576
0.9999999885910754	0.9999966155606341	0.9999626312835852	0.9997859587577974
0.9999998263440246	0.999937325267873	0.9991221578179984	0.9954304607251252
0.9999999859483467	0.9999963311348314	0.9999513240300326	0.9997408165692209
0.9999999830891982	0.9999954652154115	0.9999523424361358	0.9997304334483791
0.9999998369919935	0.9999345336077069	0.9991638928649895	0.9963320963963196
0.9999999010920341	0.9999647131981149	0.9997118325211498	0.9979273472909215
0.9999998444713804	0.9999508910531131	0.9993852152394461	0.9967337090538122
0.9999998256942428	0.999933952704503	0.9991352607725544	0.995240918945547
0.9999999920159927	0.9999978799375886	0.9999753415133	0.9998718644308539
0.999999994299116	0.9999984370155397	0.9999835443645344	0.9999093693559591
0.9999998528075897	0.9999479932740046	0.999318213303334	0.9971543112248757
0.9999999959828881	0.9999989184374316	0.999987388290354	0.9999373186204475
0.9999999056514355	0.9999643057537356	0.9995195763789237	0.9978347024476654
0.9999999415431395	0.9999814443908485	0.999788071492946	0.9985842745048548
0.9999997626828382	0.9999176411493991	0.9988055318539362	0.99462920313688
0.9999999917001265	0.9999978743094853	0.9999750795719935	0.9998888317871958
0.9999998105519342	0.9999270664596503	0.9990201366072694	0.9961796398254159
0.9999996970148365	0.9999181507308231	0.9988488974475894	0.9938782804808817
0.9999997747509868	0.9999111556123113	0.9989453387150602	0.9942111412596994
0.999999979685033	0.9999941933274603	0.9999304836224945	0.999659773489969
0.9999998306734031	0.9999371515930536	0.9991678703036332	0.9953185902526736
0.9999999056854539	0.9999665643982069	0.9995531166147024	0.9975610658247087
0.9999999811446261	0.9999939764565948	0.9999346806336705	0.9995764816954026
0.9999999857506316	0.9999957553313701	0.9999569071055086	0.999779806904187
0.9999999033230552	0.9999695001717601	0.9995939887299924	0.9978498665157137
0.9999999429752258	0.9999811703244923	0.9997690713888153	0.9985528392654901
0.9999998394437369	0.9999461574515658	0.9992527116045227	0.99653793374748
0.9999997207134257	0.9999304905485692	0.9985272507219721	0.9928494067013788
0.9999999368914384	0.9999820779032293	0.9998177754236942	0.9985463410349292
0.9999999694332145	0.9999911991627715	0.9998858517836161	0.999325522013687
0.9999999338283425	0.9999807283892406	0.9997535040829667	0.9988493470527571
0.9999999826231243	0.9999953487332526	0.9999464113750166	0.9996796073458438
0.9999998402736823	0.9999530035993129	0.9992691530435512	0.9964578152533379
0.9999998746563508	0.9999575688217016	0.9995405936877911	0.9970798155023216
0.9999999810824484	0.9999952774419718	0.9999346097585172	0.9997101695758318
0.9999998942665441	0.9999649095263505	0.9995406011840385	0.9972063473525691
0.9999999903542653	0.9999972397249903	0.9999679749950947	0.9998451590365436
0.9999999935945639	0.9999982397410428	0.9999800487991715	0.9999044187670204
0.9999999675876595	0.9999921524452365	0.9998945671834384	0.9993255249143285
0.9999998892715328	0.9999603378359646	0.9994816155384707	0.9975060561875716
0.9999999669167118	0.9999897382792592	0.9998797917616897	0.999376450680475
0.999999937805813	0.9999826942112305	0.9997732048638748	0.9987147289407652
0.9999998031639863	0.9999386516267375	0.9991174924719148	0.995708414324373
0.9999998688482648	0.9999575894290179	0.9996334069865924	0.9974178136518514
0.9999998292954309	0.9999425520466776	0.9992284759312167	0.995744624697474
0.9999999253866381	0.999976038178417	0.9996931846043124	0.9983973365592873
0.9999999873370945	0.9999965107930778	0.9999607264439693	0.9997513322657186
0.9999999951641121	0.9999986732093623	0.9999850074142166	0.9999230569599523
0.9999998029059685	0.9999337885033043	0.9990974749028945	0.9946965430014011
0.9999999750059045	0.9999921865033741	0.9999136089299355	0.9994716356673432
0.9999999498429284	0.9999855978887701	0.9998256807876309	0.9988446262251706
0.9999997343436471	0.9999057161891165	0.9992513263779007	0.9937497300274092
0.9999999502565232	0.9999836742976286	0.999789317131257	0.9988429778287206
0.9999998390661885	0.9999474785116976	0.9993778638034463	0.9963721673484812
0.9999999328661258	0.9999776070948826	0.9997596759696236	0.9981484585106933
0.9999999613494923	0.9999883322298042	0.9998432171911382	0.9992006604033878
0.999999996302069	0.99999892408323	0.9999888511084513	0.9999521073452426
0.9999999078351781	0.9999761160814521	0.9996085831363418	0.9979613408733423
0.9999999093627434	0.9999679212660069	0.9995904818223781	0.9981648431189614
0.999999870565434	0.9999654054374802	0.9994010816690202	0.9972513017530785
0.9999999641991469	0.9999902065106534	0.9998729815641318	0.9990924625090344
0.9999998958973206	0.9999606622277735	0.9994660532160752	0.9977498781416542
0.9999999657549775	0.9999882489425179	0.9998576015729128	0.9992582995180272
0.9999999432899107	0.9999842292945612	0.9997709292976654	0.9987290175077509
0.9999999235972499	0.9999800542452582	0.9997228678230328	0.9987723623611889
0.9999999581728201	0.9999879534671785	0.9998617438533556	0.9990946369700012
0.9999998364308195	0.9999487601586327	0.9993171352905319	0.9962578656773273
0.9999998912189705	0.9999639812013126	0.9995370629270661	0.9971374729080241
0.999999947604539	0.9999861649543323	0.9998472086381189	0.9988392858452302
0.999999957709319	0.9999887470999266	0.9998493717083411	0.9992167356466163
0.9999999060515631	0.9999701732012489	0.9996021247383469	0.9975651856298925
0.9999999916711291	0.9999976641511303	0.9999704399866156	0.9998626789519784
0.999999959945865	0.9999879453911922	0.9998622211308457	0.9992370159001012
0.9999999929819033	0.99999810390863	0.999975321638843	0.9999025969157697
0.9999999508466186	0.9999850631666356	0.9998458034691132	0.9991147558145128
0.9999999650792787	0.9999892381974207	0.9998665619559911	0.9993656980191635
0.9999999269724905	0.9999779072529613	0.9996719883875678	0.997878637451198
0.9999999540890449	0.9999875940492505	0.9998283466991718	0.999083170920283
0.9999999109524084	0.9999747722449587	0.9996266672912534	0.9977708610335955
0.9999999782496651	0.9999939220239162	0.9999165155481979	0.9996991110718816
0.9999999806508806	0.9999943326854992	0.999931998295611	0.999650333506109
0.9999998476480007	0.999947191207878	0.9995925583130236	0.9971391744343552
0.9999999751782945	0.9999927146951134	0.9999053898849988	0.9994944813314289
0.9999998409226339	0.9999482506897925	0.9992666766884498	0.9957309064002102
0.9999999229563484	0.9999771242634091	0.9996724975699384	0.9983247179606884
0.9999999561851359	0.9999856603466458	0.9998129575949669	0.9989397410679556
0.9999999724726832	0.9999909508229273	0.9999016559342844	0.9993728953102724
0.9999999607282072	0.999988035082352	0.9998488837220808	0.9991740062244931
0.9999999629647865	0.9999889583782419	0.9998517379566872	0.9991987169878869
0.9999998320435532	0.9999411968457267	0.9992437048214934	0.9959628097212428
0.9999999374601566	0.9999807114392347	0.9997511291285088	0.9987229173160276
0.9999998861948857	0.999961137781856	0.9995280067381491	0.9979400263837697
0.9999999560299963	0.9999886871272944	0.999839849873874	0.999284316390476
0.9999999839366227	0.9999955063918792	0.9999432576345983	0.9996625155702796
0.9999999979809661	0.9999994739523407	0.9999945061411729	0.9999705619090142
0.9999998200244028	0.9999327568122351	0.9991592956765061	0.9951466053597011
0.9999998773951995	0.9999585830520523	0.9994373683787924	0.9971295001474899
0.9999998801861274	0.9999631894226824	0.9994283358408066	0.9970685655023985
0.9999998959788373	0.9999631979033174	0.9995969870476102	0.9975889138333212
0.9999999459153446	0.9999842170679331	0.9997943323067668	0.9991234768276076
0.9999999512096649	0.9999884049054499	0.9998180336531569	0.9991017703823979
0.9999999661998429	0.9999898377152087	0.9998854882136409	0.9993832437825297
0.9999999497895474	0.9999849840966594	0.9998253287821611	0.999042175880945
0.9999999544092583	0.9999859584872219	0.9998049285097453	0.9990016643177484
0.9999999155444383	0.9999709703346769	0.9995909221965928	0.9979751037477359
0.9999999377774323	0.9999822311782207	0.9997382502000798	0.9989592300593496
0.9999998983696878	0.999961789856156	0.9995055246528866	0.9973998339884956
0.9999998276928873	0.999949152455904	0.999136208040467	0.9959460701179967
0.9999998701421657	0.9999605988721301	0.9994158135049476	0.9965402529351998
0.9999999628597344	0.9999888097611132	0.9998723504526671	0.9991109259273341
0.9999999789440901	0.9999931082899504	0.9999372998882441	0.9996121520524929
0.9999999817760312	0.9999945391840497	0.9999418194837906	0.9997161387620381
0.9999999467939232	0.9999803669892496	0.9997756853575113	0.9990175857590233
0.9999999919207868	0.9999978031779938	0.9999749254463292	0.9998681066454402
0.9999999733027198	0.9999920483633087	0.9999090523693727	0.9995045640010319
0.9999999272195532	0.9999801255017251	0.999764349444641	0.9986985213302758
0.9999999032645329	0.9999685146993168	0.9995947935940717	0.9976144714562041
0.9999998776854118	0.9999600062893985	0.9994622452843537	0.9974487142281597
0.99999997822329	0.9999934652563497	0.9999151065551463	0.9995550888746837
0.999999871118872	0.9999622744145878	0.9996453694583846	0.9975449211439096
0.999999920602926	0.9999751702265584	0.9996336657252248	0.9984522547148056
0.9999999549880443	0.9999850003770483	0.9998452476498421	0.9990563972468224
0.9999999828240292	0.9999952075928399	0.9999397899576951	0.9997061114487021
0.9999998499502698	0.9999575268559973	0.9995433279972946	0.9968531921421473
0.9999999428472239	0.9999846267241185	0.9997839038891273	0.9987639292983107
0.9999999310770592	0.9999774455764596	0.9997109907583935	0.998226044916301
0.9999999726155426	0.9999916618145709	0.9998997492785164	0.9994776152367709
0.9999998253363994	0.9999505980906972	0.9991646551862076	0.9958424925132314
0.9999999522654344	0.9999836827144678	0.999813284186699	0.9989158681776137
0.999999958830057	0.9999877946200495	0.9998614007755667	0.9992206543885135
0.9999999041267437	0.9999707106194062	0.999573046726675	0.9975231136727993
0.9999999302782808	0.999978140884256	0.9996825805957014	0.9982042246768922
0.9999999607450205	0.9999880749944376	0.9998512843936556	0.9991646407480973
0.999999925215716	0.999974772074989	0.999668216776961	0.99859189941935
0.9999999321159382	0.9999798086033522	0.9997746665376639	0.9985159403724454
0.9999999915385256	0.9999976544862369	0.9999733445629316	0.999861616436745
0.9999999728100293	0.9999921016743701	0.9999015978825913	0.9994618200307716
0.9999999606137338	0.999986516127696	0.9998711016585452	0.9992954236552515
0.9999999737822296	0.9999919774436753	0.9999075143945202	0.9994492873013223
0.9999999594350704	0.9999876198246694	0.9998471335162253	0.9994193198923575
0.9999999484826742	0.9999850894611597	0.9998142996946332	0.9990567476667139
0.9999997563858415	0.9999152729788044	0.9989111499666408	0.993782682591112
0.9999999437376177	0.9999827455185741	0.9997628301489632	0.9991861108693433
0.9999998323276088	0.9999391410303463	0.9994573399679013	0.9960950041934195
0.9999998915529826	0.9999619875841758	0.9994488651243002	0.9973444904247307
0.999999959865307	0.9999879314348346	0.9998510477081325	0.9992530121917801
0.9999998696645194	0.9999636391893675	0.9994613917257115	0.9972781575473733
0.999999937609667	0.9999809292772431	0.999765211091369	0.9986547514972776
0.9999999787588945	0.9999938011924887	0.9999285319153856	0.9996272423792827
0.9999998765057172	0.9999678515913512	0.9995127569113256	0.9970966370872363
0.9999999611980626	0.9999892735378255	0.9998547710318617	0.9992965864129856
0.9999999867955208	0.9999960152066972	0.9999582684957847	0.999791432238878
0.9999998680566833	0.9999571229538402	0.9994533165490663	0.9969282980608279
0.9999999363888924	0.9999786095510305	0.9997316445345393	0.9989244273840865
0.9999999240820955	0.9999751293898682	0.9996700372055183	0.9982867109048912
0.9999999584507477	0.9999874401611646	0.9998414529589457	0.9991521783646851
0.9999998772807395	0.9999555011373514	0.9994935502357299	0.996514842494842
0.999999978668429	0.9999941629911401	0.9999259189859557	0.9996436077654337
0.9999999532428933	0.9999850569223859	0.9997605371983248	0.9988511374210842
0.999999948802655	0.9999854134524484	0.9998208878060799	0.9988676930771638
0.9999999162197573	0.9999766780572544	0.9996481266001546	0.9981210547013543
0.9999999732549306	0.9999928278437419	0.9999181019216532	0.9994151173198088
0.9999999780495122	0.9999935205043134	0.9999229732972125	0.9996184247408428
0.9999999395247583	0.9999848433056978	0.9997694315663398	0.998967818273713
0.9999997659110224	0.9999111084275562	0.9989665873720263	0.993265128802582
0.9999999526317864	0.9999856351014434	0.9998430916532586	0.9990196465571528
0.9999999953121563	0.9999987577318848	0.999986562121703	0.9999349597310795
0.9999997925288786	0.9999126380520231	0.9992266034084596	0.9947140450884003
0.9999999583458238	0.9999876855657707	0.9998412950603341	0.9990858681287972
0.999999934742154	0.9999787741286698	0.999770897447296	0.9982477887765965
0.9999998849394933	0.9999662512956663	0.9994468336639047	0.9969850172800502
0.9999999489821677	0.999986100701028	0.9998264665199189	0.9989831439955102
0.9999998861944184	0.9999632009012553	0.9996772754932209	0.9975923368837484
0.9999999762629779	0.9999928645287616	0.9999189177285198	0.9995270602060355
0.9999997749530459	0.9999200575744721	0.998968659234165	0.9943985421482613
0.9999998084985936	0.9999413343451035	0.999218041159967	0.9950415913834851
0.999999815807487	0.9999293132654286	0.9992147309372554	0.9945890273405029
0.9999999124387786	0.9999715659934902	0.9995881861115862	0.9983880693796977
0.9999999324145528	0.9999761358115911	0.9997345190737195	0.9987498620018288
0.9999999090849412	0.9999680963354604	0.9996279992414737	0.9982547328552746
0.9999998351481415	0.9999494778562432	0.9992289577456184	0.9963490103312186
0.9999999718332591	0.9999913609028677	0.9998985532882927	0.9993863400466068
0.9999999810361655	0.9999946999258161	0.9999353788447705	0.9995850919842956
0.9999999963512434	0.9999989820479191	0.9999900784250375	0.999950774015029
0.9999999455067875	0.9999834145110493	0.9998007404482275	0.9989142859883011
0.999999780050259	0.9999350032243306	0.9991367562102959	0.9945214292623433
0.9999999681111631	0.9999896589837601	0.9998898988287606	0.9993232170119396
0.999999961658937	0.9999898362124896	0.9999023765376414	0.9992589037854749
0.9999999038383138	0.999971630292132	0.9995460996926956	0.9977884517541565
0.9999999531246471	0.9999872809940544	0.9998340755375866	0.9990196798652865
0.9999999758437284	0.9999927962331151	0.9999120644254623	0.99951084535878
0.9999999477588045	0.9999837917374653	0.9997715702749252	0.9988094273508475
0.9999999456653343	0.9999833847243055	0.9997595088720298	0.998917087946146
0.9999999908068925	0.9999974497172605	0.999968761248165	0.9998448439161007
0.9999999426320246	0.9999820124265367	0.9997555781710152	0.9988469066915897
0.9999997346442976	0.9999000074369672	0.9986779492531662	0.9921610696022455
0.9999998000283702	0.9999352181190229	0.999159124742908	0.9953044346590626
0.9999999276083726	0.9999797388423223	0.9997165379899071	0.9980696103782868
0.9999999730242021	0.999992287141326	0.9999064959576819	0.9994078330337489
0.9999999153565217	0.9999706507659696	0.9995720207973	0.9980067841262058
0.9999999726220878	0.9999913513260881	0.9998890667963762	0.9994789327090932
0.9999999462524015	0.999984423117767	0.9997914734361169	0.9987398199901212
0.9999999858501045	0.999995703091358	0.9999531750002534	0.9997071548697736
0.9999999054698326	0.9999710925560378	0.9996190950902915	0.9982180568540047
0.9999999765365556	0.9999929445188495	0.9999381623000608	0.9995696432550499
0.9999998940314981	0.9999684395187415	0.999488130216755	0.9978344538929012
0.9999999650434539	0.9999889433191933	0.999869656803868	0.9992246707156005
0.9999999769940883	0.9999932851016208	0.9999157185905031	0.9995245801618277
0.9999998821718324	0.9999554861842624	0.9994406979488915	0.9971900412734079
0.9999999639552937	0.9999897101327182	0.9998722181371162	0.9993772496636523
0.9999999391724435	0.9999833483578205	0.9997782413813965	0.9985432903812808
0.9999999953725711	0.9999987291911235	0.9999852723911676	0.9999217638381349
0.9999999868590349	0.9999963772196462	0.9999640474677755	0.9997879898835582
0.9999997737709392	0.9999260892421268	0.9989147147131558	0.9936702354128089
0.9999998805974682	0.9999627525948813	0.999571472967318	0.9969493672473017
0.9999999672658517	0.9999907255093795	0.9998732397950219	0.9993758355460547
0.9999999433311204	0.9999830195872464	0.9997264865190558	0.9990710383844551
0.9999998526521365	0.9999535351949796	0.9992533499054882	0.9966754722304987
0.999999923221135	0.9999762928542858	0.9996715596307532	0.9984133829113011
0.9999999300179858	0.9999768120759486	0.9997024184215902	0.9989206039967339
0.9999999910413855	0.9999976873136804	0.9999753518520099	0.9998490979740803
0.9999998972834034	0.9999694896865797	0.9995574363253593	0.9974418214660455
0.9999999370161725	0.9999810028581676	0.999772649010908	0.9984728155723795
0.9999999574063279	0.9999885219101752	0.9998672001938359	0.9992114135787588
0.9999999588693608	0.9999878020305074	0.9998600059130064	0.9991947709988948
0.999999948255313	0.9999862319687339	0.9997862166445193	0.9991636385425098
0.9999999930444542	0.9999980513133343	0.9999802713856804	0.9998992677180024
0.9999998920738093	0.9999664833126697	0.9995030188848059	0.9973263969228642
0.9999998522937639	0.9999477026234886	0.9993801250645353	0.9970820834096119
0.9999999852672676	0.9999960233255857	0.9999519172645078	0.9997280998402255
0.9999998820282201	0.9999614420982763	0.999603951689494	0.997178790679587
0.9999999898685701	0.9999971599812785	0.9999671656177556	0.9998376072950611
0.9999999947235951	0.9999984238062033	0.9999848167972665	0.9999147920575963
0.9999999155332078	0.999972927055117	0.9997200451643379	0.998549088107942
0.9999999817100567	0.9999946026900562	0.9999413510155795	0.9996518088906449
0.9999998338958063	0.9999455956363572	0.9994331951488258	0.9962993928210461
0.9999999787302246	0.9999945680567581	0.99993242031495	0.9996008495937108
0.9999999763106425	0.999993767340848	0.999918303169385	0.9995359516246378
0.9999999032309448	0.9999665480019132	0.9996178013481084	0.9979067780897681
0.9999999827381035	0.9999949812804118	0.9999371865662183	0.9996919149229068
0.9999999166584744	0.9999754925596053	0.9997102855731612	0.997958893716098
0.9999999883073875	0.9999967641828706	0.9999615530625129	0.9998002266303078
0.9999999396785662	0.9999805514429495	0.9997822631414561	0.9987627928972693
0.9999999809161941	0.9999942017716712	0.9999478573944959	0.9996426199498301
0.9999999901684063	0.9999971301512409	0.9999698036241983	0.9998345693282655
0.9999999555391405	0.9999866588038563	0.9998667953524385	0.9990992490667997
0.9999998276986107	0.9999404002436802	0.9992044503476629	0.996345189397698
0.9999999185962858	0.9999699546680954	0.9996825558844974	0.9979990573320593
0.9999999751480988	0.9999932306470494	0.9999247234877215	0.9994725458222855
0.999999935264255	0.999979693645661	0.9997002788734475	0.9989076657799868
0.999999942516658	0.9999813065608975	0.9997013201826788	0.9986400682151237
0.9999997785945203	0.9999222804577218	0.9991036653170932	0.9944467106180633
0.9999999842609766	0.9999957326474299	0.9999443775180838	0.9997232864097428
0.999999924804016	0.9999769408230195	0.9997103792639088	0.9982636263725231
0.9999998839305382	0.9999616557866918	0.9996265059608143	0.9974517492639021
0.9999999643847435	0.9999884966472816	0.9999064879796534	0.9992490184005791
0.9999998613500822	0.9999550681626671	0.9994489053525794	0.9964692303187894
0.9999999852804501	0.9999955099681253	0.9999469184837398	0.9997271858287313
0.9999998932084221	0.9999596768990678	0.9995625830802457	0.9975697772225383
0.9999999789408088	0.9999931745617103	0.9999299449025802	0.9995625126498284
0.9999999625053123	0.999988678487212	0.9998445244309064	0.9992752777600491
0.999999985569529	0.9999956577014694	0.9999501236313976	0.9997562488946278
0.9999999451309108	0.9999812008597525	0.9997776111034148	0.9987876813975674
0.9999999349592297	0.9999802174132679	0.9997031413827068	0.9984549366485261
0.9999999909973084	0.9999974798816708	0.9999713874778695	0.9998297707191032
0.99999996222375	0.9999887974843317	0.9998655682613393	0.9992149328758893
0.9999999451358121	0.9999840959599757	0.9997895307420966	0.998868965277066
0.9999999805649019	0.9999947143574671	0.9999301563440248	0.9996931335176706
0.9999999460906733	0.9999832466530618	0.9997613635421855	0.9989447022106509
0.9999999764550628	0.9999934408902132	0.9999276591969892	0.9995933709241195
0.9999998134081316	0.9999297209945233	0.9989494612061646	0.9947529941573092
0.9999998290373261	0.9999372919058088	0.9992918818124067	0.9957441035340178
0.9999999647150406	0.9999892071882891	0.9998884259092584	0.9993114475003829
0.999999917269387	0.9999710616960754	0.9995986591670902	0.9980762680177603
0.9999998815590417	0.9999606242595871	0.9995067076275574	0.9973944218749948
0.9999997885975979	0.9999211086748683	0.9991567006261319	0.9945160308330397
0.9999998781659202	0.9999611276076485	0.9994313089766312	0.997238511248908
0.9999999792286487	0.9999937474416788	0.9999261130476899	0.9996399830521332
0.999999880584269	0.9999562552793982	0.9994284142382492	0.9971606774867388
0.9999998119559664	0.9999328668558572	0.9990358682972648	0.9956177934143926
0.999999954662794	0.9999861431504016	0.9998534427244326	0.9991322877253045
0.9999999718907927	0.9999908673166226	0.9998917486668749	0.9994522486416948
0.9999999263303136	0.9999795639618839	0.9997140845075565	0.9982500903121324
0.9999999557945353	0.9999896722707312	0.9998491866338364	0.9991009751019658
0.9999999910823907	0.9999975958639131	0.9999707287236693	0.9998779036621276
0.9999999220928995	0.9999785904569634	0.9997333912370133	0.9984440203991889
0.999999812714338	0.9999423016854616	0.9990901517428956	0.995693001702385
0.9999998708323214	0.9999595396654081	0.9994910095379318	0.9971239502630419
0.99999997026036	0.9999914861164197	0.9999150472069231	0.999437793191532
0.999999908116162	0.9999720486289485	0.9996322571904636	0.9978348754459939
0.9999999392663856	0.9999812982356134	0.9997240007377074	0.9990008859575774
0.9999999797201546	0.9999947108522204	0.9999334801161243	0.9996487302343264
0.9999999359849411	0.9999802598245704	0.9997336102150243	0.998604323155336
0.9999999902605672	0.9999973742763432	0.9999692989313719	0.9998617150993273
0.999999993249223	0.9999980676293145	0.9999789427933718	0.9998827968538165
0.9999999676059537	0.9999909850141157	0.9998916244375119	0.9993331856012534
0.9999999754701353	0.9999926689699922	0.9999087934317847	0.9995375855588178
0.999999902382665	0.9999727568302891	0.9995977698260736	0.9981697880146096
0.9999999019603237	0.9999697142257288	0.9996862538049242	0.997928422806796
0.999999934873073	0.9999826314314587	0.9997659053080586	0.9987381428415273
0.9999999791847399	0.9999933088081653	0.9999334312905545	0.999560444787727
0.9999999113229487	0.9999733384516388	0.9995477896159302	0.9976122831663508
0.9999999647820673	0.9999901837786043	0.9998692088737077	0.9992213333955369
0.9999999793839086	0.9999939798691453	0.9999272002486475	0.9996187279175934
0.9999999570861662	0.9999871971786581	0.9998497026561842	0.999146309728116
0.9999999245315777	0.9999758142107076	0.9996940196930931	0.998533994823826
0.9999999888820734	0.9999967440286524	0.9999608015451004	0.999792240674952
0.999999960300004	0.9999878023520676	0.9998551228571776	0.9992584435484294
0.9999999644184652	0.9999895499992664	0.9998815023861302	0.9993612561378942
0.9999999883587346	0.9999967674285458	0.9999634038947914	0.9997938526221266
0.9999999130347587	0.9999697599677715	0.9996002601847424	0.9982035212374205
0.9999997685456924	0.9999085170151254	0.9991629662283927	0.9945307744661538
0.999999855928593	0.999952725025511	0.9993567925190672	0.9970212824678828
0.9999998570977766	0.9999554841685839	0.9993578270374014	0.9968117826624576
0.9999999479886202	0.999986547450566	0.9998339417942642	0.9988581790636523
0.9999999509011102	0.999984955609403	0.9998523421288654	0.998975050899975
0.9999998841972019	0.9999625511994708	0.9995594984457222	0.9975352489481061
0.9999998749579622	0.9999625671482871	0.9995005816978357	0.9970272256627873
0.9999999785685442	0.9999933315002255	0.9999149718240434	0.9995838840161844
0.9999999114263772	0.9999721965330393	0.9995824351389978	0.9976288465476584
0.9999998874769234	0.9999682707996543	0.9996157108254865	0.9979502421289801
0.9999999549246238	0.9999884466667267	0.9997991247190051	0.998914531359363
0.9999999880159683	0.9999964226076311	0.9999627101928124	0.9997885216374094
0.9999998773651564	0.9999568150452722	0.999441587348585	0.9964358149935341
0.9999998815529294	0.9999650703579448	0.9994471419146073	0.9975105869044929
0.9999999510548805	0.9999836373022049	0.9997578271670714	0.9986815774070644
0.9999999060654798	0.9999703763104983	0.9995505757464577	0.9976679935673756
0.9999998844774344	0.9999611775151866	0.9994379596769742	0.9969400983123297
0.9999998717789942	0.9999636729207741	0.9995208045471216	0.9970469529799848
0.9999999875471062	0.9999968076911887	0.9999638304334623	0.9997741893307276
0.9999999448622773	0.9999848355454934	0.9998360646269606	0.9988234993050453
0.9999999220657344	0.9999756608719311	0.9996771360390377	0.9987677364297152
0.999999896716081	0.9999635670706761	0.9995494035307854	0.9972506806568403
0.9999999441841289	0.999982343207506	0.9998052205713015	0.9988343708095767
0.9999999056835535	0.999970592059959	0.9995448678197527	0.9980075589812748
0.9999999569153725	0.9999887978506442	0.9998224479428586	0.999321252162193
0.9999999486842942	0.9999849074660349	0.9998081637501736	0.9989307698300682
0.9999999741282808	0.9999924644804197	0.9999052664150168	0.9995149130373354
0.9999998735482751	0.9999533801844566	0.9995451071075788	0.9968344114646136
0.9999999862246953	0.9999961189706154	0.9999521444376042	0.999755830437209
0.9999998275873524	0.9999409834170531	0.999089525361876	0.9959915701052948
0.9999999678887249	0.9999902074410422	0.9998816871851173	0.9993438035244264
0.9999998907709762	0.9999620996891483	0.9994874542532814	0.9978274949546169
0.9999998242663024	0.999956919008274	0.9992364534093043	0.9958366056905082
0.999999946352782	0.9999859383537926	0.9998039491994749	0.9988024318663574
0.9999999952844956	0.9999987572033371	0.9999860428628694	0.9999349413510518
0.9999999868652908	0.9999960917443778	0.9999547637162377	0.9997821300580972
0.9999999289338837	0.9999750072618275	0.9997007158926406	0.9986229671785675
0.9999999682418902	0.9999918226627329	0.9999060263449036	0.9994400901883201
0.9999997966944097	0.9999290457515543	0.9989923027010825	0.9942325493595573
0.9999999971844563	0.9999992553324706	0.999991884683145	0.9999621707490315
0.9999999653025153	0.9999900359894028	0.9998540411001876	0.9992159994998903
0.9999999797362196	0.9999945139902247	0.9999323715634052	0.9995837170458071
0.999999967455039	0.9999906907113786	0.9998877257001025	0.9995184629497649
0.9999999538936876	0.9999854597073412	0.9998482518372013	0.9988926651864363
0.9999999369906333	0.9999781887449954	0.9998034893046298	0.9985634355290893
0.9999999813857403	0.9999946096554019	0.9999395154199291	0.9997231313081749
0.9999998581110373	0.9999453218132697	0.9993331505509603	0.9969492658746105
0.9999999803770707	0.9999944241044175	0.9999409161336941	0.9996388207170434
0.9999999979369755	0.9999994272189588	0.999993708621534	0.9999722530739117
0.9999999416233663	0.9999844862427891	0.9998162522267948	0.999024370851852
0.9999999549265127	0.9999873826235316	0.9998393711452577	0.9992960347426655
0.9999999931034214	0.9999980718964002	0.9999799422003394	0.9999074318710103
0.9999999206215994	0.9999731856488707	0.9996740830894245	0.9982861603202023
0.9999999312404089	0.9999775050350745	0.9996908083534577	0.9982484719879617
0.9999998915666928	0.9999624676204334	0.9995272221230298	0.9981682659579927
0.9999999740941179	0.9999925064305716	0.9999172832100636	0.9994972781005914
0.9999998534127527	0.9999508144006736	0.999401853673945	0.9965255864917792
0.9999999651134094	0.9999896586895287	0.9998667734971443	0.99917593647991
0.9999999755781788	0.9999931574633981	0.9999238279040422	0.9996447489424589
0.9999997562378272	0.9999132797448089	0.9988916278254738	0.9931925881641553
0.9999999431453455	0.9999821641034541	0.999743236539731	0.9990378227841004
0.9999998478463851	0.9999499818005769	0.9994794339013541	0.9969755191300647
0.9999999863962149	0.9999960624928803	0.9999557164222003	0.9997433464676608
0.9999999167467419	0.9999724671489862	0.9996930403393001	0.9977148514355832
0.9999999896289329	0.9999969349906733	0.9999692932659778	0.9998420610697013
0.999999987334613	0.9999965468035713	0.9999637915174329	0.9997815488179396
0.9999999208948882	0.9999768176145154	0.9996753228155014	0.9982234895709642
0.9999998583835183	0.99995113778556	0.9995352219552917	0.9969796100361756
0.999999913218378	0.999973905411339	0.9996925593219912	0.9981062917271926
0.9999999316946971	0.9999802870273735	0.9997259783568021	0.9986221097045624
0.9999998709517087	0.9999594889076029	0.9994340584323361	0.9970773411609317
0.9999998935770893	0.9999602443298679	0.9994608256628622	0.9969267891181844
0.9999997637335061	0.9999035887319957	0.9990893609696901	0.9937890118481685
0.9999998012014891	0.9999321646783738	0.999121107031238	0.9959833965452528
0.9999999670069059	0.9999896396529296	0.9998857250744253	0.9993063395645075
0.9999999461318964	0.9999822530816571	0.9997773135340319	0.9986987954921159
0.9999999725901039	0.9999922639155352	0.9999186169350318	0.999531800937394
0.999999811986732	0.9999385019096797	0.9991620316122185	0.9960563842115024
0.9999999888542248	0.9999969516906522	0.9999612430019467	0.999817362022744
0.9999999719545004	0.999992251922047	0.9999124193781389	0.9994838782920575
0.9999997838389132	0.9999154276941713	0.9989070366105465	0.9945043031998009
0.9999999267813937	0.9999745196729374	0.9996652154191816	0.998365604910703
0.9999999170226802	0.9999728873960352	0.9996420205208166	0.9983023259019986
0.9999999619821284	0.9999882793526199	0.9998617792854814	0.9994329910550849
0.9999999537083586	0.9999874422704643	0.9998355526541082	0.9989503061475837
0.9999999677626662	0.9999904642646563	0.9998921519437307	0.9994598695866208
0.9999999088154142	0.9999727293174984	0.9996124488603519	0.9977325649034406
0.9999998712636894	0.9999611784195259	0.9994251927440244	0.9968812206406601
0.9999998192575247	0.9999366669555815	0.9991789419150328	0.9950532529881841
0.9999999623417175	0.9999895892837746	0.9998646458104533	0.9993040889851073
0.9999999110030686	0.9999719818242274	0.9996608224599812	0.9982616416031587
0.9999998487972434	0.9999473677034907	0.9994500976311752	0.9964267103928309
0.9999999688922568	0.9999919074258488	0.9998940873001163	0.9994480725636312
0.999999992837395	0.9999979721647533	0.9999803140029558	0.9998912618846483
0.9999999487668165	0.9999838604422835	0.9998115541625376	0.9990073125151768
0.9999999761469771	0.9999936669551216	0.9999248797649612	0.9995290137741565
0.9999999285536114	0.9999793254164382	0.999748475221461	0.9984798227713292
0.9999998952947025	0.9999700264154047	0.999556007157884	0.9976659569364634
0.999999937866953	0.9999815592338891	0.9997350618819574	0.9983480094502158
0.9999997379818947	0.9999224685604745	0.9990281241479783	0.994953270539126
0.9999999405106879	0.9999827433509416	0.9997421215063181	0.9987207260877043
0.999999929152514	0.9999765578444445	0.9996653074026576	0.9984523510892164
0.9999999278675897	0.999978027521451	0.9997007896746137	0.9985070357630482
0.9999999107737256	0.9999693392460162	0.9996205166996839	0.9979185519721112
0.9999999412561441	0.9999823931301208	0.9997716394062178	0.9986437517165023
0.9999999504025441	0.9999853014313839	0.9998248163595782	0.9990119544902468
0.9999998862159653	0.9999579967786111	0.9995312601051538	0.997397255709909
0.9999999662963118	0.9999892745237382	0.9998672320297781	0.999208750725147
0.9999999952453463	0.9999987341571799	0.9999849449740648	0.9999279176040649
0.9999999858439041	0.9999958587517046	0.999953377730674	0.9997574803886184
0.9999999359991479	0.9999787111772624	0.9997656636759833	0.9987693872367828
0.9999999857917309	0.9999959094835482	0.9999510866479508	0.9997254463405428
0.9999999503970171	0.999983922113464	0.999809346472621	0.9991844925791965
0.9999998985728523	0.9999715351064511	0.9994894013600848	0.9977148908743432
0.9999999777138148	0.9999938787803262	0.9999343895554521	0.9996681575063219
0.9999999167919076	0.99997040430717	0.9996544147246775	0.9978903136809086
0.9999997551738116	0.9999158738830873	0.9989261523491199	0.9935925705296201
0.9999997870572342	0.9999285716372711	0.9990036249652923	0.9949917375865173
0.9999999666556348	0.9999892157239355	0.9998531477624082	0.9992104259040566
0.9999998403190352	0.9999541359598118	0.9993939253555496	0.9962574286562731
0.9999999253861459	0.9999771286721038	0.9996695937971791	0.9982202611614405
0.9999999108384231	0.9999718626296288	0.9996669784688028	0.9979725689269084
0.9999997864179497	0.9999302421953066	0.9991820987699256	0.9953219587374685
0.9999998500488116	0.9999466880668407	0.9993283339364318	0.9966182570970731
0.9999999296215695	0.9999796776706338	0.9997484306258275	0.9983719678932808
0.999999979762566	0.9999942296971738	0.9999304803208713	0.9996344280404982
0.9999999445306111	0.9999815293479906	0.9998247109918014	0.9986787630390324
0.9999998338743206	0.9999422407786931	0.9991815444944593	0.9957388062504666
0.9999999652585523	0.9999897444686808	0.9998694795624169	0.9992416219019478
0.9999998924759196	0.9999659206488573	0.9994438516186198	0.997819908907509
0.9999997981184519	0.999923706173116	0.9992145152866649	0.9948905133742009
0.9999999640740521	0.999989313286675	0.9998656735071246	0.9991389959807662
0.9999999641242618	0.9999898352906518	0.9998646693333775	0.9991993898310466
0.9999999838683955	0.9999952472198959	0.999936118075839	0.999683303803183
0.9999998561498734	0.9999538553795292	0.9994033687677101	0.9968059491964688
0.9999998313527189	0.9999448927880568	0.9995439398596808	0.9966747033072119
0.9999999436252739	0.9999811847764088	0.9998049944802823	0.9987544461041409
0.9999999830589642	0.9999948251505066	0.9999480461059924	0.9997526464928432
0.9999999139763387	0.9999747135018664	0.9996938125308943	0.9980396798736372
0.9999999552238968	0.9999856151862704	0.9998346156721442	0.9990046078215709
0.9999999791555158	0.9999941562666167	0.9999355436151465	0.9996110814806318
0.9999999685568559	0.999990383940923	0.9999114276151087	0.9994288202098535
0.9999997344255251	0.9998998352375398	0.9987051719670478	0.9935224271265878
0.9999998789617711	0.9999557671579345	0.9993943616127794	0.9970906686622975
0.9999999797029484	0.9999937304971805	0.9999282605317396	0.9996002473366074
0.9999999457089402	0.9999850255803484	0.999776144491689	0.9987798966076658
0.9999999714232475	0.9999919071826153	0.9999166756541191	0.9995817302254061
0.9999998788351914	0.9999585257135144	0.9994202045047339	0.9975300873851354
0.9999999349376121	0.9999801291693433	0.9997476899371115	0.9987347011381926
0.9999999792925738	0.9999933974333719	0.9999324797496973	0.99964406819055
0.9999999615108758	0.9999890372860247	0.9998499188342923	0.9994520204109097
0.9999999695051329	0.9999919101606553	0.99989720070666	0.9993076741962998
0.9999999334556858	0.9999813653771336	0.999779801632461	0.9983152541410386
0.9999999639756407	0.9999899188265928	0.9998595579917056	0.9992722274642427
0.9999999714289173	0.9999920749046766	0.9999092686934213	0.9994190369149576
0.9999999596088947	0.9999883137287496	0.9998366047105391	0.9990683179896721
0.9999998772627257	0.9999572877001146	0.9995035806071003	0.9970623265197627
0.9999999564252566	0.9999850818032042	0.9998200410807279	0.9989959681787564
0.9999999727656158	0.9999921105045388	0.9999183424061974	0.9994860900571091
0.9999997814415167	0.999898387341855	0.9989342502729175	0.9937109856898219
0.9999999781550093	0.9999931379148737	0.9999411145776931	0.9997339785323189
0.9999999628927452	0.9999897552117322	0.9998577281433059	0.9992861909643691
0.9999999710297255	0.9999916738510349	0.9998846558854764	0.9993817299355149
0.9999999220340883	0.9999720591337109	0.9997312147013057	0.9982359675138595
0.9999999691295497	0.9999914229813576	0.9999055933143353	0.9994608195992857
0.9999999263895688	0.9999764150341214	0.9997384524230665	0.9987424900611687
0.999999982355239	0.9999951465628912	0.9999337051854186	0.9996344354144484
0.9999999847116449	0.9999960807565578	0.999948054983696	0.9997524186452621
0.9999999874954597	0.9999966584342183	0.9999596077595242	0.999807839907361
0.9999999893969163	0.9999972089225749	0.999964570679084	0.9998247173200066
0.9999999461668598	0.9999831876649606	0.999768939087507	0.99891115032099
0.9999999021627041	0.99996539110098	0.9995898344622393	0.9973525733223869
0.99999999339769	0.9999983249915732	0.9999810586599326	0.9999041855392868
0.9999999265959858	0.9999770983301638	0.9997324405044281	0.9984279799422544
0.9999997663048905	0.9999194160384763	0.9988964366564957	0.9932032561918739
0.9999999591185362	0.9999875752634243	0.9998500665263679	0.9992539526398018
0.9999999069889539	0.9999745067857941	0.9995845211008108	0.9975873431024629
0.9999999439229886	0.9999841513235339	0.9998231550406768	0.9988490237911601
0.999999908361265	0.9999668081408286	0.9996255871386682	0.9977393772497476
0.9999999816806804	0.9999949031207503	0.9999404046106065	0.9996745042036769
0.9999999312787168	0.9999803407414434	0.9997398419635736	0.9981907560656985
0.9999999284061651	0.9999740459034291	0.999679212963441	0.998414036953172
0.9999999518497616	0.9999870052639696	0.9998194904249535	0.9992233019123624
0.9999997981364569	0.999931093147796	0.9993949901876072	0.9953469834738713
0.99999993161083	0.99997900944164	0.9997441850269807	0.9984454085073605
0.9999999788080354	0.9999940687475573	0.9999424761843125	0.9996253404728047
0.9999998714428594	0.9999574410694498	0.9993781078767571	0.9975162250026666
0.9999999518021525	0.9999844927657545	0.9998033513605249	0.9988332108430057
0.9999999747288001	0.999992876066284	0.9999150708288463	0.9995511625669636
0.9999998971494941	0.999963518260862	0.999508372493754	0.9974787597164897
0.9999999762374442	0.9999928766881134	0.9999212893365018	0.9995324746252696
0.9999999271480817	0.9999748522638414	0.9996654160244379	0.9986257796879142
0.9999998994839288	0.9999659407242598	0.999620264502707	0.9980919485270326
0.9999999883903733	0.9999965699028205	0.9999612519072207	0.9997901389173719
0.9999999714378003	0.9999914440416154	0.9999040738835394	0.9994039218871276
0.9999999492000363	0.9999831879989028	0.9997886990064387	0.9987406606836211
0.9999999326892897	0.999976940342107	0.9996962709126818	0.9984612183539137
0.9999998065911423	0.9999309897403361	0.9994116848007896	0.9957329879837515
0.9999998797244908	0.9999611084198365	0.9994567366744843	0.9969021412890723
0.9999997918650045	0.9999316216613527	0.9991020771309912	0.9950624830408411
0.9999999838597645	0.9999951560663252	0.9999474968511248	0.9996730368256737
0.9999999245600592	0.9999758761840442	0.9997177277914165	0.9984232135842033
0.9999999932794711	0.9999981274829745	0.9999809160275669	0.9998942780851068
0.9999999518595061	0.9999858689799016	0.9997963344792162	0.9989227223337285
0.9999999197134231	0.9999763800076101	0.99968522254035	0.9978778699294912
0.9999999941474933	0.9999983223170306	0.9999818932642369	0.9999226849709516
0.9999998894479116	0.9999651589733256	0.999502621510256	0.9977493453283457
0.9999998456375335	0.9999562475772821	0.9992832633954267	0.9965336654500844
0.9999999671456693	0.9999904031888163	0.9998886555211851	0.9993289463858501
0.9999997951767329	0.9999411747910689	0.9991654103072041	0.9957653889689794
0.9999999625183963	0.9999902790495986	0.9998866928286314	0.9992666026250372
0.9999999806391463	0.9999942939646354	0.9999318224229472	0.999625960401239
0.9999999772750856	0.9999935556788612	0.9999038047357065	0.9995473204292422
0.9999999909878179	0.9999972692082848	0.9999706998474469	0.9998543853645748
0.9999999688602165	0.9999908128429825	0.9998901320827553	0.9994424513391101
0.9999999687646083	0.999991157053212	0.99987964784608	0.9994463267639851
0.9999999715594079	0.9999913445576794	0.9998807915395929	0.9994475305231206
0.9999999548151033	0.9999883834735022	0.999840503941604	0.9989204616897701
0.9999999874215725	0.9999966613645238	0.9999573919511997	0.999809999665548
0.9999999368542138	0.9999802144781428	0.999760821559804	0.9985014229937039
0.9999999931440106	0.9999980007160413	0.9999769792436747	0.9998809944396171
0.9999998731737144	0.9999602421430743	0.9993850746188181	0.9970699962745114
0.9999998299461077	0.999943722508538	0.999352186721401	0.995313419077296
0.9999998862542436	0.9999689604230441	0.9995172875343046	0.9973683609808593
0.9999999676827158	0.999990523719754	0.9998940496309089	0.9992841559205982
0.9999999749535938	0.9999934659292831	0.9999063167418155	0.9995112314770455
0.9999999223105634	0.9999748905026117	0.9996574579033943	0.9981152304580256
0.999999972718255	0.9999914473967908	0.999908601235269	0.9994667504866449
0.9999999859361536	0.9999958507453997	0.9999559416036583	0.9997633898068453
0.9999999440630106	0.9999844113242509	0.999770935164731	0.9991457381872798
0.999999974822043	0.999993191371822	0.999904926932761	0.9994631515285283
0.9999998642163891	0.9999566987629075	0.9993924398894823	0.9961616009218092
0.9999999049061694	0.9999721126507224	0.9996099072923404	0.9976604069623314
0.9999999848723313	0.9999957075661304	0.9999486983555582	0.9997371398162097
0.9999999866907457	0.9999960050488473	0.9999570032693436	0.9998099918589329
0.9999998259975634	0.9999329800908139	0.9991442362052024	0.9954072198269635
0.9999998839337328	0.9999619224911337	0.9996063302641308	0.9975713096224722
0.9999998135787174	0.9999218333871764	0.9992043190619313	0.995246214838476
0.9999998494518677	0.9999517482017817	0.999440804720232	0.9967824509831156
0.999999972296409	0.9999922783557496	0.9999097949925784	0.9994904992191127
0.9999999208820931	0.9999750924660161	0.9996587568888904	0.9981425494400403
0.9999999510094876	0.9999850400906867	0.9998440112565451	0.9989000870006336
0.9999997360754104	0.9999118256818509	0.9988513516847124	0.9938349678642755
0.999999933637477	0.9999815084493979	0.9997561432795844	0.9989148836909653
0.9999998381010814	0.999958958667655	0.999464138228133	0.9961795660246411
0.9999999701907198	0.999990112059563	0.9998823991767838	0.9993436911118923
0.999999986471922	0.9999958514016554	0.9999555548496659	0.999753298345278
0.9999999707650535	0.9999909945032014	0.99990450221909	0.9995022922220772
0.9999999438615822	0.9999854513787437	0.999758477609436	0.9989334200213987
0.9999999688047583	0.9999897436339076	0.9999033155314845	0.999315219028208
0.9999999502622426	0.9999829251478561	0.9997845713771281	0.9989277479948592
0.9999999550968871	0.9999879517697908	0.999832391413491	0.999306219528627
0.9999998932797836	0.9999595862613296	0.9995262289427402	0.9973565909795786
0.9999999160638618	0.9999706669913553	0.9996204215699491	0.9975245173123928
0.9999999167595885	0.9999716284294662	0.9997140788764783	0.9986171222275123
0.9999999631514498	0.9999896792444928	0.9998797791576758	0.9991284811470204
0.9999999664284848	0.9999905027648203	0.9998965395316488	0.9993103374745355
0.999999930777245	0.9999788059085534	0.9996950670645594	0.9989747187095612
0.9999999750740441	0.9999934850551015	0.999917866306475	0.9995568858336591
0.9999998689203139	0.999954091368198	0.9993359590118328	0.9970218413590733
0.9999999867007779	0.9999960411021164	0.9999538952522029	0.999764777860211
0.9999999892219488	0.9999969119882776	0.9999651259955372	0.9998079428006251
0.9999998392033843	0.9999509221021421	0.9993307097871416	0.9965402857949186
0.9999999741323646	0.9999921195622239	0.9999011452144935	0.9994279276416507
0.9999998731781885	0.9999675078896711	0.9994243630908558	0.9965181345061009
0.9999998546572213	0.9999496215871706	0.999333577433846	0.9958084591897605
0.9999998967434534	0.9999620031596187	0.9997617215235344	0.9981462716935469
0.9999999567435477	0.9999882026104173	0.9998327290689973	0.9989147049072097
0.9999999671996928	0.9999893361844729	0.9998931216011993	0.9993739965457024
0.999999977813734	0.9999939135127157	0.9999266436380817	0.9996234451214724
0.9999999728650888	0.99999136727978	0.9999120433235774	0.9994861437049057
0.9999998840907384	0.9999679632173528	0.9995486318009379	0.9970407956659201
0.999999962282574	0.9999903587777376	0.9998600742619433	0.9991738082159437
0.9999999384051702	0.9999801818307197	0.9997547890769294	0.9985691682526647
0.9999999692806647	0.9999915759679574	0.9998784919889329	0.9994756288335818
0.9999999792415525	0.9999932690932157	0.9999343774708359	0.999631726765675
0.9999999452044953	0.9999811360049263	0.9997679680463245	0.9984525148233889
0.9999999776545473	0.9999936461819967	0.9999177631014847	0.9995296200301137
0.9999999229766299	0.9999784476758288	0.9996399043430545	0.9984911726860136
0.9999998965736784	0.9999664944244645	0.9995447896337013	0.9976066285994266
0.9999998928910016	0.9999696738344195	0.9995428092351608	0.9977440583972325
0.9999999415424914	0.9999835959899648	0.9997818270350978	0.9986345994019695
0.9999999604698272	0.9999873827614526	0.99983978867097	0.9991408232386041
0.999999794319032	0.9999279880447304	0.9989346421111926	0.9961897108946446
0.999999878898077	0.9999585716175685	0.9994707131173518	0.9979594707902333
0.9999997631250553	0.999939649826343	0.9989165014036717	0.9938346965448456
0.9999999892938394	0.999997257599992	0.9999667168418686	0.9998270912770785
0.9999999386899069	0.9999793063495936	0.9997658921620611	0.9987074786719952
0.9999999910394219	0.9999975518909573	0.9999708836692253	0.9998477720703355
0.9999998856239763	0.9999610025459509	0.9995425257598375	0.9966977680751941
0.9999998747376878	0.9999461808670101	0.9992899832496521	0.9964414896843757
0.9999999642176298	0.9999884605903125	0.9998454739730828	0.9992123564686639
0.9999999007889757	0.9999668143692975	0.9995936743821489	0.9976109847911785
0.9999998494568593	0.9999404071206582	0.9992678238656554	0.9964219728134188
0.9999999967409532	0.9999991220136757	0.9999908267542815	0.9999526119433675
0.9999999674659055	0.9999901867547802	0.999901683560633	0.9993366985994478
0.999999938796758	0.999983260273856	0.9997489361036511	0.9988888848446791
0.9999998911063107	0.99996513253064	0.9995450761755873	0.9975570067422374
0.9999999528774567	0.9999852789816652	0.9997932628125457	0.9988279138876581
0.9999997541406054	0.9999253728304263	0.9986482735645331	0.9930889618334192
0.999999992100076	0.9999979916399341	0.9999785125776027	0.9998744747726026
0.9999998832952894	0.9999600687416492	0.9994407623544205	0.9968757587596284
0.9999999669456894	0.9999905247302533	0.9998920433810672	0.9992869078379084
0.9999999951807843	0.9999986910461448	0.9999867705004474	0.9999337859195878
0.9999999050940506	0.9999746237162185	0.9996321978084166	0.9981361373927083
0.9999999304295384	0.9999798235396808	0.9997604988912054	0.9984018901651953
0.9999998690099106	0.999955047763393	0.999449745363343	0.9963703714551603
0.9999999892232165	0.9999966848050138	0.9999651768902589	0.9998247709493068
0.99999997862525	0.9999939074837053	0.999937487784902	0.9996183183720195
0.9999999053620793	0.9999647610532888	0.9995355158935765	0.9979137578095651
0.9999997789341541	0.9999310249248421	0.999092283311111	0.9940794166940241
0.9999999177977171	0.9999782388318033	0.9996765652039079	0.9978905766455064
0.9999999826728619	0.9999949063544796	0.9999368782467475	0.9996637045815426
0.999999929131563	0.999976931281286	0.9997145713295119	0.9986182340535681
0.9999999428646985	0.9999840332683984	0.9997582484596981	0.9988157674762184
0.9999999193309552	0.9999754720212032	0.9996783750744356	0.9981884011158672
0.999999992252548	0.9999977374003086	0.9999733781559361	0.999873731666849
0.9999999124339071	0.999970644921768	0.999695648181665	0.997979930192182
0.9999999778260946	0.9999933248066181	0.9999320241811827	0.9995663142001115
0.9999999872460053	0.9999962704540296	0.9999619676880478	0.9997696286252877
0.9999999649808805	0.9999891932858423	0.9998797368861562	0.9992906555606017
0.9999998861938132	0.9999626825847049	0.9995821923220513	0.997342867075193
0.9999999571141474	0.9999879674119999	0.9998491249184186	0.9992846896289238
0.9999999928468051	0.9999981268641591	0.9999805360506645	0.9999056252411614
0.9999999836123623	0.9999948649031918	0.9999400252166716	0.9996683681495488
0.9999999719524468	0.9999919969760965	0.9999092050428995	0.9993950050033844
0.9999999689493437	0.9999908104923515	0.9999005538100407	0.9993718922045545
0.9999998046712723	0.999950489086248	0.9990445348593924	0.995157705536262
0.9999999236466343	0.9999737641890813	0.9996777177929129	0.998417245254096
0.9999999163508166	0.9999720469397446	0.9996620602901438	0.9979824472792074
0.9999999280574112	0.9999793791571073	0.9997348579116998	0.9987895845778287
0.9999998318575369	0.9999557334470577	0.9994035659816299	0.9960472329927368
0.9999999644071744	0.999988655172411	0.9998641611260611	0.9991307447094813
0.9999999561762863	0.9999861452242449	0.9998614581473231	0.9992852395601187
0.9999999879581513	0.9999966445377971	0.9999645801634242	0.9998029881395902
0.9999998495035991	0.99994330150604	0.9992899891686985	0.9966248322230462
0.999999944079605	0.9999820167122782	0.9997673450069035	0.9987536896062783
0.9999999306671917	0.9999775875170753	0.9996798227246257	0.9986632421499889
0.9999999768092925	0.9999931720312268	0.9999194012449447	0.9996346029551015
0.9999999726628082	0.9999918224194229	0.999902383379624	0.999373183338535
0.999999964547013	0.9999905542992173	0.9998763412829618	0.9994739398432396
0.999999969213984	0.9999904875603335	0.9998777939963948	0.9993713586824844
0.9999999752964537	0.9999932581953012	0.9999106475937624	0.9995895027640306
0.9999999807995202	0.9999942876898168	0.9999359667910036	0.9996235974156766
0.9999998975076845	0.999966851499484	0.9995833371381794	0.9977369832923175
0.9999999023403765	0.9999636642756787	0.9995960189147715	0.997869608043285
0.9999999927722878	0.9999979450326566	0.9999790256121496	0.99989593490772
0.9999998912054463	0.9999657747071806	0.999605843886453	0.9978429770570613
0.9999999808862139	0.9999940897702211	0.999935327064625	0.9996335880776694
0.9999999132597492	0.999971574981369	0.9996529242855141	0.9983683342544202
0.9999999087216734	0.9999683623774569	0.9995662328778131	0.9981780420954561
0.9999999580932728	0.9999852456528516	0.9997984866837297	0.9990308539627847
0.999999940746835	0.9999796285526356	0.9997884609169496	0.9988800622391889
0.9999999651827914	0.9999895113197398	0.9998641056856153	0.999264049687006
0.999999969177036	0.9999918329874157	0.999885545726992	0.9993923243627014
0.9999999057818553	0.99997033730918	0.999664529230343	0.9976504937100774
0.9999999252341454	0.9999820157679483	0.9996952125699333	0.9981497874884437
0.9999999766968414	0.9999934372936017	0.9999223794296326	0.9995996814325621
0.9999999362722182	0.9999826866185071	0.9997810915230779	0.998567717606881
0.9999999320893178	0.9999754913768502	0.9997474783065621	0.9984685424670778
0.9999999918578004	0.9999977926513807	0.9999751715500033	0.9998635944130199
0.9999998839034495	0.9999640698695758	0.9995317234424497	0.9973169225101091
0.9999999378796779	0.999978869502444	0.9997418515655601	0.9988095487430213
0.9999998939578612	0.9999710432643397	0.9995306392825166	0.9977414118740611
0.9999999081288876	0.999974977037933	0.9996130919246049	0.9974735990220464
0.999999964908514	0.9999895097921713	0.9998645990605356	0.9992353098391826
0.9999999676361289	0.9999892245456788	0.999887555646275	0.9993776958949419
0.9999999522654713	0.9999865562893576	0.9997993134711745	0.9991020740498024
0.9999999844700231	0.9999952065954426	0.999941191991933	0.9997055676818059
0.9999999316243653	0.9999798585745404	0.9997192140612787	0.9983813982299994
0.9999999463052975	0.999983393474723	0.9997576100245885	0.9987865365891538
0.9999999600753972	0.999987529491307	0.9998914708483332	0.9993627828917931
0.9999998154724428	0.9999529499163405	0.9991023083780912	0.994996151047625
0.999999843567383	0.9999457337374216	0.9992510726038553	0.9963027897064662
0.9999999058102822	0.9999704503903387	0.9996139067078662	0.9981070101798067
0.999999952005508	0.9999869538366783	0.9998206013117453	0.9990325447948435
0.9999998161174104	0.9999327232040365	0.999293070465976	0.9955678601697957
0.9999999422542559	0.9999812554279408	0.9997675465746846	0.9985393882400294
0.9999999692794233	0.9999922017015687	0.999890494332661	0.9993928953826375
0.9999999576910951	0.9999882236857021	0.9998474661476279	0.9994222366839502
0.9999999693906785	0.9999908344800018	0.9998795387565563	0.9992082226536584
0.9999999610767081	0.9999880619681879	0.9998629303218803	0.9990438458911778
0.9999999904344361	0.9999972917600651	0.9999695850059942	0.9998343332933788
0.9999999451417121	0.9999850403016078	0.9997954570438732	0.9986813250669796
0.9999998936487584	0.9999683910474427	0.9996094877865839	0.997214461710663
0.9999999223178767	0.999975459047078	0.9996596128931003	0.9981204778672879
0.9999999141040289	0.9999720871057711	0.9996819729048989	0.9985483208990115
0.9999999502146424	0.9999828859721641	0.9998045194613441	0.9990060685931162
0.9999998417551638	0.9999558595328657	0.9993035318220538	0.9958866705731999
0.999999928488484	0.9999750498812582	0.9996600006942815	0.9987784131595423
0.9999999172627186	0.9999745325374456	0.9996453519119889	0.9980078332913658
0.9999998151831567	0.9999374756394427	0.999386656341938	0.9957294264760003
0.9999999705967397	0.9999918312913372	0.9999221968239665	0.9994254892895182
0.999999967390655	0.9999899425299134	0.9998827856742374	0.9993458617710839
0.9999999822620568	0.9999952693300828	0.9999378693361652	0.9997180254495855
0.999999966207175	0.999991286917479	0.9998699845523591	0.9993136927182001
0.9999998233359508	0.9999372279854213	0.9990445454157507	0.994348905073374
0.9999999031518685	0.9999687807777857	0.9996556155165809	0.9977676481356128
0.9999999504505981	0.999984239530641	0.9998343536808957	0.9992838597216493
0.9999997961715864	0.999922252821622	0.9990003504702847	0.9944024841034848
0.999999858542427	0.9999583216150926	0.9993065676054795	0.9961772660328382
0.9999999614111689	0.9999885002489456	0.9998453107063743	0.9991850940090029
0.999999954772475	0.9999858446194201	0.9998286650303819	0.9989706353859221
0.9999999720771333	0.9999923523586295	0.9998834650581815	0.9993980270703456
0.9999999667244979	0.9999907772056766	0.9998779447381716	0.9993034956956168
0.9999996947540202	0.9998863641376639	0.9983184146022361	0.9927202747028464
0.9999999448315874	0.999984983886573	0.9997197734156483	0.9985028689331061
0.999999909563003	0.9999741067763718	0.9996885301631155	0.9978370051499005
0.9999998526361852	0.9999506662612225	0.9992774893479602	0.9967724759472486
0.9999999803028145	0.9999942289975745	0.9999303170029477	0.9995939891079196
0.9999999872694009	0.999996694020554	0.9999644335585992	0.999774939286741
0.9999998690814114	0.9999628996451917	0.9993867789619394	0.9967181685415291
0.9999999658283872	0.9999896518354485	0.9998683000639168	0.999449414545506
0.9999999596100653	0.9999873207886452	0.9998636884209519	0.9992904666508668
0.9999999731293064	0.9999917784255591	0.9998996610524189	0.9995209260919516
0.9999999725236428	0.9999921447259525	0.9999266929522501	0.9994824380478087
0.9999999734742958	0.9999917466575007	0.9999072596252535	0.9995295147470253
0.9999999709912678	0.9999927008231579	0.9998929852959141	0.9994301060191697
0.9999999270396386	0.9999739243299477	0.9997229483069615	0.9981289214100268
0.9999999290759178	0.9999778347341561	0.9997707448246924	0.9983408340842814
0.9999999472625665	0.9999847298640212	0.9997849311481146	0.9987948212710228
0.9999999662476449	0.9999896606805541	0.9998800926354091	0.9993851545142188
0.9999999233924417	0.9999761513478754	0.9997142513666916	0.9982960192786047
0.9999998507853408	0.9999456353680805	0.9993162900742637	0.9961950929454484
0.999999842847353	0.9999476621096339	0.9993977044220507	0.9964713071150589
0.9999999645921205	0.9999897295042779	0.9998587848604396	0.9991446852204178
0.9999998117353935	0.9999351429964842	0.999218800916029	0.9953695996955119
0.9999999722710902	0.999992189416207	0.9999176084315899	0.9995120581165646
0.9999999446121364	0.9999812561943034	0.9998280680771925	0.999008118569596
0.9999997244518722	0.9998739225052591	0.9985208080639697	0.9900657011260883
0.9999999910137578	0.9999974812090131	0.9999712968062644	0.9998583208737859
0.9999999517112717	0.9999874366428071	0.9998243896898834	0.9992141648194832
0.9999999014760588	0.9999662577238609	0.9995458686486138	0.9981294873718876
0.9999997828586468	0.9999388048476829	0.9990694258655103	0.9956662807876914
0.999999894626143	0.9999638411133371	0.99945513943471	0.9975083647874426
0.9999999789976955	0.9999936435267294	0.9999390793776226	0.9995832605336381
0.9999998808318362	0.9999599289370397	0.9994771156850155	0.9973079472698375
0.9999999553622906	0.9999869587747313	0.9998613189107327	0.9992053424513953
0.9999999431235619	0.9999838506370605	0.9998200674844473	0.9990399976662777
0.9999999917015877	0.9999977794539182	0.9999760160090118	0.9998645043650162
0.9999998533069342	0.9999465184909923	0.999226992000661	0.9966224449479395
0.9999999876231201	0.9999963377303055	0.999955199735653	0.9997866952497332
0.9999999913244898	0.999997615113943	0.9999732180902206	0.999857477385863
0.9999999455493956	0.9999833781261029	0.9998065329972287	0.9992541656300863
0.9999999083291142	0.9999703743653223	0.9996106438190189	0.9978684759269117
0.999999903471506	0.9999715445284012	0.9995543405773937	0.9973681771258839
0.999999819740199	0.9999509197110018	0.9993273026703963	0.996040536704484
0.9999999654089162	0.9999900185649213	0.9998904735264289	0.9993389870068129
0.9999999123041704	0.9999706728151572	0.9996070731777287	0.9979572445791475
0.9999999665412657	0.9999915369639758	0.99990225280895	0.9994302810332225
0.9999999584223818	0.9999882197222113	0.9998434303802883	0.999102046442913
0.9999999349489465	0.9999801579588893	0.9997103432134118	0.9989954112990707
0.9999998855632584	0.9999623097606217	0.9994762306871526	0.997321388694938
0.9999998995620939	0.9999660341121708	0.9995464733580638	0.9977563344415924
0.9999999394858646	0.9999804163292239	0.9997562341086251	0.9988474296515829
0.999999966531276	0.999990713954958	0.999888993040341	0.9993818691099785
0.9999998182558778	0.9999458768210031	0.9991086796996239	0.9951491021608222
0.9999997592976119	0.9999176941688788	0.9992473227213431	0.9943833011297504
0.9999999251145982	0.9999757384810887	0.9996609792568594	0.9988521684625175
0.9999999672952878	0.9999908336681446	0.9998912282930734	0.999319622798295
0.9999997499132391	0.999912102274496	0.9989596354619074	0.9937468192270053
0.9999999871751561	0.9999965022323157	0.9999579754084984	0.9997679611375352
0.9999999267813406	0.99998003394217	0.9996887063411848	0.9986027143003996
0.999999957231321	0.9999873749061391	0.99984124122468	0.9991599671169266
0.9999999165565844	0.999971745408831	0.9996876883612325	0.9983168934158942
0.999999958180805	0.9999864147070144	0.9998402279388181	0.9991955674455153
0.999999985579036	0.999996035640705	0.9999467480271153	0.9997629122069319
0.9999997421163219	0.9999058196212499	0.9992033072536095	0.994624497268766
0.9999999882752382	0.9999967762799131	0.9999587819159966	0.9997739117927188
0.9999999846750269	0.9999955750785074	0.9999487199955371	0.9996898994237807
0.9999999809787826	0.9999941839107427	0.9999422831504021	0.9996888153792093
0.9999999927517271	0.9999977983311705	0.9999773118404236	0.999883967998353
0.9999998728186711	0.999969992327734	0.9994382058556017	0.9970899284290471
0.9999999634313933	0.9999897784527323	0.9998714868714619	0.9992528879983249
0.9999999919308952	0.9999976188414784	0.9999751758451052	0.9998790581855137