0.6808278073908011	0.6799057353710036	0.6705104865907213	0.6708086015190704
0.698690218899924	0.6971203479736974	0.6890494066395818	0.6964306423811285
0.747010754967485	0.7458963711911067	0.7307994329928914	0.7445575015505315
0.7811990240086217	0.779056696021393	0.7683092593335102	0.7801852207581578
0.5771100231953452	0.5774923870652562	0.5693359463242424	0.5673687360482373
0.5998230365740516	0.599984989366494	0.5933040105434536	0.6065908467127197
0.5818052518319828	0.5803100091504447	0.5825388732727111	0.5769732251337886
0.6285422514806763	0.6203461962403375	0.6200544301932699	0.6263639917972441
0.6396466249723287	0.6371919735277053	0.6336832977165489	0.6305201778816826
0.6288952510621324	0.6293474899153054	0.6269605384114637	0.6310786251887083
0.5494114104342482	0.5417802648710879	0.553001457744568	0.5458725166907349
0.6226546696467882	0.6250647362451659	0.6165946793766026	0.6192824673630899
0.6270304966298235	0.6231089237988481	0.6228531847162898	0.6071199414541697
0.7383340347133466	0.7296702634132084	0.7265655363929141	0.7298494995166126
0.6370320857188079	0.6344311049841056	0.6283163618392967	0.6282472993909003
0.6839819387874513	0.6809980542938123	0.6855653308620285	0.6767999321151973
0.6380372119438257	0.6370822249444054	0.6344512483520819	0.6210816499233758
0.6216128291047561	0.6195699258709281	0.6213718921442037	0.6170267460333945
0.5324146540254971	0.5417525063980013	0.51250935001958	0.5117495187244034
0.7495705050234888	0.7508367989384773	0.7544689084240038	0.745698465148802
0.7795873769614874	0.7778158663614241	0.7776049772138798	0.7706851931639421
0.5220338112762785	0.5220378633780651	0.5255960466915387	0.5173474074448741
0.6244664778690873	0.6247715831945481	0.6144114074250588	0.6106312472570944
0.5787336878231564	0.5779710781561089	0.5820396650030893	0.5773668493978572
0.6660385791746226	0.6665119107442417	0.6579655359402984	0.6608260809304308
0.7020247551961646	0.7042529549710488	0.699383345494839	0.7029967724089249
0.5966926954366134	0.5916923227493983	0.5834047766722072	0.5800995064721177
0.5333152258860858	0.5317184226485182	0.5349938545952486	0.5251712280448475
0.7028225278646864	0.6978851586329916	0.6962372216507978	0.6816332069115092
0.5366840232659403	0.5348892499682577	0.5359647814269656	0.5374045533776499
0.6940370842145163	0.6928009610279604	0.6924302537713076	0.6982436671922704
0.7416220579349186	0.7393016232205247	0.7381294082544402	0.7367831956318128
0.67150893031532	0.6697503734190001	0.6637285474808131	0.6617821905601201
0.5652431172750908	0.5648190667794999	0.5570011400930409	0.545157736428694
0.6458888362176646	0.6412648187629048	0.6417036001659487	0.6347801326629514
0.6422884216828628	0.6413747942904486	0.6394635518998735	0.6257992486788526
0.8349931554014138	0.8320669105947642	0.8283229741167314	0.8291780613258991
0.775374230606257	0.7709798710365839	0.7742711734253146	0.7579074518117641
0.5845870037928407	0.5834053273997784	0.5836641292314372	0.580908079350219
0.6828435176133435	0.6811160349919138	0.6854244769207825	0.6749851806962982
0.7604049570048604	0.7616857764179699	0.7629322829050552	0.7572816911875445
0.7548896526878466	0.7502112864354774	0.7547819194542968	0.7502750725352896
0.6924682256187025	0.6933081590672369	0.6832652976461975	0.6891998375179841
0.571985795537121	0.5722387476293712	0.5625236791876107	0.5544106732536305
0.6620709914132863	0.639191240795488	0.6394458669180128	0.6363235084894997
0.5585440945601065	0.5526647270311138	0.54551740596037	0.5339686306459147
0.610017368853958	0.6072666075921263	0.6076071444425765	0.5979414914522662
0.6502096950166669	0.649945607698275	0.6491311202132699	0.6544604522103213
0.5653618503486207	0.5665154938360104	0.5617800746491225	0.5551601777886959
0.6127613721948455	0.6145414320387419	0.6159264662647085	0.5908195876622152
0.6668096469298838	0.6653475934586564	0.6628631958302424	0.66521939084216
0.5762590443847886	0.5819846826184706	0.577771192246083	0.5842398657249059
0.6774439217379394	0.6751944690913156	0.6765845144879912	0.6715832271458381
0.6594757298543136	0.6568485784479082	0.6594841767077891	0.651374586444601
0.6188745947777605	0.611656861281112	0.6161653894345364	0.596751734533279
0.5980025264052506	0.5916777266759861	0.5894995820292279	0.5877129994971911
0.6913134835613908	0.6914705967717522	0.6785828017496027	0.681713061927627
0.5910068963027801	0.5880469960342375	0.5877971328753141	0.5691803195077254
0.5733457345721659	0.5706496527449798	0.5613050133403605	0.5687243852698599
0.7066417539258465	0.7026455020389312	0.7043271285056788	0.6978806578986146
0.7038652830879644	0.6956270565625285	0.7115901429059881	0.7094935514659596
0.6154929264571513	0.6133554049711569	0.627586190711949	0.592343213829134
0.7515585705824731	0.7542085390904866	0.7502344260127849	0.7366083510616489
0.6419479488555699	0.6284818857853035	0.6327245606562476	0.621644515495837
0.5828829289012408	0.5799108469659169	0.5983928332393478	0.5833539195006002
0.6293461777797865	0.6296537301696891	0.6215110085664837	0.6074537426936741
0.672729852811558	0.6737902528347293	0.6604959269763893	0.6653476285755818
0.7193950069340365	0.7189170875539183	0.7141158526512789	0.7163459195635957
0.6369590263748846	0.6286420531571064	0.6186160630946376	0.6315264151812368
0.62566208886959	0.6241486800731822	0.6229707901235857	0.6101478066586608
0.5775653414424886	0.5664138812819287	0.5715168003389786	0.5686896263244263
0.6135552152206731	0.6128004575511536	0.6165290506418211	0.6157450586398215
0.5543166164263351	0.5551904595482975	0.5468784434470042	0.531741382905337
0.7310477159681178	0.7310533601268426	0.7335786582969984	0.7263768061882914
0.5982056344923664	0.5974576299294639	0.5931260527055734	0.6016331021850388
0.635695555618362	0.6354694626234735	0.6357042905014163	0.6254576587432598
0.5582534188946177	0.5578772084978856	0.5520904759291875	0.5524008993170842
0.7462527993738789	0.742581502480117	0.751958969149372	0.7342909332249544
0.637007609510244	0.6397657430318997	0.6280442434556399	0.6282899662434466
0.5969047421491542	0.5900539403864298	0.593442018659351	0.5930654286714093
0.6097394481939054	0.6082422899813587	0.6021471827381123	0.6141154084516737
0.6463493480559102	0.6409160940948662	0.644408830453113	0.6485594535732717
0.5953737617632197	0.5764827020767744	0.5742311281149837	0.569987232686644
0.6405045859066855	0.6355451415414162	0.630656613428217	0.6251253740598278
0.6150905437852048	0.6090034014902415	0.6011350694397847	0.6107807046903635
0.7767020260134657	0.773425312709159	0.7684422176740037	0.7697778409780831
0.5506726587487989	0.545927555085388	0.5504172047522734	0.5391954145172771
0.6180262145448274	0.6192407706933772	0.6102372063838808	0.6258545928358424
0.600711049944518	0.5968718504799824	0.5933441666619953	0.5985994224961962
0.6427713985560344	0.6455000655042777	0.646420967763636	0.6458740269058975
0.8042600882572624	0.8041987535887958	0.8032464940709121	0.7995013346636892
0.7692316095317308	0.7654562925746827	0.7696674486425458	0.7551089135953064
0.567031041639981	0.5649398755713014	0.5686279377280881	0.5571682508249236
0.704613203877657	0.7036957976412053	0.7015675456023038	0.7107943292934764
0.5708879200071277	0.5757589727728565	0.5756561958824736	0.5605660666169959
0.7064061998194324	0.7053252552916538	0.7007596345100106	0.7147363808538948
0.6086292865424071	0.607317881021521	0.5898481493042833	0.6022061785938496
0.6355422425179643	0.6335067491633172	0.6260388830698409	0.6391914399103085
0.791606296492753	0.7879311320948855	0.7873472404446041	0.7748049659072727
0.597671099878199	0.5967515710720752	0.5969708343472789	0.6013374230133419
0.771483638735872	0.7669149361130339	0.762077709707951	0.7491134708671531
0.5683397070505667	0.5646127618230427	0.5608087778700024	0.5568640681827798
0.8001567306819207	0.7975368231838263	0.793929889856361	0.7948781024570344
0.5472787186193219	0.5508687103991406	0.550241619110451	0.5443790265698892
0.5620623545649202	0.5586425927384228	0.544477489376028	0.5391645039396675
0.5901823187977938	0.5917791673101273	0.6009321649785547	0.5853890865568535
0.7943435328993853	0.7901589531715262	0.7849319358153308	0.7682429620291448
0.6712034573504256	0.6638201324372909	0.6765935438314127	0.6447313822711855
0.678003046307339	0.6712298231869799	0.6724842954583972	0.662057486293113
0.765025477503725	0.7687172794396062	0.7502095034314417	0.7546040031207027
0.5682189681848766	0.5662613697850017	0.569544584843361	0.5725918043678156
0.5812545738816385	0.5795014786990507	0.5771287091999039	0.5814564637289816
0.6011823522105284	0.5977151478948384	0.6001505679589165	0.6193435040133876
0.6131353488335521	0.6129750962820119	0.607213029023492	0.6188573512820411
0.5370029617063145	0.5388584386993679	0.5395190967421768	0.5209432192763085
0.551719989400004	0.5459222481559487	0.5516406813363876	0.5419598408937776
0.5581855061631369	0.55442136057568	0.5496331991942237	0.5480297438528091
0.578277840699685	0.5811199979428151	0.5802839548307509	0.5565725471145818
0.7794959480135579	0.7798929390419855	0.7791234381702634	0.7590383751354401
0.5230267303611605	0.5261726866658636	0.5112708170079757	0.5255893135353357
0.5911203849172939	0.5913905512647243	0.593804532740711	0.5714278187095154
0.7490993846558178	0.7488822042381903	0.7458123975329859	0.734740968361644
0.7232493867382115	0.7256271520606381	0.7191366130097029	0.7169743136865927
0.642940611743572	0.6396699202703366	0.6303125144173972	0.6326292976469765
0.7038829507555794	0.704187902325983	0.6941824699270923	0.6888690972274799
0.5761003638817112	0.5760319637002859	0.5724641624869604	0.5711099267231324
0.6817736690431909	0.6794358668728352	0.6818560932660697	0.6756706501964495
0.6567576884145742	0.6541028179815913	0.6546511959380984	0.6512450371669706
0.5433190876387499	0.5369265457071347	0.5456787195477774	0.5174024600683101
0.6696090635101178	0.6663642967316497	0.6687732437212475	0.6513417125327577
0.6324472711225192	0.6312803221412283	0.6264395268769796	0.6186757498704664
0.725830286957321	0.7244230886219947	0.6983169126999077	0.7200743993401952
0.5407321715818811	0.5394597528756356	0.5425032379038456	0.5240392181657367
0.6584702911302243	0.6590478779241485	0.6591912803400292	0.6478649047965556
0.5871058779666206	0.5783434700622675	0.5869697430855809	0.5623527036960108
0.540050710833528	0.5376209195824553	0.5276031741870763	0.5367031779958054
0.6903508288339103	0.6920108425620312	0.6880789824385583	0.6793635679627513
0.5720136799297932	0.5738230499959681	0.5608350773222014	0.5713961341434783
0.5492860704327941	0.5418822760082841	0.5523526343197294	0.5497706613473263
0.5853301637566254	0.5854606758754342	0.5805071809547026	0.5652431573451324
0.6867153736334093	0.6840130615913178	0.6859124940514368	0.6674684296050751
0.6726998518509505	0.6699433691469426	0.6606767415764807	0.6593294570926791
0.6453427167125717	0.6402529027030553	0.6407344146195176	0.6270673182226798
0.6156029357436472	0.6104496763523555	0.6110172700785507	0.5999539758510936
0.7524891488479045	0.7455581208206199	0.7454315939962652	0.7335660741102521
0.591410217973392	0.590404135525793	0.5774279223502544	0.6053297923445955
0.6149184947770896	0.6158297622264933	0.6092239873864715	0.6092054527075603
0.5739920745928022	0.5758778401635594	0.5721014115441181	0.5662488434790548
0.6869340816812403	0.6878825844967313	0.6852985699994685	0.68095844120468
0.6161930117778506	0.606836683680494	0.601651263846575	0.5830142816568994
0.6505956636420221	0.6501387494399196	0.6371044610849724	0.6457378055757018
0.6867954244044775	0.6865447093005248	0.6822010310411285	0.684321392801301
0.7225134394678692	0.7174773774388301	0.7269224120488325	0.7144156313907354
0.5509458266897207	0.5502087649400035	0.5558519282951865	0.5414311970456436
0.7499556190941051	0.7495057185854244	0.7518847453908667	0.7481731569387275
0.6061414934845336	0.6061206148481176	0.6029233914979003	0.5994219557070588
0.7030065573749782	0.698009877292364	0.7001578849967245	0.6878514453219521
0.512731142331709	0.5137396657099081	0.514362212294346	0.4949909956561829
0.6107423786945432	0.6001509250913712	0.6119178210249233	0.6095539823935539
0.5942819998757607	0.5959793032532157	0.5841918007957018	0.5761397867240048
0.6674945768872835	0.663608891345821	0.6661513070720746	0.6631609868417729
0.6851816414868408	0.6814230846333312	0.6766214706432992	0.6812698657954498
0.6199223248952078	0.6162330792093907	0.6115334201345265	0.6074205895303122
0.7787087096274892	0.7684562374346112	0.7781481512295677	0.7630649669210618
0.7086433802980431	0.7055517020909037	0.7112839878699988	0.7085810655004909
0.6254445854022794	0.6300880892062724	0.6234848731598506	0.6089233749147613
0.7097681461508067	0.6978306118996488	0.7216189867540024	0.7159533518760622
0.7160129399709632	0.7070948438718173	0.6945599739281167	0.6957235976127445
0.5867219024978467	0.5863651734647471	0.591573463676549	0.5786448269055073
0.5783922169813067	0.5779399845067481	0.5752384460544817	0.5792287143970346
0.6510084495756263	0.6488738288611607	0.641064091205331	0.6531298457965815
0.7893618412988583	0.7895270665674666	0.7823486074514694	0.7824770835762472
0.5253538174587538	0.5145621355264631	0.5176741673940597	0.517511747960774
0.7251381287243017	0.7234671134966851	0.7290217447445839	0.7085938723839925
0.548234605502168	0.5477960256923421	0.5223958266871385	0.5267884062202913
0.5835635751541474	0.5805143382214015	0.56537841616526	0.5648995142419724
0.6426400903250796	0.6402437409533976	0.6415618937455284	0.6130381582968495
0.720589449091595	0.7183402438968323	0.7193713785370296	0.7081507927940454
0.5501132457035371	0.5427154495671869	0.5528177663576835	0.5327424633507492
0.6274650024307834	0.6257101555313307	0.6123575814906632	0.6249868550049462
0.6616022080886881	0.6589830200251421	0.6465959650704852	0.6476002372437405
0.6059796185385692	0.6014784803015645	0.5998823413806693	0.582466255511087
0.7921302149144996	0.7942842032547958	0.7853836620870619	0.7857040236908603
0.6176420295908707	0.6143543700532873	0.6093731030276764	0.6185253083055353
0.5849185623286853	0.5804407054340093	0.5750482865554366	0.5724202749612298
0.6062035430977263	0.6032502964804521	0.6031001937168277	0.5931473758192983
0.5810828687612641	0.5803819136553743	0.5810437590323162	0.5735921416855305
0.7167124552413437	0.7163805118480261	0.7111893694785224	0.7053600306506157
0.7520301997360929	0.7574449905165157	0.7459674135675223	0.7499070681745507
0.6695167037417682	0.667301202554101	0.6674308021246665	0.6651310814698301
0.6118901423303432	0.6103725740933958	0.6126580260611062	0.6139791706212282
0.7378934412888869	0.7327055207814227	0.7273931688494749	0.7456578692677173
0.6073991576475679	0.6074151383211185	0.6039756922882692	0.6022835844809035
0.5764555366738716	0.5792006549003005	0.5757334471821507	0.5759275048174758
0.7398686072541675	0.7435114916413915	0.7445953224806636	0.7272132903726946
0.8129960482887527	0.8121348906406525	0.8079545418931215	0.8014373864643147
0.7188971071479733	0.7128928929008127	0.7084500844609138	0.7030093106626372
0.7339665976984723	0.7339910350826214	0.7250253481430228	0.721349864348174
0.5226932297758522	0.5246847208272053	0.5248260430401691	0.5293997859522029
0.745693270089465	0.7435028820454593	0.7448537667473106	0.7418111062722986
0.7183486471573252	0.7146949480454129	0.7082556774134657	0.7020230662845668
0.5916342433871211	0.5885383889673059	0.5865004028967162	0.5955200875935471
0.5498705102270289	0.549169794148586	0.5500400611295307	0.5445729718233004
0.567460001923957	0.5658768879822221	0.5611631433492842	0.5726612800862085
0.6446868649215532	0.6461795304047223	0.6403809025157587	0.6410261741811549
0.5787181839729881	0.5778464836155531	0.5764635150277237	0.5726711925270578
0.5196428849443684	0.5236600323705098	0.5114328584333275	0.503278346250486
0.6009449113415702	0.6004095251064887	0.5983467598031148	0.5943273758335672
0.6241466144089948	0.6192907108093705	0.6225886911332307	0.6066280827681126
0.7153735181224348	0.7150905421023867	0.7139809268445421	0.7068536803048071
0.7882692370235709	0.7838203020015022	0.7865141810554023	0.7770941926037761
0.6324180553668448	0.6306181682744849	0.6287549268903808	0.6304435429027199
0.7123512554926048	0.7118058960390153	0.715790526168088	0.6892678991593855
0.8358653279611398	0.8324546998126459	0.8315921566760304	0.8267534172043862
0.657296441584427	0.6558484353236145	0.6584783569096087	0.641198759959192
0.8400426441616914	0.8388599781513487	0.8279461182250539	0.8273844872703494
0.6630796213478195	0.6618491887068415	0.6618085777698279	0.6651085399491611
0.739058665747546	0.7367468188303797	0.732448103961556	0.737927156449778
0.5878810915928365	0.5827921237515473	0.5706315232365703	0.5716488306277925
0.8323061042978587	0.8297011863620802	0.8237734672201247	0.8191057308756914
0.5834597269504412	0.5741328119597991	0.5906692835824089	0.5736803572458754
0.8041636764852357	0.801357517323673	0.7943032269393232	0.8087612888686397
0.6202538413372042	0.6190263988747456	0.6148748638871858	0.6235655751682484
0.585547044135058	0.5857548521035493	0.5844059735252737	0.5913960616972814
0.5831881311366787	0.577528244266914	0.5807457159572105	0.587478345197019
0.8586986938723818	0.8585928268445472	0.8553438735715724	0.8543737099556195
0.5582169129229003	0.5629513623291962	0.5493628383703872	0.5565702130126188
0.5968656259621488	0.5935794981788542	0.5769412223098698	0.5675471406697965
0.5403135377229124	0.5386892564622338	0.5382816136146161	0.523017359664011
0.7350102761253642	0.7326256183273845	0.735503605643973	0.7250069462519706
0.6485472655377094	0.6473783436490734	0.6461687802761306	0.6389489684510491
0.6155058047219928	0.6110138984722174	0.6057368290587338	0.5902058544411122
0.6194512533740194	0.6281970698658778	0.6064351270679412	0.5975070456439806
0.6043457330164075	0.6056270228224722	0.6001197181290427	0.5969321468769274
0.6805400579159191	0.6774782203561786	0.6668363363160059	0.6671957539831297
0.758872311985323	0.755455321054153	0.755468071849111	0.7556142278788559
0.5698754616384731	0.5707585203635512	0.576358508866973	0.5744782354554155
0.596062395268196	0.5963854308011721	0.5968347443561584	0.5893911124247228
0.571324614352068	0.5693396547499158	0.5755073430754671	0.5570213681151863
0.838146574870634	0.8382593789010824	0.8266713092822464	0.8260102979134157
0.5337607370788412	0.535080922207561	0.5255139043274373	0.5162926729941554
0.8678405016382224	0.8637167785818979	0.8574734955506312	0.8232962176694796
0.645246770881289	0.6473010191779136	0.6297528455561799	0.6396144983466571
0.6283385591369636	0.6301134543332538	0.6211225761165162	0.612147529021023
0.5756778559863363	0.5739811382508733	0.572439922309294	0.5694862306572351
0.60764819773736	0.6058241398890877	0.5998411861726366	0.6043455864033866
0.5802670455663423	0.5728357326491561	0.5737903199311531	0.5376934025528242
0.5456963980932783	0.5431457396750529	0.5319484425887497	0.5515758118134654
0.6198706666130116	0.6145154927080266	0.6221322823006146	0.6125682340560429
0.659600316210384	0.6583847086020521	0.6594353401162532	0.6454980994627796
0.6725890448186702	0.6692325309282557	0.6735472143912327	0.6711449558632251
0.590253922906388	0.5901639115521374	0.5906048211925785	0.5860828573720089
0.6732835760179516	0.6715154592659569	0.6705912623417343	0.6756243920372609
0.7620208226976393	0.7568749886146134	0.7592895252867166	0.7555931007578933
0.604603115394968	0.604386700235841	0.6021789635114209	0.5881165533663091
0.5855288095515596	0.5849446552744063	0.5875288894322777	0.5815460252702522
0.5508640868361748	0.5503961303951058	0.5436903549118046	0.5364249624550972
0.5828317951409896	0.5785290318489263	0.5997053485750158	0.5980026103763975
0.6588375667434674	0.6589976345137971	0.6463510913484414	0.6497478770187317
0.5986908655623592	0.5949858655768294	0.5996733332061792	0.5798459881607705
0.604187756638654	0.6026272985388588	0.6065436165527025	0.6040260831277392
0.5959349898115498	0.5949339096278877	0.5957931741295439	0.5962756186420102
0.7078766194820064	0.7049628008853454	0.7033887074755907	0.6876818505106967
0.5945053965866564	0.5952643095499003	0.5836402834207838	0.5834137461246398
0.6293117329821376	0.6266789377898379	0.6251757758815821	0.6232913841874225
0.5292249039923925	0.5354609092528785	0.5005852329879136	0.530364760698739
0.6843339897479922	0.6816049417675031	0.6817654343439129	0.666966242125958
0.550467317408491	0.5509380369780748	0.5450878931378791	0.5433978997303976
0.5822223097877729	0.5849718751338403	0.5779032529126273	0.5811052911823072
0.5393857223891607	0.5381180332678202	0.5408375693391665	0.5253125094089218
0.7170289034044411	0.7188975483162151	0.7173553862363095	0.7153977364475842
0.6768910890212386	0.6692844181876784	0.6612034416427315	0.6842164202587468
0.5245403693028039	0.5285878867004562	0.52514588125158	0.5135582423099386
0.7024736886902632	0.6968620255343049	0.6868227403428941	0.6880212663436021
0.5356696850289238	0.5319282672457691	0.5297816510379005	0.5322665016038061
0.7873333302008648	0.7872396686615599	0.7977863263029069	0.7824775089264437
0.790018140555466	0.7910353037575052	0.7880560624220766	0.7854517601719118
0.6507299613421232	0.6545267519515284	0.653097670731829	0.6397082175133537
0.606611609835653	0.6051018105710095	0.6019062519044822	0.5897025773407499
0.7845594128948934	0.7807936393223809	0.7743662330584397	0.7718791851104144
0.5779047390466421	0.572280066238941	0.5646513897445405	0.5558630226903081
0.5837127098222289	0.5806339801640221	0.5585403102406664	0.5454332026997689
0.6344546334900001	0.6295678900588884	0.6264554902431002	0.6261462066778146
0.6468048019596427	0.6432451094906717	0.640775005647132	0.63544403355121
0.8125144740072408	0.8118282120572545	0.8095333277319123	0.8028233839112547
0.5845731119306888	0.5867955083562794	0.5905753249473816	0.5853274127925376
0.6142999699632037	0.6140444274339469	0.6152628979507381	0.609383613575417
0.8032694859176571	0.8041577087715412	0.8047766442596902	0.7972140267778711
0.7706798315858583	0.7691682360722206	0.7648214239346258	0.7654373320720476
0.7582752763828503	0.7544385098984826	0.755231254331507	0.7455115710900434
0.6448108179131173	0.6449180988983928	0.6373584192166148	0.6194248009632263
0.6729519611213892	0.6677885674265409	0.6587814466271245	0.6708896314194706
0.5816486531304969	0.5751333277319265	0.5846168584617991	0.5775100640753716
0.6770328380256485	0.6767865431168678	0.6774402765900094	0.6704592904310578
0.5747194926959154	0.571695478972309	0.569343150302843	0.5570712537931176
0.6977002829542392	0.6967458220020872	0.6911427337851349	0.6698956772930498
0.5707105107517625	0.5700797495232773	0.5707986866569392	0.5720005713454465
0.7787660663807128	0.7764055773468118	0.7609338646720399	0.7603866472914856
0.6078998954504933	0.6048426747809191	0.6087305892395195	0.6090391447902874
0.5955182433277003	0.5973140951589345	0.5826768061115943	0.5899071298577534
0.5761735418808897	0.5720651390717396	0.5662867376762564	0.5817295448021895
0.7461508195738549	0.7453064200617744	0.7493816318237676	0.7292775526464403
0.5623014666254097	0.5599486142285885	0.5624882630126803	0.5485116849339874
0.6016177727268048	0.6023871485388788	0.5905317221114982	0.5981648126089861
0.6980336468206118	0.698912650221714	0.7015440938159746	0.6834953424793596
0.6096534272945305	0.6115205326415601	0.5944942908291014	0.5820505918206335
0.6853265812010477	0.6895033350318257	0.6713788870111451	0.6833585705644875
0.5649736048686347	0.5643580728603969	0.5637374139709278	0.555826726385743
0.6162587488869438	0.6168257426605478	0.6157561876022557	0.6180968080701364
0.6379206091240357	0.6384367800946699	0.6422728814976905	0.6296491946073356
0.7546366582621457	0.7538829134550079	0.7528093039740035	0.7411314678822258
0.7049687789218593	0.7022048242733845	0.6919659664634584	0.694111811071196
0.5547647251602446	0.555712691960087	0.5701315236838367	0.5519979166770286
0.7008834562160823	0.6994797167624907	0.6978093048861223	0.6921312071837584
0.695448863812469	0.6975706854578924	0.6932963505563086	0.6914951812790617
0.7469147663619413	0.7457003289080186	0.7447327843810065	0.7414275932157774
0.5715858332180507	0.5704494943438062	0.5677877096393102	0.5688016453674163
0.6153272468990717	0.6187452596122449	0.6151975422289974	0.6144995745087711
0.6649628695415153	0.6681709596332863	0.6505863108709133	0.6395564913145052
0.6676872640093724	0.6677442228120558	0.667635406270055	0.6508323141923215
0.5915663336022056	0.627201993422495	0.6216058878723005	0.6228997015980609
0.7767181354965708	0.7743731707615514	0.7693581708873812	0.7564977313184581
0.5182636340828397	0.5142145031905805	0.5112911267512708	0.5018397465047394
0.6316624559892623	0.6343581294968682	0.6327938843398341	0.660010835384318
0.6266596593728131	0.6225561541560066	0.6221029413912511	0.6221104070870697
0.6153366045918781	0.6131192244834678	0.6092598446191235	0.6076328217543405
0.7028521554405166	0.7046898058007871	0.6979137791883803	0.691248251782681
0.577043886516859	0.5782940838912178	0.5786723628067303	0.5806384217184027
0.5216647021944238	0.5223797463766392	0.5119539850682121	0.522647934333529
0.6787347892290388	0.6749639492271554	0.6736316703702662	0.6670028634108637
0.5678903726931915	0.5657641818011679	0.5658298047690251	0.5639711960700347
0.6630428131958338	0.6677582289003632	0.6525343612430713	0.662694345507874
0.6728914021767087	0.6720690370798111	0.6716016580608483	0.6698864884059038
0.5632403458246409	0.5733930759320377	0.5558163190026149	0.5442323623158966
0.6949328845299813	0.6938666061717902	0.6893476921398598	0.6852762387447093
0.769075271384335	0.7744732620927428	0.7655740186092932	0.7653248836892578
0.5871926546251003	0.5904016150164862	0.585398099118815	0.5839867478155903
0.5177812301005776	0.5124598968207199	0.5218516775009342	0.5055374860106302
0.6591997559257908	0.6575622841491429	0.6524578884144793	0.6492440129147956
0.6906862033481684	0.6938773796222057	0.6838316161044597	0.6834765922464436
0.5797440621686055	0.5834578614559887	0.5881049272921102	0.5844813514596838
0.606987889584734	0.5961776932373355	0.6026389446793076	0.5741884779449905
0.7636043948676862	0.7605498933305315	0.7548663874458443	0.7514438047508354
0.5520845428334615	0.5477877030679414	0.5322094492621557	0.5436166500195334
0.5895981868280351	0.5873036112999187	0.5754651972965393	0.5549068386351588
0.6375828186843471	0.6340578292191351	0.6295451224015765	0.6296256594102378
0.5372797821888261	0.5339350814126034	0.526375461012776	0.5263376772209764
0.6253340113103409	0.623971623317135	0.6078421310163513	0.5936867046009574
0.7287900856482362	0.7316668991024287	0.7202991832376778	0.7239417376701767
0.5774703870697856	0.5772461413201572	0.5714911011873403	0.5765258935376347
0.5280630707548374	0.5273737996253461	0.523428445785643	0.532357350164254
0.7444513285644003	0.7404913728926502	0.7425013567396112	0.7343939332124109
0.6047131303646658	0.6031384417521548	0.6055416598136224	0.6093475893729727
0.6946665762916844	0.6910258364159964	0.6909846971957422	0.69581778101194
0.5214351197935643	0.5237347657555705	0.5203916681881716	0.5167850589586168
0.7397798547061196	0.739126613683285	0.733312952586032	0.7274067644084565
0.547277041018304	0.5410444532129446	0.5475254498665146	0.5446605569204094
0.7148107893228004	0.715118423904872	0.7050232663643444	0.7256221091357056
0.7324199356704021	0.7291704929355273	0.7266893656074553	0.7207322339128431
0.6393469870340053	0.6415899659138306	0.6404307778343613	0.6290384078418331
0.5262322452917789	0.5238090767213957	0.5225237404023217	0.5081245071556949
0.5411878095453372	0.5390517754466312	0.5320334934941396	0.5295906773705414
0.7486075001276533	0.7513398323159328	0.7463297683217377	0.7519189802480352
0.5523015282567952	0.5506458764043887	0.560803195539704	0.5554055855944481
0.7185987476033893	0.7189717905844418	0.7162573296987175	0.7230763464262681
0.5284650380111361	0.5289230874955132	0.5257573063669243	0.5263039406358614
0.6392932010354044	0.6382783956526114	0.632177351318244	0.6290306055757583
0.6115072791773157	0.604100033165918	0.6132733401865591	0.6131448584960172
0.6404945421468392	0.6360157605948611	0.6396961710320478	0.6154755409429206
0.5808718114101656	0.5796134676286967	0.5775577438908415	0.5633904128830363
0.8174328809449072	0.8106795307537593	0.8096014451449813	0.7863417522142783
0.5557769462054233	0.5536517246473838	0.549543328323313	0.5501094872967084
0.7216254389245323	0.7212797436470588	0.715007949538078	0.7087575355498771
0.756265956401826	0.7547329367073677	0.7515657206635199	0.7463256047045773
0.6162520486001656	0.6152377199214842	0.6144773587206234	0.5953900274006884
0.7920512113370235	0.7914310358844585	0.7888190974429266	0.7857084027291227
0.5749614728230266	0.5755489302544359	0.5751717030766603	0.5673548716531113
0.7904620265592022	0.7874001328915299	0.7893728870293568	0.772622472953049
0.6715204381562653	0.6694206193829019	0.6479102212879233	0.6508488651503731
0.6773382700088626	0.6759755358616588	0.6829960141157917	0.6676138393257428
0.713109829011009	0.7138944531201086	0.7103106146627958	0.7058991908351931
0.714573600761805	0.7103666809687383	0.7036552477096613	0.7143589548750994
0.5563281952319499	0.5512285969240166	0.5452886119610545	0.5600819327251925
0.6634124317347072	0.6628756648421925	0.6564393334354387	0.65835787537727
0.6882760986301993	0.6910418094868892	0.6777877279882745	0.6838194399281385
0.5760992420232084	0.5750225733473918	0.5743614124198988	0.5747269124833085
0.5705531042757849	0.5666680731891164	0.5788560989241522	0.5625163799746871
0.5533467227536979	0.550907688818138	0.5479001544637402	0.548082309105821
0.6501612222961379	0.6548540399652027	0.6470157615910086	0.6404877599927824
0.5515077570734077	0.5557903344255722	0.5490742786913833	0.5484562827052226
0.6524597443048473	0.6550292060928757	0.6667839942913123	0.662532438380475
0.5726059018528062	0.5718312098783385	0.562735993079932	0.5588531225707642
0.7151842477809717	0.7101101848836913	0.7079325607268933	0.7015563997763417
0.5603389686461739	0.5576754201998047	0.5558011453452043	0.5431623747049046
0.5400574166744385	0.5379659356296371	0.5431327393572053	0.520567057082047
0.8170148253121475	0.8172431446804572	0.8105502731026434	0.816762869843444
0.5468973626950913	0.5484954622157394	0.5424341315747758	0.5461274576463111
0.7469796200095564	0.7486419085417655	0.7475777211293231	0.7458423855673948
0.6385907227071727	0.6360970412977358	0.6241598049571835	0.6325565629550598
0.6184139981429595	0.6160424620975293	0.6215325480329148	0.6038955302227729
0.7959773810639856	0.7969153919124058	0.791943098581878	0.7850125150349403
0.7219187931104791	0.7230193646789119	0.7123665053108823	0.7160785118299742
0.7295633658543201	0.7352665001005763	0.7104643085211003	0.704847058869328
0.5858449226413737	0.5865729393760724	0.5911404398415927	0.563628323930816
0.6993180580243932	0.7007729194428381	0.6876529808590444	0.6931335005357387
0.5955084929082626	0.5928016918553614	0.6002001402317133	0.5731894283688008
0.6140178886382911	0.6118148485412077	0.6075661738351879	0.6037804205171668
0.6104530259870814	0.6111150815419927	0.6149846153891071	0.6077752013290674
0.7517406578477491	0.7536456327254067	0.7487389590661025	0.742552005314291
0.5569425621134039	0.5402284698149581	0.5691843625801403	0.5550072949848998
0.5144452482251649	0.5145236341840523	0.5058338591868639	0.49404524832434243
0.5720539868137933	0.5677952606007699	0.5529928766497039	0.5689026574055729
0.5792683807221568	0.5833007823543476	0.5841103475158897	0.5690430393853865
0.7384630489446117	0.7344118697168215	0.7232385870537088	0.7319704360610362
0.6726600423644172	0.6749593562215858	0.6715983485508232	0.6706725803987403
0.5691542540269935	0.5657669701998225	0.5959074596217715	0.5912799141480812
0.7159345746103201	0.7143622030245603	0.7111064924876327	0.7127596458172075
0.7862365623618048	0.7819731425817981	0.7693805290337663	0.7709991265695737
0.7167774639218987	0.7175647230550668	0.7191014492911895	0.7147911056103087
0.5495695253068388	0.5505206099940074	0.5473306288703981	0.5239314015974128
0.6389376579541505	0.6409449742658397	0.6365667617249486	0.6311837182092441
0.7173736918991411	0.7199518547308847	0.7137722863792663	0.7197055678454428
0.6797885986686413	0.683937941286481	0.6745310158211316	0.6801061071161757
0.6550984244906537	0.6559895720754869	0.653902135876965	0.6564620729763718
0.6364456160319232	0.635019567039549	0.6293957935478668	0.6343418272879947
0.8132619440745402	0.8116969314569324	0.8129210519068478	0.8123555859415181
0.5788998914490473	0.5770850281330091	0.576444875562853	0.579384840800325
0.5899725812517415	0.5831171562783545	0.5729545796225102	0.6046477288029422
0.6786037709865025	0.6693803627811225	0.6663805199145466	0.645618390177672
0.6123715891897802	0.6108036897869332	0.6144752889922739	0.6070038449845596
0.5799815454483026	0.5848260300649738	0.583349392000351	0.5804363641490812
0.553577140401148	0.5538136134216982	0.5600439412656073	0.5387605844946193
0.7668346809054954	0.7603832753707739	0.7601302892784038	0.7457440196183382
0.5908455822456232	0.5978614066621937	0.5851658513246355	0.572626817780357
0.6936031550794414	0.6912940101740632	0.6910945458147688	0.6890177006996606
0.5993026010368105	0.5988777024538958	0.6005658716699429	0.5930815874654652
0.575444202167756	0.5758047673792223	0.567475702430202	0.5604372069348558
0.5783229985964197	0.5786975239830883	0.5762047144356105	0.5783303514903159
0.7735172528490981	0.7704700751834771	0.7753730752280001	0.776021168550575
0.695375895182746	0.6965880498801917	0.7046116876814602	0.6917007609533468
0.6683896878329058	0.6681927277778525	0.6650747525663464	0.6641016057576835
0.6692802584590131	0.6634864519368678	0.6683443566495448	0.6671532624761739
0.578710257176648	0.5765713829068049	0.5760847216698404	0.5535336288094903
0.5894864628829982	0.587918172151989	0.5895761283176524	0.5880002361296206
0.6118270649375536	0.6116578804297961	0.6087594159278459	0.6065606362409098
0.592834578853231	0.5928385425816165	0.5938239454461153	0.5888816411727866
0.744465154390938	0.7448104621456204	0.7415370487550537	0.7440802696110349
0.7007315311962514	0.7024386196938025	0.7054398317923615	0.6694133442617997
0.6053832916474374	0.6088879339322597	0.6123378318819906	0.6005704788159592
0.6420868903870482	0.6385681584514441	0.6297436225787475	0.6370668080813365
0.647975737000943	0.6487754780482643	0.6424688692134849	0.6405804805368376
0.6860275234723417	0.6827533943496608	0.6865352500332546	0.6745317182428178
0.6796858258786161	0.6814368184792805	0.6691305206269186	0.6806938520074847
0.7730850909442785	0.7718026162526488	0.7696717515007879	0.7678743334673964
0.5843559656632652	0.5820925061528951	0.5817636792032157	0.5835697707914239
0.6930240791358239	0.6925345534695808	0.6883933120362785	0.6875498334514712
0.6584421077506164	0.659534837774449	0.6530396731317077	0.6646589151821383
0.6460492982895183	0.645228118103795	0.6439423793335076	0.6418666404813318
0.7661926902950725	0.766015774840235	0.762367071923718	0.7669494326440645
0.7700965683528395	0.7732975767321079	0.7694772581208573	0.7550616487630284
0.6506101318380648	0.6503489968380106	0.6626611018012554	0.6282461560720991
0.7751374784811377	0.7773346819632148	0.7822556930115085	0.762402977039463
0.5549231746240505	0.5522139860212009	0.5486089179176341	0.546642124386059
0.7466165543558602	0.7481143951275099	0.7520603371030877	0.7348278379446549
0.9102937679412915	0.9078741329420045	0.9007562463230082	0.8900117763312548
0.603475610484032	0.6038487496713368	0.6024709483742404	0.5605831160006153
0.5925411584512785	0.5924617035337939	0.5907903141277926	0.5811733391796773
0.5838705650590202	0.5787299020695862	0.5682497704255861	0.5786359012856571
0.7389500173184287	0.7319138908209121	0.7311612135200012	0.7405939400115749
0.6145258196098268	0.6159715186040383	0.6078380770980898	0.6071472718473038
0.6006995093312316	0.5992989659117895	0.5973691276631442	0.5843849049473007
0.5837149212962893	0.5867443357461377	0.5855406010573675	0.5775763334323488
0.5604779605171246	0.5589107535842287	0.5617651355341131	0.5563191051783122
0.5855524353798047	0.5850324636872185	0.581758407095089	0.5916733281065385
0.6155099713056822	0.6106783987250787	0.6186039088333213	0.6002497864066945
0.6364181570854179	0.6335242433000216	0.6355119399846424	0.6406529223987383
0.7011895984659926	0.7044391930480579	0.6853993317688439	0.6937695428992506
0.6674348605122092	0.6656398969030225	0.6622122158453739	0.6504508115695912
0.5825380334045831	0.5819985248376909	0.5820974706277956	0.5833623133197119
0.69928655959143	0.7001390957783934	0.6955954907438014	0.685165187122455
0.5812420794207701	0.5744259160415813	0.5696774903496156	0.5722143719122381
0.5675308577530704	0.5657653260194685	0.5731185038595	0.5564629348028104
0.5829627304772842	0.5819353082803415	0.5788377519807224	0.5792312614017714
0.7513604229326994	0.751353303696538	0.7429395171796497	0.7465425018850576
0.7873652550710378	0.7851437321115207	0.7810519736913156	0.7709536831937367
0.5702678530315741	0.5643324329196252	0.5715912762455724	0.5687485523321202
0.6101759925324299	0.6149674609264826	0.6089007932618316	0.6019914365275986
0.6165682893799367	0.62067725186545	0.6187519101702845	0.6205232602167652
0.6536961854447054	0.6558251829630792	0.6529088156968627	0.6289652998888018
0.5333274003390208	0.5371667872138393	0.5363363355372577	0.5541284085566702
0.7551578571168289	0.7515156054429032	0.7389479090889196	0.719270869142855
0.6945095531721573	0.6944949249294383	0.6971727862878844	0.6899418104831696
0.7011932390499065	0.7053124564031683	0.6922979639952114	0.684518652916387
0.5530695678361073	0.5555285164212541	0.5599590545480101	0.5540084773705947
0.7525985370224051	0.7511231020210782	0.7473974481755071	0.7447535176974978
0.6558991155237618	0.6574313610377266	0.6519549394028429	0.6541003404137995
0.566079036232649	0.5674405002083316	0.5549389862576029	0.5695367483640253
0.6302092856416102	0.6286961147329087	0.622289144519596	0.6238468549442144
0.8791435310146998	0.8790988848633104	0.8773051870496491	0.8714675625173987
0.7233079068707502	0.7216016394716538	0.7182633400725338	0.7142347234635334
0.5444930133278961	0.5413500442704616	0.5454550177278611	0.5427181206867535
0.6165299843404805	0.6104241140143472	0.5955992053650923	0.5984930374561656
0.6364989669810159	0.6384967787500435	0.6318562323363038	0.6368717904464781
0.619176060280682	0.6213157351015594	0.6126924201533923	0.6122830783649557
0.5548266471377646	0.5659766887177483	0.5524739378307302	0.5463812884664528
0.6042672990072009	0.6043104964336138	0.5992870130480091	0.606933589808951
0.6142085927067789	0.6130500576464416	0.6147915580994591	0.6039295932614293
0.5862378699641273	0.5830796070461132	0.583957588481874	0.5836806858570119
0.5841371881492077	0.5869534242390048	0.5865456514783067	0.5701017882132938
0.6177479846329331	0.6163539970036293	0.6174420930150976	0.6271469860662524
0.7495226956116158	0.745681501598839	0.7472845263554757	0.7484270808489182
0.7362602119957471	0.7385658172660022	0.7318545517981832	0.7265198801813688
0.7073797174919146	0.7074599364757567	0.6886174737710979	0.693284134187186
0.7330317139336684	0.7256572329997641	0.7243425264823964	0.7143382090699357
0.5676137940946403	0.5678211720847538	0.5633132260014128	0.5624905183884163
0.597711993933871	0.6021700895073183	0.5713649302121827	0.5794954864631565
0.6291610258344678	0.6308730823188229	0.6285817280588637	0.6236201094417175
0.6449866330660552	0.6448127372653736	0.6477382578896379	0.6381415336049372
0.6418880074559827	0.6435908560422016	0.6337835823002104	0.6375908128795424
0.6917737706780303	0.6896614760830396	0.6887719106332002	0.6818018164482598
0.6716148031344265	0.6686206122704602	0.6779277455161876	0.6695495694876656
0.7159548015681217	0.7123503731818804	0.722363559809898	0.7155049247680797
0.6027905621918264	0.6024204345623737	0.6017229654823536	0.5962602823211378
0.5800504787953612	0.5808305115795176	0.5753368551217019	0.5730766101741186
0.7110837487905206	0.7109499170503153	0.7130736216188829	0.7073128606012276
0.6436632057795322	0.6428519170861136	0.6380387186743693	0.5998174799000642
0.6198156372963889	0.6223112707190057	0.6149946745817851	0.6225633496845282
0.7629972488182325	0.7503841500740105	0.7596631875017508	0.7396997115155548
0.6020158368586986	0.6027397509572249	0.5903918549669679	0.6006597934999288
0.6016728061664146	0.60113562917227	0.6007973350507878	0.5913832275643762
0.5988403140395239	0.6014996940613173	0.590511298978778	0.5934054275745554
0.5857007719475039	0.583742470945025	0.5801161876917091	0.5770363439947973
0.7500885518161396	0.7480117628978269	0.7476576189055943	0.7437597234804678
0.5789993055000912	0.5803767354388768	0.577637589990148	0.5531995817681565
0.5883870758012587	0.6051346780569022	0.579751302798582	0.5792152312747616
0.618587050156541	0.6153607111811167	0.6148891997664724	0.61237352608296
0.6754580462555635	0.6754516363170555	0.6707890072131217	0.674535080172797
0.6295273831294159	0.6208153021415287	0.6145264776382449	0.6002603552050257
0.5846218951371276	0.5938486093155744	0.5857742408395977	0.5926222578598398
0.6925760479143817	0.6903645099486937	0.6880874610435064	0.6861498755892013
0.5639158622904702	0.5671402444172142	0.556730546154704	0.5606668842712633
0.6265149582965155	0.6230740242079303	0.6323876888641886	0.6163545044964815
0.6346040593182435	0.6271856026243752	0.6315089348769588	0.6197845161841075
0.7447970864095287	0.744114059266315	0.7422296094115737	0.7369874194749184
0.7470608053438157	0.7402246814376422	0.7386946275538465	0.7457007146073034
0.5235171674881316	0.5268592208266323	0.517634729013073	0.5116269148901668
0.7887598791933664	0.7822476888652098	0.7841694932175658	0.7769134815059671
0.6519113041065975	0.656434030229314	0.6490941201608647	0.656193711987154
0.6815016104016208	0.6838365635254481	0.6816694134624796	0.6604126555511517
0.7278696860108816	0.7248720610735352	0.724514224006317	0.7222716282968635
0.592237067412031	0.5894323286262002	0.5894847559042047	0.5864748438935201
0.6784340564320366	0.6758526160534737	0.6739251558616315	0.6827242410346658
0.8341529510818735	0.8332978176496267	0.8280397490089025	0.8287357797904307
0.8632305399611843	0.8594771288768102	0.8588831177450076	0.8562601353925441
0.5451518190921646	0.5532946203152499	0.5336816372898108	0.5344507074817425
0.5956328088888221	0.5959248827017665	0.5981801152769007	0.5897279103843979
0.6486467844777539	0.6523841090002646	0.6557998921625958	0.6467605749018852
0.652244693884128	0.6654384228404163	0.6472269415920904	0.6585082247755579
0.7507319040414597	0.7540604489101709	0.7517610044396972	0.7478679803717806
0.8176477058848254	0.8175869468430471	0.8151835182334559	0.8115701425386368
0.6196505540811623	0.6194747497409601	0.6158167592149307	0.6132348905408478
0.5592856124851517	0.5684639756056562	0.5414302488212412	0.5562664431085604
0.642450560206477	0.6398075553252991	0.6369058938180587	0.638194198232113
0.6792279467499446	0.6727852313489281	0.6766165912993992	0.6640090323211185
0.6206364284405188	0.6206683832539548	0.620552213556417	0.6153199460284103
0.7859506077028485	0.7837913262405721	0.781745335361584	0.7744813461252602
0.555646898557509	0.5504276979414111	0.558094835575606	0.5650616297729663
0.5606830798760408	0.5606916812837237	0.5652490714950174	0.5702069638336501
0.7372246413021336	0.7330685966727906	0.7286522395477328	0.725676724768471
0.8134999161522788	0.8090558448980447	0.8066330733991703	0.8015714784952439
0.7102566611129875	0.7131163432273547	0.7084923188340199	0.7061369833716203
0.6105531724395248	0.6161993115365232	0.6160919560536148	0.6245859474741148
0.5354099361702669	0.5351031402555076	0.5329854013338602	0.5271433515540298
0.6313143891875383	0.6325221544411792	0.6264317551016957	0.6316238081793142
0.7008131739106466	0.7011170305529724	0.6990480437991291	0.7063709025512038
0.5831729783612052	0.5859102660507789	0.5796900302277258	0.5795514299470873
0.7350143554646287	0.7352047773324097	0.7317885931702597	0.7290762714345048
0.6760844261238528	0.6759855977060646	0.6723547518729124	0.6835671962898331
0.7240944913179025	0.7217717084875541	0.7294483999463772	0.713634276159286
0.5524610694211571	0.5480633696163353	0.5421160144489175	0.5511566810509458
0.5553051098238072	0.5548997403821212	0.5529394593189402	0.5544773215733898
0.7844456971343423	0.7829555528349548	0.7792444156458792	0.7709602786391809
0.6727571690545243	0.6701731874273641	0.670265928182712	0.667150785618283
0.6518522844231	0.6497916097251526	0.6500560253411294	0.65109235799607
0.6881699801629919	0.688945347763827	0.7015254363748739	0.6866769230808624
0.7023355001452616	0.7031355737739123	0.6993870212676595	0.6987555935299822
0.6062173807134128	0.5990534745645788	0.6085473908903789	0.6040111194216636
0.554844992891839	0.5497324729685344	0.5464656669793786	0.5441721334800361
0.5953153515775857	0.5931257153065811	0.5971594072610616	0.6017740065343812
0.6303769836851661	0.6328584143876806	0.6239723940953195	0.6172513819188249
0.6279773447209679	0.629695457096062	0.621388612941095	0.6305458385856572
0.6710958785323005	0.6670750299602426	0.6691932033173682	0.6611670902696349
0.5285643932950643	0.5261404235416398	0.5215174031606687	0.49893984797510077
0.6255906593814838	0.6152754936043558	0.6307945505008585	0.6175581923514176
0.6133951017188762	0.6056896546288187	0.6082020082755686	0.5867060843684884
0.7661911063181057	0.7686906582243129	0.7621860903088677	0.7647308949470009
0.7823714826288407	0.784933534038821	0.778052428931716	0.7563129554435233
0.5676592216056138	0.566027322331526	0.5458803953108131	0.5733984659468812
0.6623610772820144	0.6633377224006594	0.6582779789309813	0.6452914843623032
0.6981776022064566	0.6988865831319445	0.691574098720385	0.6824305170919421
0.7609098046559144	0.7589114738477638	0.7539696699072335	0.7600874523171258
0.6255275091813876	0.6243668350102112	0.6240668335186044	0.6193388699941321
0.5167918947431585	0.5192506065742066	0.5138571143672761	0.5225753176040218
0.5641532449360059	0.5648563987918324	0.5546272319255359	0.5623472186468073
0.6085069472001268	0.6095152708451353	0.6084131743957673	0.6064591395774037
0.6846091263976989	0.6858099488766893	0.6860251720934826	0.6756150397305212
0.7027397655553194	0.6997481152514848	0.6870082481298656	0.7050645259653446
0.683505948276828	0.6774571545420971	0.6746894734958336	0.6752159871172855
0.7408200083477318	0.7401636723926888	0.7390025462139185	0.729638756174361
0.5910191149584247	0.5913157918177313	0.5738371319333366	0.5827330703437845
0.6233066279853102	0.6205290119935952	0.6153834430970663	0.6166808474328496
0.6625854891685812	0.6605925961197134	0.6585446834330657	0.6418608439018412
0.6929627953259617	0.6957956707668719	0.6981658786604422	0.6950255037177759
0.5624016847042841	0.5710906308772528	0.5431413809748633	0.5829613341028097
0.5341551224209976	0.5309402947864011	0.5330446282438185	0.5364428946645958
0.740903993880377	0.7377105569633049	0.7307124859370763	0.7215298991462262
0.7479844036038694	0.7456442278236067	0.7326082131160703	0.7148061077400956
0.5924499263246972	0.5914060216736542	0.5900719167382905	0.5819635896552154
0.5724875723465647	0.573636260735419	0.5709330711788027	0.570003616489155
0.589335109206534	0.5891399453053244	0.5839799656640627	0.5846240265192733
0.5912715667390755	0.5924780524246174	0.5809460409150813	0.5869207342338386
0.6311179603403448	0.6296951812129968	0.6243090452447846	0.6199816712532079
0.6943077307152592	0.693518256821549	0.7004805904830192	0.6866228560505758
0.6000911244564257	0.5983372274226828	0.5947995593320025	0.6055267410968709
0.6988298386196814	0.6953547843981996	0.6884090948223687	0.6699402976663723
0.5469440373801067	0.5410566212233974	0.5432817754253505	0.5462989660990403
0.8306203732081463	0.8331073539717462	0.8143196811152028	0.8200644479135618
0.5556075123259495	0.5561543018019605	0.5459824775705492	0.5540082912303858
0.7240535407351526	0.7221769310795785	0.7116695410766177	0.7058741788077643
0.8417794560005732	0.8389706909951843	0.8362561039696335	0.8348844743494928
0.6744017273465173	0.6718963143295859	0.664172766490077	0.657398264719302
0.7261368946881055	0.7205533867602514	0.7264534023097934	0.721963955681995
0.5800670249688308	0.583780350854595	0.5890404014026421	0.5847437784494578
0.6711490117886895	0.6717145215142062	0.6752940035180538	0.667040895355095
0.5682470173390707	0.5666084890441828	0.5656445228104734	0.5664071888457546
0.6540436031440827	0.6553815159329026	0.6542273620764595	0.6483618925182627
0.6570634780416968	0.6510435710855441	0.6500708915977306	0.6526637293042581
0.8482809067976047	0.8459868578290489	0.8373946863798356	0.8246032358520503
0.7381434159952545	0.7331711260895115	0.731427077155075	0.7305228815189598
0.6686496376102723	0.6671294105479562	0.6659830205356219	0.65910012093922
0.5829957491901723	0.5856575274611632	0.583830463960052	0.5723746560531667
0.8027369358539529	0.8080891008210319	0.7921926747708414	0.7642449949917095
0.7756374162372661	0.768773912330855	0.7710789705416778	0.7565049856819142
0.661422465249475	0.6592247552891143	0.6556070407971293	0.6539945975570337
0.586347044535686	0.5858608502206158	0.563843246359116	0.5591410636148758
0.7746207799117697	0.7695998865184134	0.7732363773530945	0.7572316230664724
0.7021121110839067	0.6984034697743943	0.6759436413337885	0.7057752991130228
0.5762805333177646	0.5755565262192005	0.5623155984413798	0.5525003154064865
0.5710451269423019	0.560978637039601	0.5721235359790878	0.5645556767331058
0.7333203227688919	0.7297127447269064	0.7309695418732068	0.7234662169927277
0.6166998566952354	0.6167828483757867	0.6133948169524519	0.6124792569531143
0.6774900216566112	0.6755001478199726	0.6653789759300842	0.660945504584566
0.7521447667624324	0.7534660390207909	0.750241265894739	0.7342551199411996
0.6134139875218648	0.6158208438730117	0.6109471388221837	0.6080240279483085
0.555562953483679	0.5511826469601923	0.550370702840956	0.5267323562176413
0.7120972381482024	0.7073047130834847	0.7067223318122191	0.6972051002421262
0.8326476339584381	0.8326969938619063	0.8257971099447949	0.8206869389898501
0.5915046852680653	0.5904220764207725	0.5870674337735843	0.5801580200817614
0.6596587527061126	0.6620247773308767	0.6599222511158942	0.6559449669837163
0.6065598262017771	0.6075570565861361	0.606326631358441	0.5950335912185893
0.5368151594150652	0.5438486691373021	0.5178594216229705	0.5277030235250602
0.5912031679792209	0.5911074526098073	0.5884082304768656	0.5817342422591235
0.6481779260198266	0.6486460788517999	0.6475477485383372	0.6339982657939182
0.6424659282772668	0.6384870282369256	0.6402930097827365	0.6407599397631935
0.5494896054081393	0.5475046129598443	0.5525363593701483	0.5399154871404754
0.6015368567808176	0.6001634548746458	0.5970603849871694	0.5987461853067912
0.7435759053622604	0.7426173887366975	0.7402712414295086	0.7386376989840777
0.5738064695115211	0.5650904182386584	0.5616792738388147	0.5694965504428627
0.5355483583823228	0.5358109139205426	0.5337549266072238	0.5366975604212353
0.6317026262426706	0.6350275628540558	0.6389307535321099	0.6292329935905375
0.7853499716543201	0.7828309401126963	0.7790245391953501	0.7730850350826585
0.6523619085445622	0.6476455392301977	0.6415994017122916	0.6468621796497421
0.5623662681976853	0.5569653390547078	0.5575928002779122	0.557712715793206
0.6386427158489391	0.6361419981397745	0.637110135829489	0.6251147984762224
0.535670186936724	0.5397247120974978	0.533761433566379	0.5428118231599107
0.5487454673568333	0.5453000851572156	0.5437985724309852	0.5520970626168016
0.7046815670516189	0.7005974830462357	0.6983708149210193	0.7014221763057567
0.5967337356642398	0.5939947601307957	0.595368526630552	0.6040604402339251
0.6010236989973545	0.6004548780965895	0.6067093390560119	0.5982402395039437
0.5849870668524937	0.5872760823198975	0.5857261336232629	0.5743545341541484
0.6688487622597552	0.6655756046798966	0.6649352451204581	0.6595164043996365
0.680549729349957	0.6802549528440325	0.6771308739019225	0.6538576579534425
0.7791463822109976	0.7785368618840981	0.7751856338947466	0.7690161537432154
0.6378526645790875	0.6381086755586032	0.6337747806460897	0.6231641557834188
0.7669932170571511	0.7700458955429687	0.7570172405764485	0.7438493567454145
0.6440643611788169	0.6449109263053218	0.639689025741221	0.6453793303756583
0.636181546415633	0.6359614835677838	0.6276641216067921	0.6420666087334862
0.797792281194206	0.7970383308685539	0.800106867125248	0.7948588338380655
0.7303391693393658	0.7300987243155881	0.7241315043101861	0.7256026695045841
0.5934531336640297	0.5934572658775256	0.5897086798769655	0.5876325413601374
0.530688098707799	0.5301262039496425	0.523184553830387	0.5408112977737712
0.6926666405220455	0.6958959134170546	0.6966616767425567	0.6838374508030409
0.6790270386841557	0.676553719307749	0.6808119879578689	0.6813184388717121
0.7703726701574046	0.7686443217151371	0.7668133681172286	0.7646943366436044
0.7212644671547105	0.7178495431095979	0.7236312420786853	0.7149111075596478
0.5880432947670793	0.5867156772622695	0.5875702221161248	0.5649832837656233
0.7483259721588451	0.7509900055373464	0.739067771012654	0.742452332589272
0.7577877601419839	0.7591825933321841	0.752067764325938	0.7523301009456683
0.6632483623869695	0.6606868682685016	0.6756335774403514	0.6803237538271587
0.7749458337381309	0.7735800497959692	0.7594551104943288	0.7505269462214176
0.675936019880879	0.6800759822864894	0.6654965494019469	0.6561218278348208
0.7627193366754392	0.7523148789027304	0.7513411350482174	0.7640010498235522
0.6498513623546714	0.6489666562274592	0.6413558909450031	0.6411968024685784
0.715772349232662	0.7254124627675735	0.7153310120565017	0.7116879021078396
0.7252238549677406	0.7219427994915335	0.723476813245671	0.7153689241451017
0.7501698018732513	0.7449360495719309	0.7491636730458079	0.7343835050997294
0.5972966556382251	0.6014301292823316	0.5957676839369362	0.5928462613931318
0.6880828196339394	0.6908244042647315	0.6903752903559393	0.6754594423019892
0.6958937193446365	0.6927881348607894	0.686219753233058	0.6839121647134165
0.5669102935799808	0.5704346059643367	0.5590154802630921	0.5763847705076491
0.7113855629962091	0.7115803656837336	0.7059156284876104	0.7071864768906675
0.5936273680585112	0.5942767421004341	0.5830478661601235	0.5631734474209702
0.5980999619496743	0.6000026620198712	0.5973433352625914	0.5946856946304078
0.5884267563265032	0.587088507793097	0.5871774744602233	0.5877454417731024
0.5522707114528046	0.538964964508775	0.5322788412462194	0.5396252340060167
0.556467772852926	0.556873221058628	0.5531474256417657	0.5491613235257536
0.6115980598545865	0.6130692738904454	0.6058684898488047	0.5932827182951346
0.754411029267241	0.7547662929057529	0.7543600729231578	0.7430079722796736
0.6441413896878713	0.642384110763815	0.64292545203216	0.6365848662568754
0.5425413195404551	0.5394138051573839	0.5348334718323887	0.5426902493847431
0.6310304179014433	0.6308857689324644	0.6363524108301326	0.6313560035417926
0.6189661912106669	0.620474339579703	0.6246336862976575	0.6066001358963848
0.5313631114195801	0.5384752389371598	0.520886473481148	0.5540998448854406
0.7472790050039138	0.7384245741816802	0.7499189876336717	0.7291141587331483
0.5768445266342398	0.5818744090246252	0.5645188506894935	0.5615139008784837
0.6059614332928622	0.6042536764995586	0.6008765455622528	0.6111633223275461
0.571612767613758	0.5707073541827254	0.5710571256853108	0.5644816933425851
0.7509428455992415	0.7532324683797519	0.7483144624719719	0.7443051372650433
0.6415290690794114	0.6357817755805183	0.6487277255441998	0.6475880334554791
0.7229764923651658	0.7197759231798465	0.7086739265133767	0.7230479519019681
0.6940557428633124	0.6943651898703961	0.6896312870229844	0.6917428662136972
0.7400007288985324	0.7383816944365086	0.7323548482584723	0.7095715367546409
0.6286627337795132	0.6220169553621943	0.6351581491002392	0.6257880220508301
0.576463512730435	0.5750588347870375	0.565795792495815	0.5759246273058565
0.5476139889884848	0.5420575257327073	0.5370059227638339	0.5236136867575557
0.5529378249294747	0.5501089814227105	0.5538992002646248	0.5490861950539744
0.5809373745635901	0.5795120576330131	0.5806936588698703	0.5707591316952993
0.6963093482058733	0.6919192857178673	0.6900130697580793	0.7016595674202878
0.7026011403348851	0.7002642479335842	0.7050970740924137	0.6911699759997924
0.5903292544270988	0.5870275744535137	0.5907441997145368	0.5867152575441219
0.6575926002715861	0.6569008391554817	0.6534828363640558	0.648835142400137
0.7050121790501123	0.6996506912065471	0.7013567174659733	0.6979312468803466
0.7696121551298809	0.7646532397832807	0.763970322637734	0.765646428572065
0.5670487447924727	0.5658069353145789	0.5613725495671557	0.5592582764458125
0.5618125159227734	0.560218669568918	0.5599117790635737	0.5454377667666241
0.5683378966853202	0.5646012339219456	0.5692087257709529	0.5651536499616616
0.5675575783728196	0.5668866538634383	0.5650817106633444	0.5534945422868747
0.6672350410760837	0.6648392913494673	0.6553967993736814	0.6460054967531331
0.5814392892982946	0.5752710943513462	0.5732066994931597	0.5647387460212875
0.6123481276208277	0.6056956086958136	0.6015585479606016	0.5998401423137257
0.6148930575192967	0.609491887901166	0.6128067080896046	0.6060196222354501
0.7331700940076198	0.7323752074942239	0.7308166550829767	0.7227890145574886
0.7176367253115475	0.716752180678285	0.7151977798590231	0.7059951032091196
0.56379513125026	0.5598173694157352	0.5621102020957888	0.559169571390855
0.58311037647855	0.5846152310166178	0.5931912887572315	0.561774615582416
0.763373467307345	0.755597826606698	0.7672738475447318	0.7647493477932921
0.6904908332042914	0.6988980838064456	0.6830299697171314	0.7020186307397147
0.629672924671147	0.622119388565492	0.6412618594422941	0.6113245196226339
0.7231732946022432	0.7241157832883464	0.7162595367078657	0.7148904356464204
0.5416051441260087	0.5411195885923624	0.5443191028843368	0.5315409190983166
0.5705926689606997	0.5753468530179563	0.5793967001534662	0.5717292728325043
0.7517052943338742	0.7492826082266234	0.7364254349773692	0.7393916118214248
0.705680896800525	0.7052108302374988	0.6864158884801959	0.6783582516760482
0.5798253756637327	0.578559540192907	0.5763841869501832	0.5811791488493494
0.5783135897635491	0.572518268693879	0.5773839327737804	0.5702157659374159
0.5942415720316371	0.5917414686344719	0.5833924237495394	0.5902956236067555
0.5901372628022001	0.5912019988374986	0.5873820337252347	0.5868985384087787
0.6748323870088349	0.6746384159640951	0.6631168946403644	0.6493438270143099
0.7121244438179504	0.7122059136640361	0.695204643030058	0.7158678995294606
0.7434550313606195	0.7388166942133501	0.7361332314611245	0.722945312225718
0.7103981891287376	0.7092603966305916	0.7086757960265888	0.6993743309660322
0.6045077089278562	0.604690298187693	0.6041263615652465	0.604698690077844
0.6156663897542055	0.6144197849420943	0.6180017510821141	0.5999008143515985
0.5484591592239935	0.5424016853337816	0.5471233909008358	0.5446638313540536
0.6277462130618556	0.6338181600666108	0.6223591382112382	0.6195757482788191
0.8553585238135196	0.8553739455733338	0.8502560493047256	0.8484419696571199
0.698238647959442	0.6943999603883865	0.6873014383771512	0.6896553297831349
0.5665007406419205	0.5669850516304653	0.5760354339710497	0.557267582107401
0.6950813880240521	0.6977361269897167	0.7057331343406283	0.704577489500547
0.5912544523147839	0.5958968676079066	0.6043635516025163	0.5943616638708348
0.7449171866881298	0.7425075149669452	0.7469966785932978	0.7434295671475777
0.5298756568287792	0.5318229117191231	0.52650564753048	0.522161320396397
0.7596683963118429	0.7572719369971114	0.7617013751881422	0.7552886245621819
0.6149493157497927	0.6102818410944872	0.5993859369693739	0.6175270032169539
0.6370423452497619	0.6368311601496948	0.6232056676949796	0.6347686182050917
0.556506727914618	0.5567759764942088	0.5588557741212957	0.5514798465694075
0.5728483232031752	0.5728678419662271	0.5752392837564888	0.57250878106304
0.6938855017571063	0.6884836719556678	0.6867701608922686	0.6762633805056603
0.6553187540064193	0.6527287022948	0.6562449701257981	0.6348573831143384
0.7731201314174612	0.7696459122207939	0.7605868199370699	0.7721687574102445
0.8095198012618581	0.8114929291304922	0.7939252424810307	0.791191909936239
0.701231194743213	0.6983661973148637	0.6985953415302817	0.6870921124775642
0.6146168669769073	0.6069739268340967	0.5990676791505638	0.605296585762687
0.5632346258089057	0.5634271326290031	0.5623734474224339	0.5421196630280434
0.6360062672303975	0.6319612610593358	0.6296989085662095	0.6246085408249767
0.6613165873248709	0.6621663538671257	0.6603696121553055	0.6547764063426783
0.7244487547077147	0.7207589592675389	0.7160707702408974	0.7030045364959379
0.5736849536734435	0.5749468636791379	0.5683706663153562	0.5743384991686553
0.619792580358319	0.6190023792908452	0.6124156123081048	0.6112408239992813
0.6748203018236583	0.6761483504295226	0.6738190345598842	0.6730152205707799
0.5610653390321767	0.5589479913780682	0.5595070690711296	0.556469921114687
0.8526961658094268	0.8583802903429483	0.8395001986068094	0.8460696004460411
0.5448513752845674	0.5434153530644412	0.540163037456249	0.528830493300424
0.7284078718607052	0.7285525102046772	0.7312745819671408	0.710636276091519
0.8383707279498966	0.8338504509559955	0.8428459176336601	0.8179847566394947
0.5655786548743686	0.5613165923059045	0.558468543262198	0.5704245430445429
0.5621538226933669	0.5615526346839546	0.5547745652508341	0.5544632227160892
0.5800393398167529	0.5786294815198036	0.5717682006746948	0.5631871051234816
0.6196618209222672	0.6133180411706954	0.6236370834973763	0.5757279149128484
0.5907188114788682	0.5834910275259271	0.5834091552937002	0.5817176165804899
0.6407821262923293	0.6338671732924089	0.6301866485436151	0.6261039246878206
0.6141727579842786	0.6135498252678749	0.6147226617671588	0.6089533639433958
0.6200956249016711	0.6204176843549575	0.6136374579743465	0.6162784060722087
0.5860655472044753	0.5882713351138381	0.582057049515609	0.5805974220960294
0.5775802920725482	0.5781847015164279	0.5765350513534718	0.5185047829163685
0.7027238744699938	0.6989979427980956	0.6835827450291379	0.6789064693651782
0.7806790261324931	0.7800490259129035	0.7736503491337394	0.781336477080927
0.6397115882830876	0.6432718779580264	0.6260068127968441	0.6399208833960446
0.621899428862146	0.6154150600426527	0.5987350132405641	0.6140689799842595
0.7076692711281076	0.7074643589328767	0.7056388903836165	0.703818380235692
0.5561628947721984	0.5552383993011716	0.5511114278429992	0.5535735644395267
0.8137610755231162	0.8126938344548887	0.805042494491787	0.8017692702193074
0.6929860008340443	0.6874140375229986	0.6875029194135042	0.6637052854081457
0.6829691717606927	0.6821499530127164	0.6779275613522675	0.6666080232866498
0.6090756745786394	0.5887258123707234	0.5901161979708062	0.5611635884388612
0.6700267037258557	0.6683462604449221	0.6676372941205566	0.6629039381876258
0.7596684879730039	0.7603017101616374	0.7467061186160748	0.7467808828045887
0.6425775379872946	0.6399208017093069	0.6380657482476803	0.6330108971448941
0.6405708655299309	0.6397418270157865	0.6372669210760681	0.6373993115579139
0.7041921647208457	0.7010526554238637	0.691855221864385	0.6840203228622924
0.6524257923845592	0.6480566249320854	0.6413474335252234	0.640888808052914
0.5795181835146312	0.5799043636895839	0.584743484165739	0.5577002683599477
0.5459540742452345	0.5472694841195918	0.5435264773447004	0.5399014614343149
0.7336765782483725	0.7329789466237621	0.7284601082901889	0.7212438926129702
0.551567839920505	0.5485710426488823	0.5329401011124048	0.5518227821462778
0.6066617967542015	0.6061659018513437	0.6011195991711138	0.5997724984697537
0.578471252838708	0.5745262357054975	0.577647551765647	0.5652681091719458
0.7918326336365733	0.7931256560922645	0.793663805087429	0.7872661744961343
0.7095285860502581	0.7022491670703528	0.7102552441052348	0.7004968806547671
0.5913801135796568	0.593547965641065	0.5889330801223714	0.5762554391474396
0.6453466701752649	0.6490802630313031	0.6709654922151139	0.6728471990163353
0.7315333273776345	0.7303700750203099	0.7321333082419478	0.7279598437359796
0.7327923182044421	0.7296188442381824	0.7241757739566858	0.7494497276641248
0.6320293658883127	0.6305956689853154	0.6290827293173655	0.6368238027747174
0.666887795434108	0.666993158414589	0.6598857197664986	0.6572367057814786
0.5823455078941884	0.5821808885160569	0.5703359529884799	0.5888268233651723
0.7439818847476255	0.7337882072548026	0.7277530560900464	0.7550791890273508
0.6395234629165445	0.6375056760763591	0.6387290265249616	0.6484180504986496
0.867832490269514	0.8683126918152938	0.8665210061179681	0.8651836968922327
0.7147321624022781	0.713099045840232	0.7134822544994863	0.7089084245673529
0.6120948131287334	0.6067377562689235	0.6027083883148889	0.6066632316383347
0.5890770551547578	0.5893621204763763	0.5879569952363627	0.5780904613959639
0.5853741324782474	0.5889409679097691	0.5753885850685708	0.5764404305715242
0.7729478490835054	0.7716696817000406	0.7691742998704422	0.759765397617922
0.6745235256009364	0.6675319270063027	0.6774344257031346	0.6704770294631593
0.7269872095152825	0.7241878062632029	0.7186840724694924	0.7179306224399977
0.5696132094524279	0.5785061632243826	0.5499232095301549	0.5185012006702542
0.6328966499407245	0.6307146526228917	0.6271725072289925	0.6208352108085835
0.7134189817672684	0.7140375782774047	0.7163947582970335	0.6869332089475163
0.7032039340301706	0.702452066000371	0.7011595283648718	0.7013068752767183
0.6880404709344244	0.6765317688357868	0.6852958455966519	0.6572677131522123
0.5992895401076848	0.600922376634046	0.6010768879255058	0.5892830310720848
0.5258098095402957	0.5289118888517218	0.5284024133381994	0.5097307234754546
0.6454973889610117	0.64421463478337	0.6399075674494518	0.6417724817374572
0.5788613364498663	0.5800250773528141	0.5834610538531386	0.5831222350368543
0.5706766881113708	0.5736161679643866	0.5710739091158695	0.5637700157083996
0.653581701005469	0.6490373893937722	0.6496822005425946	0.6245609291196714
0.6164674583190333	0.616666546942246	0.6064084663567932	0.6111792385945691
0.6870934547475186	0.6893291618810775	0.6889137371036449	0.6900527146385462
0.6472197985559858	0.6492567731606504	0.6313526204611587	0.6478535376288698
0.6387049425029614	0.6318027626894113	0.6271680380881764	0.6243504703202928
0.6278701701258902	0.6288203390576852	0.6284978843816655	0.6292045954928899
0.578840597251258	0.5755187407074719	0.576688316947736	0.5744969536962116
0.6638406225110209	0.6601443102178968	0.6617433540670923	0.6490496032654349
0.7313075811331213	0.7322288471931773	0.7138516313981106	0.7216107860313267
0.6228263234956358	0.6189253995888542	0.6173026897765339	0.6133015556464031
0.6174337668280098	0.6215613458106621	0.612006740623132	0.6175616384130512
0.5748885889803081	0.5744226585742306	0.5688094231415416	0.567526611213233
0.5538045470699047	0.5489679888476943	0.5559078439211839	0.5559494037151942
0.6394698826595175	0.6363964144653913	0.6406094748850191	0.6449862519924664
0.672493161003573	0.6641964613054104	0.656169464735848	0.654024988595362
0.6850204462185713	0.6836055456175085	0.6834824147019839	0.6835360427853092
0.5938369381294807	0.5951396251831825	0.5948470129161058	0.5896940358666969
0.7293640580641023	0.7236660366292462	0.7230502665985399	0.7174419263950993
0.6870675477032138	0.6986913648127869	0.6916861085103152	0.6820499572379121
0.7203201186631518	0.7173796741063247	0.7188467206812591	0.7302707897590944
0.5475006055224517	0.5438067991933305	0.5467637515138831	0.5427974117679737
0.6467826438883145	0.6484957629762846	0.6368430158846298	0.6305156651493571
0.6655148018197501	0.662152265570396	0.6418589525348731	0.6645401336591573
0.7195535084033984	0.7190928575473601	0.7203525910543396	0.7064674842145742
0.7054809445008817	0.7047018156008059	0.7059097731824864	0.6988454008274917
0.7513987407922561	0.7491446892615723	0.7401363187951343	0.7422530791445269
0.6131474975406115	0.607894166745646	0.6169661341689955	0.5969681062924801
0.6012962751686223	0.5994207239281345	0.58366323213202	0.5805401242069278
0.6804639978174171	0.6818420923830733	0.6772871199477535	0.6636123233627534
0.563392867941108	0.561750174103617	0.553187685449324	0.5656820636296823
0.745494777104102	0.7395461344594685	0.7369775976235893	0.740961495266239
0.6000596037385983	0.5931414641001705	0.5981713962130911	0.6114950918453129
0.6173322936808786	0.6196564678427241	0.6031088707537662	0.584696209610066
0.7434681857753225	0.7457245132817445	0.7388245914073021	0.7155939217194435
0.5845387755029946	0.577871777499976	0.5840009347249855	0.575571577537776
0.6756037211433613	0.6710650985028698	0.6712154857166754	0.6659240247191701
0.6465170395424339	0.628305861734771	0.6291255626291339	0.6149388800329316
0.6925817928009244	0.6863189060656435	0.69196685711855	0.6810812429503219
0.5281338417609979	0.5199850000811085	0.5145558474984224	0.5324621588147662
0.7622734175119807	0.7611129805596644	0.7582933667337446	0.7549255209331294
0.7821537729694723	0.7803035251887973	0.7740381364236899	0.7794833325988761
0.7107523434022871	0.7092628839417392	0.7048637559625773	0.7046155050175289
0.7890465740225977	0.7857506826380959	0.7827826237936528	0.7788795247354298
0.6237105092283709	0.6203806756050403	0.6132476422281194	0.6082472485728169
0.6534989343980774	0.647824755493603	0.6586336266436721	0.6439162382933656
0.5560474446310009	0.548709871164842	0.5545115233662835	0.5711207828889255
0.57849416124891	0.5782538360372671	0.5789146645346048	0.5711284124280688
0.6933250229199107	0.6918637165410759	0.6911375668532896	0.6912402332853655
0.5448909015283407	0.542477033769185	0.5393001855058894	0.526768406022171
0.719178263919273	0.7193327877010379	0.7092967971426192	0.6989459015770209
0.5759124689676265	0.5704185739891758	0.5650765260516272	0.565796682909633
0.6805662309995439	0.6794635400735629	0.6799152729079577	0.6768486665841331
0.6051594061897682	0.6067002139521638	0.6087391524419826	0.6034757083564614
0.6353428344779788	0.6346295732354321	0.6305566951444976	0.6214213646069258
0.6540032085272899	0.654100546550949	0.647081018681525	0.6586971679658081
0.7613033201270278	0.7561250090690791	0.7481561100015058	0.7508068062896597
0.6866760972228306	0.6826315055975466	0.6837951741101524	0.681557637441311
0.7345567379409615	0.7367422014251034	0.7277578686599414	0.7255442370098693
0.5439208927907774	0.5329285508229503	0.5451196788852665	0.5254232485004497
0.6369444912324153	0.631646860099379	0.6380749893263947	0.6016266429057735
0.7218003348986829	0.7266994480440427	0.7187380384804813	0.7039830721105542
0.7832426642989776	0.7824456762283268	0.7844740388538946	0.774296897766377
0.7601690501660994	0.7595306848235772	0.7592386382353855	0.7554108830730902
0.7153263818397697	0.7142184259824627	0.7126071063036536	0.712979322652675
0.6575445802865343	0.6544080587709608	0.65444499365479	0.6499926064199011
0.7461797331858246	0.7434937906325166	0.7553109474566264	0.7503780353618662
0.7198279675335951	0.7145474233514416	0.7131006417528426	0.7074096755556735
0.5539910756014169	0.5556900224398653	0.5569596945903104	0.5614665122620308
0.7272784831771558	0.7274902520934229	0.7237564230805784	0.7226147660406901
0.633394727676094	0.6312802793366611	0.6258651737567775	0.6360539864010313
0.737811746357557	0.7325760361548553	0.7321456297028233	0.7151089546267646
0.5610160395680948	0.5577772941740565	0.551268615828744	0.5650317633122877
0.5563051233833319	0.5594649881413997	0.5508094833379659	0.5485033960826499
0.661642908495043	0.6611450532144381	0.6568136291231097	0.6506017336464154
0.6374819452931128	0.6392449748077805	0.6345076698981807	0.6374299788094401
0.5446852439253869	0.5433997923749146	0.5417994069121135	0.5348255248702666
0.520503051011204	0.5157946115775814	0.5170386833804477	0.5145291949665934
0.5632731982166161	0.5638345957592126	0.5688252548634111	0.5551385185333072
0.6504916330570161	0.6495691056608768	0.6480520874669936	0.6475273866297734
0.7707121544662909	0.7715032460287441	0.7674257244944306	0.7652348603774974
0.6458433818406549	0.6458305565411581	0.6399751249275385	0.6428360070089725
0.7185454360717315	0.7164156343636943	0.7182831962865741	0.7114023396503051
0.6635565868469324	0.6654459584371271	0.6621735617570099	0.6704672382718113
0.5243260450193755	0.5331875553120263	0.5234718182884235	0.5293342793693968
0.771568488394684	0.7698056935670478	0.762864666061603	0.7601764973062427
0.5212225771588874	0.5276291725581578	0.520049631310943	0.5023133938271398
0.5948611859812013	0.5954298345614847	0.5979341999681315	0.5948509383349567
0.5382654164815175	0.5390675805339494	0.5295322515932313	0.5344473025643618
0.6963181192336867	0.6986547083147299	0.6731325791884569	0.6294656997856449
0.747278521560198	0.7496279863833024	0.744087270625796	0.7392666758363111
0.5999901344732105	0.6033997459984511	0.5930638539829378	0.5887606178980959
0.6476413933931994	0.6483721788470254	0.6470173805441922	0.623332430149007
0.6055926584056742	0.6042955518526119	0.5858876561551539	0.599158515052132
0.6856959002319378	0.6800598601960112	0.6816960982622982	0.661822918775985
0.6414323690057531	0.643382525839845	0.6409827007487703	0.6424973624191117
0.6345128097426322	0.636051061290727	0.6209945613845719	0.6234407402632417
0.6877285067241289	0.6890675244202902	0.6900143368014322	0.6771721254944646
0.6773967160745052	0.6717783747381003	0.6717650131434191	0.6667720137099156
0.6516942343781602	0.6501418568611905	0.654043968116322	0.6408455471187274
0.6096140670551281	0.6081295135676904	0.5640524131694667	0.5807403686434984
0.7790584000258	0.7776743384090928	0.7729591078846862	0.770686236021052
0.6397734454237166	0.6382796701785975	0.634524107993255	0.6260516983674111
0.6276419193099306	0.6278174896180779	0.6335150807407298	0.6116581796493865
0.733840035320417	0.7397732999156008	0.7338096438093824	0.710152113493807
0.5487390397592917	0.5502550117507299	0.5474428636929735	0.5185830337842272
0.665285406533415	0.6652042394695592	0.6628730871807859	0.6431445272564561
0.6142491616292365	0.6094284479455201	0.6077433278379281	0.606582219159375
0.6307126436829749	0.6291795077966205	0.6289582911151422	0.6134423783630619
0.7327758729008704	0.7285889965530442	0.722088940210469	0.7267823320026229
0.6875963809906512	0.6877383838980179	0.6880270352283517	0.6821368317472585
0.527843027269519	0.5271792131507881	0.5294973828867799	0.5276822078174436
0.6637678070499404	0.6610198142373008	0.6648729796601593	0.6581278756311995
0.5473032332726977	0.5371619499994196	0.5309263476682948	0.5295233100578942
0.7370503404466551	0.7374346398449406	0.7357486169351503	0.721320004092479
0.6089429147652972	0.6081653193217079	0.6069948866423356	0.5978729849645669
0.724221527807732	0.724233143724008	0.7162224550280963	0.716130839845286
0.6730605913397596	0.6642003429217769	0.6733237227209181	0.6485162363359861
0.6559170921291316	0.6561407022940613	0.6566568919388267	0.6364100470920191
0.6905069311387303	0.6880165458324715	0.6870755511822773	0.6848110798245894
0.5413810044894893	0.5422647630305458	0.5229430779097408	0.517238658230757
0.5541516557241699	0.5526899072464717	0.5558279749597091	0.5556880472475697
0.6290979182288172	0.629780364988803	0.6331303149972742	0.6216813156563603
0.8191898647447061	0.8156762212222155	0.8166776710182527	0.8106572508619794
0.5604675217808468	0.5688807672304314	0.5514924474383354	0.5436590542727783
0.682736031063924	0.6857578933817653	0.6742656933126695	0.6765666384160738
0.6644747308902983	0.6631882132107659	0.6595461392735202	0.6709262457203372
0.5868113007374625	0.5889028038538826	0.5913712281136552	0.5993444665115693
0.5788698583768748	0.5774537487745548	0.5755585240633646	0.5765670064617564
0.6360362170405703	0.6373315050011961	0.6347717050802899	0.6449999950463458
0.5377997525770665	0.5348930134195615	0.5317343942514362	0.5305336854587045
0.5850368607566642	0.5807150048811404	0.5800149503504319	0.5824967310430077
0.6989334230872375	0.6880723292042853	0.6888469514504378	0.6619279418028406
0.5810833942996618	0.5737665725024431	0.5882631932891028	0.5712850423475165
0.6285738838356073	0.6302065296655176	0.626289256756176	0.6254321384861482