0.9999999999999998	0.999999999999994	0.999999999994418	0.9999999995683476
0.9999999999999999	0.9999999999999892	0.9999999999908711	0.999999999237714
0.9999999999999999	0.9999999999999877	0.9999999999905237	0.9999999992151317
1.	0.9999999999999918	0.9999999999888333	0.9999999988681308
0.9999999999999998	0.9999999999999881	0.9999999999899674	0.9999999991818035
1.	0.9999999999999922	0.9999999999938918	0.999999999571085
1.	0.999999999999994	0.999999999995139	0.9999999995933903
1.	0.9999999999999911	0.999999999990813	0.9999999989885497
0.9999999999999999	0.9999999999999905	0.9999999999921663	0.999999999405801
1.	0.9999999999999921	0.9999999999890078	0.9999999990305319
1.	0.9999999999999934	0.9999999999942742	0.9999999994620217
0.9999999999999999	0.9999999999999969	0.9999999999974682	0.9999999997675725
0.9999999999999998	0.9999999999999892	0.9999999999912661	0.9999999993780662
0.9999999999999999	0.9999999999999926	0.999999999993123	0.9999999991967644
0.9999999999999999	0.9999999999999943	0.9999999999950382	0.9999999996091126
0.9999999999999999	0.9999999999999936	0.9999999999944116	0.9999999995969534
1.	0.9999999999999938	0.9999999999947291	0.999999999607674
1.	0.999999999999995	0.9999999999959055	0.9999999996788235
0.9999999999999999	0.9999999999999877	0.9999999999900737	0.9999999992830629
1.	0.9999999999999927	0.9999999999936364	0.999999999489609
1.	0.9999999999999953	0.9999999999963527	0.9999999996640512
0.9999999999999998	0.9999999999999946	0.9999999999949575	0.999999999556937
1.0000000000000002	0.99999999999999	0.9999999999911214	0.9999999992914013
0.9999999999999996	0.9999999999999994	0.9999999999996968	0.9999999999754682
0.9999999999999999	0.9999999999999954	0.9999999999966076	0.9999999996865899
0.9999999999999999	0.9999999999999917	0.9999999999931373	0.9999999994801037
1.	0.999999999999989	0.9999999999912819	0.9999999993239512
1.	0.9999999999999937	0.9999999999939859	0.9999999995500772
0.9999999999999998	0.9999999999999903	0.9999999999886382	0.9999999988679694
1.	0.9999999999999919	0.9999999999936827	0.9999999994907747
1.	0.9999999999999956	0.9999999999962864	0.9999999996813999
0.9999999999999999	0.9999999999999958	0.9999999999961473	0.9999999997152854
0.9999999999999999	0.9999999999999917	0.9999999999925003	0.9999999993206657
0.9999999999999999	0.9999999999999883	0.9999999999900835	0.9999999992487801
1.	0.9999999999999909	0.999999999992479	0.9999999995001913
1.	0.9999999999999972	0.9999999999976387	0.999999999803818
0.9999999999999999	0.9999999999999988	0.9999999999991157	0.9999999999331096
1.	0.9999999999999949	0.9999999999951135	0.9999999996024581
0.9999999999999997	0.9999999999999915	0.9999999999927416	0.9999999993849576
0.9999999999999999	0.9999999999999972	0.9999999999974489	0.9999999997667313
0.9999999999999999	0.999999999999995	0.9999999999953121	0.9999999996468596
1.0000000000000002	0.9999999999999958	0.9999999999959932	0.9999999996536373
1.	0.9999999999999944	0.9999999999951461	0.9999999996256774
1.	0.999999999999991	0.9999999999924724	0.9999999994140955
1.	0.9999999999999923	0.9999999999936376	0.9999999995152459
0.9999999999999999	0.9999999999999919	0.9999999999933396	0.9999999995110149
0.9999999999999998	0.99999999999999	0.9999999999892123	0.9999999986403937
1.	0.9999999999999959	0.999999999996146	0.9999999996638707
0.9999999999999999	0.9999999999999912	0.9999999999923355	0.9999999994458494
0.9999999999999999	0.9999999999999952	0.9999999999958579	0.9999999996636791
0.9999999999999997	0.9999999999999898	0.9999999999915843	0.9999999993754801
1.	0.9999999999999902	0.9999999999919036	0.9999999994097273
0.9999999999999998	0.9999999999999969	0.9999999999970418	0.9999999997942899
1.	0.999999999999995	0.9999999999956793	0.9999999996203268
0.9999999999999999	0.9999999999999899	0.9999999999917725	0.9999999993782229
0.9999999999999998	0.9999999999999859	0.9999999999876373	0.9999999988086533
0.9999999999999999	0.9999999999999909	0.9999999999927471	0.9999999994154771
1.	0.9999999999999875	0.9999999999864059	0.9999999982922342
1.	0.9999999999999873	0.9999999999898258	0.9999999992061128
0.9999999999999998	0.9999999999999915	0.9999999999929359	0.9999999994413326
1.	0.9999999999999925	0.999999999993121	0.9999999993803715
1.	0.9999999999999886	0.9999999999864295	0.9999999980525212
1.	0.9999999999999954	0.9999999999960869	0.9999999996530232
1.	0.9999999999999923	0.999999999991496	0.999999999158049
0.9999999999999999	0.9999999999999902	0.999999999991157	0.9999999993256096
1.	0.9999999999999932	0.9999999999940246	0.9999999995879533
1.	0.9999999999999946	0.9999999999946321	0.9999999996391116
0.9999999999999999	0.999999999999991	0.9999999999927721	0.9999999993362026
0.9999999999999999	0.9999999999999897	0.9999999999916153	0.9999999993959614
0.9999999999999998	0.9999999999999889	0.9999999999901088	0.9999999991300778
0.9999999999999999	0.9999999999999873	0.9999999999866476	0.9999999983993659
1.	0.9999999999999941	0.9999999999947985	0.9999999995626475
1.	0.9999999999999882	0.9999999999893759	0.9999999991713858
1.	0.9999999999999933	0.9999999999941059	0.9999999994582903
1.	0.9999999999999918	0.9999999999933877	0.9999999994111259
1.	0.9999999999999977	0.9999999999978315	0.999999999810881
0.9999999999999997	0.9999999999999981	0.9999999999984361	0.9999999998717809
1.	0.9999999999999916	0.9999999999933656	0.9999999994771507
1.	0.9999999999999928	0.9999999999937705	0.9999999994991011
1.	0.9999999999999909	0.9999999999924223	0.9999999993995418
0.9999999999999999	0.9999999999999905	0.9999999999923613	0.999999999425068
1.	0.9999999999999898	0.9999999999925229	0.9999999993790777
1.	0.9999999999999942	0.9999999999950739	0.9999999995685275
1.	0.9999999999999897	0.9999999999916129	0.9999999993809887
1.	0.9999999999999893	0.999999999991575	0.9999999993531526
1.	0.9999999999999932	0.999999999994438	0.9999999995467467
1.	0.9999999999999899	0.9999999999917852	0.9999999993672479
1.	0.9999999999999919	0.9999999999931932	0.9999999994004358
1.	0.9999999999999881	0.9999999999894886	0.9999999992687781
0.9999999999999998	0.9999999999999941	0.9999999999936838	0.9999999995209835
0.9999999999999999	0.9999999999999978	0.9999999999983589	0.9999999998392255
0.9999999999999999	0.999999999999996	0.9999999999963088	0.999999999698046
0.9999999999999998	0.9999999999999893	0.9999999999907357	0.9999999991533705
1.	0.9999999999999976	0.999999999997992	0.9999999998197199
0.9999999999999999	0.9999999999999898	0.9999999999914934	0.9999999994185196
0.9999999999999998	0.9999999999999978	0.9999999999982314	0.9999999998445384
1.	0.9999999999999925	0.9999999999935383	0.9999999995019948
1.	0.9999999999999951	0.9999999999961041	0.9999999996777519
0.9999999999999998	0.9999999999999937	0.9999999999937969	0.9999999996328542
0.9999999999999999	0.9999999999999943	0.9999999999954389	0.9999999995267018
0.9999999999999997	0.9999999999999938	0.9999999999950437	0.9999999995710332
1.	0.999999999999989	0.9999999999897937	0.9999999993580785
0.9999999999999999	0.9999999999999981	0.9999999999984178	0.9999999998775927
1.0000000000000002	0.9999999999999905	0.9999999999911973	0.9999999993595491
1.0000000000000002	0.9999999999999875	0.9999999999880382	0.9999999990419297
0.9999999999999998	0.9999999999999919	0.9999999999931931	0.9999999993076122
0.9999999999999998	0.9999999999999908	0.9999999999920206	0.9999999992962897
0.9999999999999998	0.9999999999999907	0.9999999999926826	0.9999999993982804
1.	0.999999999999992	0.9999999999934795	0.9999999995121057
1.0000000000000002	0.9999999999999907	0.9999999999923649	0.9999999994664648
0.9999999999999999	0.9999999999999887	0.9999999999883706	0.9999999991236831
0.9999999999999999	0.9999999999999928	0.9999999999929019	0.9999999993995444
0.9999999999999999	0.9999999999999891	0.9999999999896321	0.9999999991617211
0.9999999999999999	0.9999999999999939	0.9999999999944447	0.9999999994793805
0.9999999999999999	0.9999999999999889	0.9999999999904678	0.9999999993303023
0.9999999999999999	0.9999999999999875	0.9999999999897873	0.9999999991894195
0.9999999999999999	0.999999999999991	0.9999999999917362	0.9999999992840596
1.	0.9999999999999928	0.9999999999933319	0.9999999995618912
1.	0.9999999999999921	0.9999999999934659	0.9999999995046834
0.9999999999999999	0.9999999999999888	0.9999999999898995	0.9999999993432966
0.9999999999999998	0.9999999999999926	0.9999999999934064	0.999999999448655
1.	0.9999999999999931	0.9999999999939322	0.999999999477821
1.	0.9999999999999943	0.9999999999948679	0.999999999584806
1.	0.9999999999999916	0.9999999999932514	0.9999999994731893
1.	0.9999999999999937	0.9999999999945723	0.9999999995710752
0.9999999999999999	0.9999999999999953	0.9999999999955281	0.9999999996306874
0.9999999999999999	0.9999999999999926	0.9999999999933609	0.9999999993596871
1.	0.9999999999999971	0.9999999999970633	0.9999999997658623
1.	0.999999999999989	0.9999999999908149	0.9999999992026244
1.	0.9999999999999974	0.9999999999978616	0.9999999998280523
0.9999999999999999	0.9999999999999919	0.9999999999936997	0.9999999994948233
1.	0.9999999999999922	0.9999999999926178	0.9999999995387637
0.9999999999999999	0.9999999999999876	0.9999999999900719	0.9999999992457602
0.9999999999999997	0.9999999999999962	0.9999999999969169	0.999999999723808
1.	0.9999999999999915	0.9999999999864508	0.9999999987774062
1.	0.9999999999999889	0.9999999999879183	0.999999999001086
0.9999999999999997	0.9999999999999921	0.9999999999934861	0.9999999994587584
0.9999999999999999	0.9999999999999915	0.9999999999923205	0.9999999994074618
1.	0.9999999999999921	0.9999999999934505	0.9999999994749315
0.9999999999999999	0.9999999999999896	0.9999999999920128	0.9999999993668742
1.	0.9999999999999939	0.9999999999946254	0.9999999995490075
0.9999999999999999	0.9999999999999931	0.99999999999423	0.9999999995224411
1.	0.9999999999999895	0.999999999991166	0.9999999993387724
1.	0.9999999999999915	0.9999999999918754	0.9999999993256952
0.9999999999999999	0.9999999999999939	0.9999999999947807	0.999999999554629
1.	0.9999999999999916	0.9999999999932448	0.999999999478999
0.9999999999999998	0.9999999999999912	0.9999999999924847	0.9999999993419207
0.9999999999999999	0.999999999999993	0.9999999999942037	0.9999999994635015
1.	0.9999999999999926	0.9999999999939476	0.9999999995007446
0.9999999999999999	0.9999999999999923	0.9999999999935009	0.9999999995622344
1.	0.9999999999999896	0.9999999999857558	0.9999999987773887
1.	0.9999999999999987	0.9999999999991038	0.9999999999123079
1.	0.9999999999999898	0.9999999999924022	0.9999999992511303
0.9999999999999999	0.9999999999999891	0.9999999999913278	0.9999999992019459
0.9999999999999999	0.9999999999999895	0.9999999999903483	0.9999999992771093
1.	0.999999999999997	0.9999999999972733	0.9999999997783278
0.9999999999999999	0.9999999999999911	0.9999999999924759	0.9999999994356231
1.	0.9999999999999886	0.9999999999904526	0.9999999992642677
1.	0.9999999999999913	0.9999999999889253	0.9999999990405678
0.9999999999999999	0.9999999999999917	0.9999999999928385	0.9999999995281249
0.9999999999999999	0.9999999999999911	0.9999999999924183	0.9999999994180256
0.9999999999999999	0.9999999999999905	0.999999999992344	0.9999999994126854
0.9999999999999998	0.9999999999999949	0.9999999999953851	0.9999999996223982
0.9999999999999998	0.9999999999999921	0.9999999999899823	0.9999999984058477
1.	0.9999999999999919	0.9999999999887408	0.999999998905582
0.9999999999999998	0.9999999999999893	0.9999999999908993	0.9999999993779726
1.	0.9999999999999917	0.9999999999941455	0.9999999994586124
0.9999999999999998	0.9999999999999925	0.9999999999937011	0.9999999995034926
0.9999999999999997	0.9999999999999866	0.9999999999891532	0.9999999989785087
0.9999999999999998	0.9999999999999895	0.9999999999914969	0.9999999993264251
0.9999999999999999	0.9999999999999964	0.99999999999688	0.9999999997551936
1.	0.9999999999999959	0.9999999999966662	0.9999999996762137
1.	0.9999999999999889	0.9999999999908168	0.9999999993484504
1.	0.9999999999999912	0.9999999999932913	0.9999999994350912
1.	0.9999999999999897	0.999999999992023	0.9999999993833666
0.9999999999999998	0.9999999999999922	0.9999999999921132	0.9999999993161742
1.	0.9999999999999901	0.9999999999911162	0.9999999992561852
1.	0.9999999999999934	0.9999999999943852	0.9999999995242524
1.	0.9999999999999892	0.9999999999895856	0.9999999991623209
1.	0.9999999999999918	0.9999999999900244	0.9999999988094579
1.	0.9999999999999898	0.9999999999920938	0.9999999992327184
0.9999999999999998	0.9999999999999889	0.9999999999907488	0.9999999992663551
1.	0.9999999999999948	0.999999999994746	0.9999999996010951
1.	0.9999999999999931	0.9999999999942684	0.9999999995015358
0.9999999999999999	0.9999999999999918	0.9999999999928798	0.999999999373271
1.	0.9999999999999882	0.9999999999896816	0.9999999991503197
0.9999999999999999	0.9999999999999958	0.9999999999964585	0.9999999997017882
0.9999999999999998	0.9999999999999925	0.9999999999935804	0.9999999995026375
1.	0.9999999999999901	0.9999999999920248	0.9999999994183668
1.	0.9999999999999968	0.9999999999967923	0.9999999997333617
0.9999999999999999	0.9999999999999973	0.9999999999980438	0.999999999809901
0.9999999999999998	0.9999999999999912	0.9999999999898482	0.9999999989287098
0.9999999999999999	0.9999999999999917	0.9999999999937329	0.9999999994207747
0.9999999999999999	0.999999999999998	0.9999999999984475	0.9999999998621087
1.	0.9999999999999913	0.9999999999915975	0.9999999993383285
0.9999999999999998	0.999999999999992	0.9999999999937957	0.9999999994535331
1.	0.9999999999999922	0.9999999999914914	0.9999999990631034
1.	0.999999999999991	0.9999999999930242	0.9999999994756138
0.9999999999999999	0.9999999999999944	0.9999999999953904	0.9999999995654573
1.	0.9999999999999958	0.9999999999961656	0.9999999996681566
1.0000000000000002	0.9999999999999908	0.9999999999925057	0.9999999994530175
0.9999999999999998	0.9999999999999896	0.9999999999911426	0.9999999993439348
0.9999999999999999	0.9999999999999983	0.9999999999984602	0.9999999998785695
1.	0.9999999999999957	0.9999999999964654	0.9999999996740866
0.9999999999999999	0.9999999999999906	0.9999999999941313	0.9999999995346508
1.	0.9999999999999961	0.9999999999964964	0.9999999997393932
1.	0.9999999999999893	0.9999999999913282	0.9999999992876255
0.9999999999999999	0.9999999999999966	0.9999999999970874	0.9999999997645482
1.	0.9999999999999913	0.9999999999918793	0.9999999994330797
1.	0.9999999999999959	0.999999999996616	0.9999999996921987
1.0000000000000002	0.9999999999999928	0.9999999999935901	0.9999999994759341
0.9999999999999998	0.9999999999999932	0.9999999999939565	0.9999999994940599
1.	0.9999999999999922	0.9999999999937027	0.9999999995279054
1.	0.9999999999999922	0.9999999999938898	0.9999999994527768
0.9999999999999999	0.9999999999999972	0.9999999999976756	0.999999999791835
1.	0.9999999999999946	0.9999999999934344	0.9999999990270763
1.	0.9999999999999968	0.999999999996704	0.999999999725661
1.	0.9999999999999963	0.9999999999972724	0.9999999997630272
1.0000000000000002	0.9999999999999887	0.9999999999903493	0.9999999991430426
0.9999999999999999	0.9999999999999941	0.9999999999948196	0.9999999996406782
1.	0.9999999999999892	0.9999999999903951	0.9999999993196311
0.9999999999999999	0.9999999999999934	0.9999999999930204	0.999999999363135
1.	0.9999999999999981	0.9999999999984615	0.9999999998733634
0.9999999999999999	0.9999999999999986	0.9999999999988116	0.9999999998950276
1.	0.9999999999999902	0.9999999999909646	0.9999999992735098
1.	0.9999999999999991	0.9999999999991744	0.9999999999334589
0.9999999999999998	0.9999999999999918	0.9999999999931968	0.9999999995116112
0.9999999999999999	0.9999999999999918	0.9999999999931659	0.9999999994489441
0.9999999999999999	0.9999999999999861	0.9999999999860814	0.9999999983577286
0.9999999999999999	0.9999999999999979	0.9999999999983581	0.9999999998807954
1.	0.9999999999999892	0.9999999999904452	0.9999999991805161
0.9999999999999998	0.9999999999999852	0.9999999999828987	0.9999999977644746
1.	0.9999999999999898	0.9999999999871022	0.9999999987444322
0.9999999999999999	0.9999999999999943	0.9999999999953099	0.9999999996316726
1.	0.9999999999999928	0.9999999999915807	0.9999999992149654
0.9999999999999999	0.9999999999999901	0.9999999999919761	0.9999999993510738
0.9999999999999999	0.9999999999999951	0.9999999999960661	0.9999999996148814
1.	0.9999999999999964	0.9999999999970408	0.9999999997642139
0.9999999999999998	0.9999999999999902	0.9999999999917554	0.9999999993936368
0.9999999999999999	0.9999999999999938	0.999999999994594	0.9999999995477195
0.9999999999999999	0.9999999999999888	0.9999999999903421	0.9999999992116678
0.9999999999999999	0.9999999999999899	0.9999999999837952	0.999999997777851
0.9999999999999999	0.9999999999999927	0.9999999999942606	0.9999999994952121
1.	0.999999999999995	0.9999999999955786	0.9999999996201067
1.0000000000000002	0.9999999999999898	0.9999999999914495	0.9999999992438896
0.9999999999999999	0.9999999999999966	0.9999999999969336	0.9999999997262363
0.9999999999999998	0.9999999999999902	0.9999999999918194	0.9999999992438529
1.	0.9999999999999883	0.9999999999898875	0.9999999992272844
0.9999999999999998	0.9999999999999968	0.9999999999968752	0.9999999997785498
0.9999999999999997	0.9999999999999905	0.9999999999922812	0.9999999994444492
0.9999999999999998	0.9999999999999979	0.9999999999981756	0.9999999998573652
0.9999999999999998	0.9999999999999982	0.9999999999985242	0.9999999998852422
0.9999999999999999	0.9999999999999933	0.999999999993614	0.9999999994048466
1.	0.9999999999999925	0.9999999999933576	0.9999999994704912
0.9999999999999998	0.9999999999999926	0.9999999999938237	0.9999999995123863
1.	0.9999999999999909	0.999999999992037	0.9999999993548475
1.	0.9999999999999863	0.9999999999873833	0.9999999990430922
0.9999999999999997	0.9999999999999909	0.9999999999918711	0.9999999994036535
0.9999999999999999	0.9999999999999901	0.9999999999906111	0.9999999994075911
1.	0.9999999999999911	0.9999999999920766	0.9999999994062991
0.9999999999999999	0.9999999999999973	0.9999999999977293	0.9999999997811847
1.0000000000000002	0.9999999999999987	0.9999999999989415	0.9999999999115422
0.9999999999999998	0.9999999999999909	0.9999999999913901	0.9999999988328561
1.	0.9999999999999939	0.9999999999951382	0.9999999995551047
1.	0.999999999999992	0.9999999999933847	0.9999999994143668
0.9999999999999999	0.9999999999999888	0.9999999999820476	0.999999998238203
1.0000000000000002	0.999999999999993	0.9999999999943012	0.9999999995573614
1.	0.99999999999999	0.9999999999916779	0.9999999992352825
0.9999999999999997	0.9999999999999918	0.9999999999933019	0.9999999994275737
0.9999999999999999	0.9999999999999926	0.9999999999933714	0.9999999994910156
0.9999999999999999	0.9999999999999988	0.9999999999992707	0.9999999999484853
1.	0.999999999999992	0.9999999999932715	0.999999999488736
0.9999999999999997	0.99999999999999	0.9999999999915969	0.9999999993595658
1.	0.9999999999999906	0.9999999999931094	0.9999999994301951
0.9999999999999999	0.9999999999999944	0.9999999999951492	0.9999999995522146
0.9999999999999998	0.9999999999999923	0.999999999993046	0.9999999994749963
1.0000000000000002	0.9999999999999944	0.9999999999951262	0.999999999624888
1.	0.9999999999999916	0.9999999999921687	0.9999999993928412
1.	0.9999999999999917	0.9999999999934096	0.999999999520592
1.	0.999999999999994	0.9999999999949247	0.9999999995170833
0.9999999999999999	0.9999999999999882	0.9999999999891855	0.9999999991866622
1.	0.9999999999999909	0.9999999999916686	0.9999999994287171
0.9999999999999999	0.9999999999999928	0.9999999999941729	0.9999999994535099
0.9999999999999998	0.9999999999999891	0.9999999999893409	0.9999999991282021
0.9999999999999998	0.9999999999999906	0.9999999999925223	0.9999999993971036
1.	0.9999999999999979	0.9999999999979181	0.9999999998433952
0.9999999999999998	0.9999999999999906	0.9999999999921635	0.9999999993456302
0.9999999999999999	0.9999999999999987	0.9999999999985604	0.9999999999066216
0.9999999999999997	0.9999999999999929	0.9999999999945851	0.999999999536277
0.9999999999999999	0.9999999999999948	0.9999999999955678	0.9999999996309935
1.	0.9999999999999927	0.9999999999935285	0.9999999995479155
0.9999999999999999	0.999999999999992	0.9999999999924513	0.9999999993189894
0.9999999999999998	0.9999999999999883	0.9999999999897883	0.9999999992259249
0.9999999999999998	0.9999999999999957	0.9999999999958875	0.9999999997450636
1.	0.9999999999999959	0.9999999999963357	0.9999999997104962
0.9999999999999999	0.999999999999991	0.9999999999917252	0.9999999993977312
1.	0.9999999999999947	0.9999999999950037	0.9999999995906499
0.9999999999999998	0.9999999999999927	0.9999999999939976	0.9999999996317134
1.	0.9999999999999925	0.9999999999938822	0.9999999995316827
0.9999999999999999	0.9999999999999911	0.9999999999917218	0.9999999993134117
0.9999999999999999	0.999999999999995	0.9999999999957314	0.9999999996093436
1.	0.9999999999999946	0.9999999999953035	0.9999999996246752
1.	0.9999999999999923	0.9999999999925275	0.9999999993954685
1.	0.9999999999999873	0.9999999999894429	0.9999999992918415
0.9999999999999999	0.9999999999999887	0.9999999999896151	0.9999999991839195
0.9999999999999998	0.999999999999991	0.999999999992378	0.999999999414751
0.9999999999999998	0.9999999999999903	0.9999999999908039	0.9999999992843059
1.	0.9999999999999968	0.9999999999970832	0.9999999997340796
1.	0.9999999999999996	0.9999999999996353	0.9999999999682114
1.0000000000000002	0.9999999999999925	0.9999999999915818	0.9999999992555537
1.	0.9999999999999909	0.9999999999930977	0.9999999994423598
0.9999999999999998	0.9999999999999925	0.9999999999941903	0.9999999994570663
0.9999999999999999	0.9999999999999901	0.9999999999919666	0.9999999994070906
1.	0.9999999999999916	0.9999999999923832	0.9999999993413236
0.9999999999999999	0.9999999999999905	0.9999999999899413	0.999999999232875
0.9999999999999999	0.9999999999999939	0.9999999999947411	0.9999999995746012
1.	0.999999999999989	0.9999999999907411	0.9999999992221613
1.	0.9999999999999892	0.9999999999893127	0.9999999991580688
1.	0.9999999999999926	0.999999999994043	0.9999999995426535
0.9999999999999997	0.99999999999999	0.9999999999909364	0.9999999992413532
0.9999999999999996	0.9999999999999885	0.9999999999905691	0.9999999992877133
1.	0.9999999999999912	0.9999999999928433	0.9999999991508873
1.	0.9999999999999901	0.9999999999919784	0.9999999994495022
1.	0.9999999999999934	0.9999999999944741	0.9999999994823602
1.	0.9999999999999939	0.999999999995525	0.9999999995798156
0.9999999999999999	0.9999999999999954	0.999999999996144	0.9999999997085938
0.9999999999999998	0.9999999999999921	0.999999999993367	0.9999999995357315
0.9999999999999999	0.9999999999999979	0.9999999999982948	0.9999999998574393
0.9999999999999997	0.9999999999999921	0.9999999999933047	0.9999999994330038
0.9999999999999998	0.9999999999999886	0.999999999990699	0.9999999992648909
0.9999999999999999	0.9999999999999867	0.9999999999888294	0.9999999991242533
0.9999999999999998	0.9999999999999916	0.9999999999936696	0.9999999994274287
1.	0.9999999999999959	0.9999999999962053	0.9999999996962915
1.	0.9999999999999898	0.9999999999915279	0.999999999353443
0.9999999999999999	0.9999999999999925	0.9999999999935155	0.9999999995171013
1.	0.9999999999999932	0.9999999999946837	0.9999999994994274
1.	0.9999999999999963	0.9999999999967135	0.9999999997494492
1.	0.9999999999999891	0.9999999999902679	0.9999999991856782
0.9999999999999999	0.9999999999999933	0.9999999999942927	0.9999999995163316
0.9999999999999999	0.9999999999999928	0.999999999994377	0.9999999995555232
1.	0.9999999999999931	0.9999999999938887	0.9999999995079735
1.	0.9999999999999888	0.9999999999898834	0.9999999991063245
0.9999999999999999	0.9999999999999937	0.9999999999951042	0.99999999959808
0.9999999999999999	0.9999999999999923	0.999999999993908	0.9999999995095292
0.9999999999999999	0.9999999999999909	0.9999999999932403	0.9999999994676593
0.9999999999999998	0.9999999999999909	0.9999999999920784	0.9999999993869857
0.9999999999999999	0.9999999999999936	0.9999999999944917	0.9999999995569152
1.	0.9999999999999915	0.9999999999929478	0.9999999994702897
1.	0.999999999999992	0.9999999999936016	0.999999999506163
1.	0.9999999999999979	0.9999999999981212	0.9999999998441575
0.9999999999999999	0.9999999999999921	0.9999999999925341	0.9999999993584066
0.9999999999999999	0.9999999999999937	0.9999999999949746	0.9999999996035578
0.9999999999999999	0.9999999999999936	0.9999999999943904	0.9999999995066033
1.	0.9999999999999928	0.9999999999936222	0.9999999994576435
1.	0.9999999999999889	0.9999999999901773	0.9999999992583795
0.9999999999999999	0.9999999999999917	0.9999999999888798	0.99999999888692
1.	0.9999999999999906	0.9999999999915188	0.9999999993037333
1.	0.9999999999999931	0.9999999999917831	0.999999999514024
0.9999999999999999	0.9999999999999926	0.9999999999937772	0.999999999550765
0.9999999999999999	0.9999999999999932	0.9999999999942423	0.99999999952427
1.	0.9999999999999882	0.9999999999903258	0.9999999992360913
1.	0.9999999999999905	0.9999999999920627	0.9999999993694324
1.	0.9999999999999952	0.9999999999960985	0.9999999996952207
0.9999999999999999	0.9999999999999897	0.9999999999920569	0.999999999386643
0.9999999999999998	0.9999999999999948	0.9999999999950433	0.9999999996315063
0.9999999999999999	0.9999999999999963	0.9999999999969996	0.999999999766142
1.	0.9999999999999907	0.9999999999921243	0.9999999994284876
0.9999999999999999	0.9999999999999921	0.9999999999938188	0.9999999995158867
0.9999999999999999	0.9999999999999903	0.9999999999915754	0.9999999993611
0.9999999999999998	0.9999999999999919	0.9999999999929354	0.9999999994248945
1.	0.9999999999999929	0.9999999999939302	0.9999999995846983
1.	0.999999999999996	0.9999999999965059	0.9999999997359873
0.9999999999999999	0.9999999999999933	0.9999999999934103	0.9999999995292235
1.	0.9999999999999938	0.9999999999951609	0.9999999995903854
0.9999999999999998	0.9999999999999908	0.9999999999923113	0.9999999994161664
1.	0.9999999999999956	0.999999999996249	0.9999999996388588
0.9999999999999998	0.9999999999999946	0.9999999999952219	0.9999999996286694
1.	0.9999999999999941	0.9999999999946664	0.9999999995931818
0.9999999999999998	0.9999999999999902	0.9999999999842262	0.9999999982381873
0.9999999999999999	0.9999999999999932	0.9999999999945134	0.999999999530738
1.	0.9999999999999989	0.9999999999991431	0.9999999999326077
0.9999999999999997	0.999999999999993	0.9999999999887295	0.9999999987831434
1.	0.9999999999999925	0.9999999999935034	0.999999999449283
1.	0.9999999999999925	0.9999999999940543	0.9999999995382143
1.0000000000000002	0.9999999999999908	0.9999999999930451	0.9999999994037666
0.9999999999999998	0.99999999999999	0.999999999991209	0.9999999992673364
0.9999999999999999	0.9999999999999911	0.9999999999925412	0.9999999994876761
0.9999999999999999	0.9999999999999946	0.999999999995455	0.9999999995674503
1.	0.999999999999989	0.9999999999875264	0.9999999983422831
0.9999999999999999	0.9999999999999902	0.9999999999894574	0.9999999990979274
0.9999999999999999	0.9999999999999929	0.9999999999925172	0.9999999990983196
0.9999999999999998	0.9999999999999901	0.999999999991883	0.9999999994045495
1.	0.9999999999999916	0.9999999999933048	0.9999999994674286
1.	0.9999999999999917	0.9999999999931705	0.9999999994779194
0.9999999999999999	0.9999999999999875	0.9999999999894684	0.9999999990964968
0.9999999999999999	0.9999999999999944	0.9999999999953564	0.9999999995872001
1.	0.999999999999996	0.9999999999964654	0.9999999996656797
1.	0.9999999999999992	0.9999999999993249	0.9999999999450293
0.9999999999999999	0.9999999999999903	0.9999999999917512	0.9999999993761741
1.	0.9999999999999895	0.9999999999914119	0.9999999988256466
0.9999999999999999	0.999999999999995	0.9999999999959882	0.9999999996527305
1.	0.9999999999999926	0.999999999994445	0.9999999994450632
1.	0.9999999999999919	0.9999999999934293	0.9999999994808495
1.	0.9999999999999936	0.9999999999942996	0.9999999995594332
1.	0.9999999999999953	0.9999999999959864	0.9999999996675686
1.0000000000000002	0.9999999999999888	0.9999999999891919	0.9999999991568802
1.	0.99999999999999	0.999999999990421	0.9999999992165953
0.9999999999999999	0.9999999999999976	0.9999999999977437	0.9999999998208826
0.9999999999999999	0.9999999999999934	0.9999999999944414	0.9999999995868996
1.	0.9999999999999877	0.9999999999808705	0.9999999982187386
1.	0.9999999999999889	0.9999999999878376	0.9999999988901119
1.	0.9999999999999917	0.9999999999933921	0.9999999994630564
0.9999999999999998	0.9999999999999949	0.9999999999956953	0.9999999996101039
0.9999999999999998	0.9999999999999903	0.999999999991714	0.9999999993285099
1.	0.9999999999999949	0.9999999999955014	0.9999999996781822
1.	0.9999999999999911	0.999999999991565	0.999999999301984
1.	0.9999999999999968	0.9999999999974785	0.9999999997664142
1.	0.9999999999999929	0.9999999999943635	0.9999999995355978
0.9999999999999999	0.9999999999999933	0.9999999999953956	0.9999999995167567
0.9999999999999998	0.9999999999999895	0.9999999999911786	0.9999999993375049
1.	0.999999999999994	0.9999999999950888	0.9999999995822224
1.	0.9999999999999959	0.9999999999964031	0.9999999997043895
1.	0.9999999999999929	0.9999999999944025	0.9999999995379188
1.	0.9999999999999932	0.9999999999938745	0.9999999995389725
0.9999999999999999	0.9999999999999922	0.9999999999931687	0.9999999994197355
0.9999999999999999	0.9999999999999988	0.9999999999990479	0.9999999999188333
0.9999999999999999	0.9999999999999963	0.9999999999973347	0.999999999753563
1.	0.9999999999999908	0.999999999988493	0.9999999987700802
0.9999999999999999	0.9999999999999909	0.999999999992013	0.9999999994355272
0.9999999999999998	0.9999999999999925	0.9999999999926257	0.9999999994246878
1.	0.9999999999999913	0.9999999999919006	0.9999999993949917
1.	0.9999999999999898	0.9999999999914597	0.999999999376754
0.9999999999999999	0.9999999999999906	0.9999999999920686	0.999999999346793
1.	0.9999999999999918	0.9999999999933373	0.9999999994853521
1.	0.9999999999999979	0.9999999999984522	0.999999999853192
1.	0.9999999999999882	0.9999999999899085	0.9999999992332365
0.9999999999999998	0.9999999999999903	0.9999999999922004	0.9999999993432307
1.	0.9999999999999939	0.9999999999948175	0.999999999566299
0.9999999999999998	0.9999999999999942	0.9999999999950524	0.9999999995936574
1.	0.9999999999999936	0.9999999999938424	0.9999999995424672
0.9999999999999999	0.9999999999999982	0.9999999999987444	0.9999999998966207
0.9999999999999998	0.9999999999999913	0.9999999999930557	0.9999999994635178
0.9999999999999999	0.9999999999999905	0.9999999999912055	0.9999999992892775
0.9999999999999998	0.9999999999999961	0.9999999999966264	0.9999999997000123
0.9999999999999997	0.9999999999999916	0.9999999999919141	0.9999999994971861
1.	0.9999999999999979	0.9999999999980214	0.9999999998419907
0.9999999999999999	0.9999999999999983	0.9999999999989115	0.9999999999019694
1.	0.9999999999999902	0.9999999999920042	0.9999999993387745
1.	0.9999999999999958	0.9999999999967907	0.999999999715225
1.	0.9999999999999908	0.9999999999895116	0.9999999992503917
0.9999999999999999	0.9999999999999963	0.9999999999966	0.9999999997005564
1.	0.999999999999994	0.9999999999945691	0.9999999995250957
0.9999999999999999	0.9999999999999912	0.9999999999925879	0.9999999994775164
1.	0.9999999999999959	0.9999999999965786	0.9999999997395375
0.9999999999999998	0.9999999999999893	0.9999999999913539	0.9999999993145573
1.	0.9999999999999977	0.9999999999978018	0.9999999998201288
0.9999999999999999	0.9999999999999908	0.9999999999928426	0.9999999994061218
0.9999999999999998	0.999999999999995	0.9999999999963036	0.9999999996228968
0.9999999999999998	0.9999999999999979	0.9999999999982968	0.9999999998550972
0.9999999999999998	0.9999999999999926	0.9999999999941421	0.9999999994985133
0.9999999999999998	0.9999999999999906	0.9999999999918266	0.9999999990173785
0.9999999999999999	0.9999999999999899	0.9999999999919345	0.9999999993608515
0.9999999999999997	0.9999999999999937	0.9999999999948054	0.9999999994643187
1.	0.9999999999999922	0.9999999999932594	0.9999999994573533
1.	0.9999999999999946	0.9999999999947822	0.9999999996212755
1.	0.9999999999999888	0.9999999999860716	0.9999999984550234
0.9999999999999998	0.9999999999999963	0.9999999999963634	0.9999999997168152
0.9999999999999999	0.9999999999999909	0.9999999999923642	0.9999999993951832
1.	0.9999999999999916	0.9999999999925228	0.9999999995195322
1.	0.9999999999999922	0.9999999999947663	0.9999999994497687
0.9999999999999997	0.9999999999999907	0.9999999999917866	0.9999999994449962
0.9999999999999999	0.9999999999999962	0.999999999996475	0.9999999997138362
0.9999999999999998	0.9999999999999905	0.9999999999919877	0.9999999994490352
1.	0.9999999999999957	0.9999999999967902	0.9999999997116865
1.	0.9999999999999913	0.9999999999916837	0.9999999994136665
0.9999999999999999	0.9999999999999969	0.9999999999973025	0.9999999997942232
0.9999999999999998	0.9999999999999927	0.9999999999941169	0.9999999994912625
0.9999999999999997	0.9999999999999926	0.9999999999935145	0.9999999994720007
0.9999999999999998	0.9999999999999977	0.9999999999980363	0.9999999998161574
1.	0.9999999999999926	0.9999999999938012	0.9999999994886507
1.	0.9999999999999916	0.9999999999924363	0.9999999993921174
0.9999999999999997	0.9999999999999961	0.9999999999964895	0.9999999997515484
0.9999999999999999	0.9999999999999903	0.9999999999907195	0.999999999342684
1.	0.9999999999999956	0.9999999999966425	0.9999999997255115
0.9999999999999998	0.9999999999999922	0.9999999999914285	0.9999999989820277
0.9999999999999999	0.9999999999999906	0.9999999999900192	0.9999999992359084
0.9999999999999998	0.9999999999999949	0.9999999999958105	0.9999999996103963
1.	0.99999999999999	0.9999999999917379	0.9999999993670627
1.	0.9999999999999918	0.9999999999935391	0.9999999994080307
1.	0.999999999999989	0.9999999999880483	0.9999999985903474
0.9999999999999997	0.9999999999999917	0.9999999999935638	0.9999999995145334
1.0000000000000002	0.9999999999999956	0.9999999999961052	0.9999999996980767
1.	0.9999999999999907	0.9999999999918648	0.9999999994134984
1.	0.9999999999999877	0.9999999999878824	0.9999999990551331
1.	0.9999999999999915	0.999999999992837	0.9999999994009304
0.9999999999999999	0.9999999999999941	0.9999999999949541	0.9999999996171816
1.	0.9999999999999919	0.9999999999930825	0.9999999994491485
0.9999999999999999	0.9999999999999918	0.9999999999919907	0.999999999303265
1.	0.9999999999999982	0.9999999999983151	0.9999999998824844
1.	0.9999999999999898	0.999999999991672	0.9999999993452525
0.9999999999999999	0.9999999999999861	0.9999999999873561	0.9999999989766581
0.9999999999999999	0.9999999999999897	0.9999999999914233	0.9999999993838274
1.	0.999999999999992	0.9999999999940952	0.9999999994110643
0.9999999999999998	0.9999999999999915	0.999999999992755	0.9999999994655979
1.	0.9999999999999923	0.9999999999935771	0.9999999994988809
0.9999999999999999	0.9999999999999946	0.9999999999950878	0.9999999995858647
0.9999999999999999	0.9999999999999922	0.9999999999933855	0.9999999995011398
0.9999999999999998	0.9999999999999979	0.9999999999981906	0.999999999868144
1.	0.9999999999999982	0.9999999999986512	0.9999999998795018
0.9999999999999998	0.9999999999999944	0.9999999999953129	0.9999999995917073
0.9999999999999998	0.9999999999999957	0.9999999999961752	0.9999999997105362
1.	0.9999999999999897	0.9999999999912308	0.9999999993408946
1.	0.9999999999999909	0.9999999999920115	0.9999999994018236
0.9999999999999999	0.9999999999999909	0.999999999992423	0.9999999993416118
1.	0.9999999999999949	0.9999999999961815	0.999999999628445
0.9999999999999999	0.9999999999999911	0.99999999999277	0.9999999994220267
1.	0.9999999999999939	0.9999999999941391	0.9999999994993791
1.	0.9999999999999957	0.9999999999961777	0.9999999996899804
1.	0.9999999999999901	0.9999999999915309	0.9999999992621756
1.	0.9999999999999912	0.9999999999926612	0.9999999994526114
0.9999999999999999	0.9999999999999976	0.9999999999978202	0.9999999998185694
1.	0.9999999999999919	0.9999999999927456	0.9999999994420724
0.9999999999999998	0.9999999999999918	0.9999999999930533	0.9999999994331422
0.9999999999999999	0.9999999999999976	0.9999999999979352	0.9999999998188653
0.9999999999999999	0.9999999999999903	0.9999999999918079	0.9999999993976824
1.	0.9999999999999922	0.9999999999884901	0.9999999984667023
0.9999999999999999	0.9999999999999888	0.9999999999904476	0.9999999992886444
0.9999999999999999	0.9999999999999926	0.9999999999934338	0.9999999994710368
1.	0.9999999999999921	0.999999999993178	0.9999999994037532
0.9999999999999998	0.9999999999999873	0.9999999999904134	0.9999999990355365
0.9999999999999999	0.9999999999999898	0.9999999999917616	0.9999999994091444
1.	0.999999999999991	0.9999999999921899	0.9999999994721336
0.9999999999999999	0.9999999999999958	0.9999999999962301	0.9999999997052338
1.	0.9999999999999892	0.9999999999910291	0.9999999993319374
0.9999999999999998	0.9999999999999893	0.9999999999914497	0.999999999346771
1.	0.9999999999999938	0.9999999999937778	0.9999999995113744
1.	0.9999999999999972	0.9999999999977937	0.999999999809299
1.0000000000000002	0.999999999999993	0.9999999999932953	0.9999999995628862
0.9999999999999999	0.9999999999999917	0.999999999993039	0.9999999994571716
1.	0.9999999999999927	0.9999999999933215	0.9999999994736406
1.	0.9999999999999897	0.9999999999912604	0.9999999993829692
0.9999999999999999	0.9999999999999911	0.9999999999930617	0.9999999994949839
1.	0.9999999999999889	0.9999999999908129	0.999999999316978
1.	0.9999999999999973	0.9999999999979896	0.9999999998077426
1.	0.999999999999992	0.9999999999936019	0.999999999468973
0.9999999999999998	0.9999999999999882	0.9999999999901026	0.9999999993153609
0.9999999999999999	0.9999999999999922	0.999999999993317	0.9999999994768272
0.9999999999999999	0.999999999999991	0.9999999999927335	0.9999999993879107
1.	0.9999999999999889	0.9999999999909546	0.9999999993289025
0.9999999999999999	0.9999999999999929	0.9999999999927326	0.999999999543182
1.	0.9999999999999923	0.9999999999935214	0.9999999994807457
0.9999999999999999	0.999999999999993	0.999999999993866	0.9999999995101029
1.	0.999999999999993	0.9999999999934397	0.9999999994197265
1.	0.999999999999997	0.999999999997416	0.9999999997893199
1.	0.9999999999999891	0.9999999999911295	0.9999999991463926
1.	0.9999999999999944	0.9999999999954853	0.9999999996292823
0.9999999999999998	0.9999999999999898	0.9999999999920131	0.999999999335879
0.9999999999999999	0.9999999999999901	0.999999999993318	0.9999999993279562
0.9999999999999998	0.9999999999999921	0.9999999999925014	0.9999999993800966
0.9999999999999997	0.9999999999999989	0.9999999999991165	0.9999999999324429
1.	0.9999999999999969	0.999999999997554	0.9999999998151865
1.	0.9999999999999923	0.9999999999936529	0.9999999995244181
1.	0.9999999999999938	0.9999999999941869	0.9999999994911287
1.	0.9999999999999901	0.9999999999886874	0.9999999989981655
1.	0.9999999999999993	0.9999999999994407	0.9999999999575518
1.	0.9999999999999951	0.9999999999954629	0.9999999996439363
0.9999999999999999	0.9999999999999954	0.9999999999956254	0.9999999995888504
1.	0.9999999999999947	0.999999999995392	0.9999999996534833
1.	0.9999999999999928	0.9999999999939935	0.9999999994451572
0.9999999999999999	0.9999999999999923	0.9999999999943109	0.9999999995158197
0.9999999999999998	0.9999999999999946	0.9999999999954049	0.9999999996579065
0.9999999999999999	0.9999999999999915	0.9999999999922569	0.9999999994014663
1.	0.9999999999999946	0.9999999999955101	0.999999999575589
0.9999999999999998	0.9999999999999993	0.9999999999995802	0.9999999999696074
1.	0.9999999999999909	0.9999999999924035	0.9999999992577941
1.	0.9999999999999886	0.9999999999892586	0.9999999992258359
1.0000000000000002	0.9999999999999986	0.9999999999987057	0.999999999902031
1.0000000000000002	0.9999999999999908	0.9999999999925399	0.9999999994133794
1.	0.9999999999999901	0.9999999999918067	0.9999999993454236
1.	0.999999999999989	0.9999999999906635	0.9999999993173861
0.9999999999999998	0.9999999999999932	0.9999999999945721	0.999999999504276
1.	0.9999999999999916	0.9999999999925836	0.999999999430008
1.	0.9999999999999946	0.999999999994881	0.999999999553371
1.	0.9999999999999938	0.999999999994677	0.999999999606222
0.9999999999999999	0.9999999999999926	0.9999999999908875	0.9999999985971787
1.	0.9999999999999931	0.99999999999411	0.9999999995265432
0.9999999999999999	0.9999999999999916	0.9999999999913475	0.9999999992757377
1.	0.9999999999999969	0.9999999999971446	0.9999999997456605
0.9999999999999999	0.9999999999999899	0.9999999999915228	0.9999999993532559
0.9999999999999997	0.9999999999999974	0.9999999999980893	0.99999999984476
0.9999999999999999	0.9999999999999973	0.999999999997909	0.9999999998074401
1.	0.9999999999999895	0.9999999999908179	0.9999999992817062
0.9999999999999998	0.99999999999999	0.9999999999897585	0.999999999264437
1.	0.9999999999999889	0.9999999999911312	0.9999999992572665
0.9999999999999998	0.9999999999999922	0.9999999999934175	0.9999999994566438
0.9999999999999999	0.9999999999999899	0.9999999999915372	0.999999999468393
1.	0.9999999999999933	0.99999999999437	0.9999999995579422
1.	0.9999999999999913	0.9999999999849255	0.9999999989953721
0.9999999999999999	0.9999999999999858	0.999999999986904	0.9999999989410017
1.	0.9999999999999942	0.9999999999950914	0.9999999995619379
0.9999999999999998	0.9999999999999902	0.9999999999913008	0.999999999306358
0.9999999999999999	0.9999999999999948	0.9999999999957483	0.9999999996302367
1.	0.999999999999988	0.9999999999890504	0.999999999082613
1.	0.9999999999999973	0.9999999999974475	0.9999999998067959
0.9999999999999999	0.9999999999999932	0.9999999999941577	0.9999999994893637
0.9999999999999998	0.9999999999999898	0.9999999999896201	0.9999999989860204
0.9999999999999999	0.9999999999999928	0.9999999999941888	0.9999999995276537
0.9999999999999998	0.9999999999999913	0.9999999999926981	0.9999999994667255
0.9999999999999999	0.9999999999999913	0.9999999999927441	0.9999999995080558
1.	0.999999999999993	0.9999999999938204	0.9999999994748251
1.	0.9999999999999923	0.9999999999938063	0.999999999516109
1.	0.999999999999992	0.9999999999932774	0.9999999994798613
0.9999999999999998	0.9999999999999919	0.9999999999929992	0.9999999995688363
0.9999999999999998	0.9999999999999906	0.9999999999910862	0.9999999992552501
1.	0.9999999999999926	0.9999999999932078	0.9999999994925123
0.9999999999999998	0.9999999999999923	0.9999999999937551	0.9999999995194826
0.9999999999999999	0.9999999999999929	0.9999999999924196	0.9999999993932935
0.9999999999999998	0.9999999999999928	0.9999999999932326	0.9999999994561887
0.9999999999999999	0.9999999999999979	0.9999999999985076	0.9999999998684134
1.	0.9999999999999888	0.999999999990425	0.999999999260948
1.	0.9999999999999958	0.9999999999964007	0.9999999996748109
1.	0.9999999999999889	0.9999999999902438	0.9999999992041081
0.9999999999999999	0.9999999999999897	0.9999999999909692	0.9999999992952431
0.9999999999999999	0.9999999999999918	0.9999999999924556	0.9999999994044392
1.	0.9999999999999882	0.9999999999856425	0.999999998496401
1.	0.9999999999999903	0.9999999999911713	0.9999999992960128
1.	0.999999999999991	0.9999999999920843	0.9999999993695062
1.	0.9999999999999909	0.9999999999923168	0.9999999994329022
1.	0.9999999999999913	0.9999999999925743	0.9999999994374001
1.	0.999999999999994	0.9999999999949095	0.9999999995934855
0.9999999999999999	0.9999999999999932	0.999999999994495	0.9999999995679962
1.	0.9999999999999901	0.9999999999916409	0.9999999992923626
1.	0.999999999999994	0.9999999999948272	0.9999999995476402
0.9999999999999999	0.9999999999999989	0.9999999999989992	0.9999999999221113
0.9999999999999997	0.9999999999999959	0.9999999999964007	0.9999999997006891
0.9999999999999999	0.9999999999999917	0.9999999999931781	0.9999999994514417
0.9999999999999999	0.9999999999999964	0.9999999999967122	0.9999999997116205
0.9999999999999997	0.999999999999994	0.9999999999949398	0.9999999995635425
1.	0.999999999999992	0.9999999999931738	0.999999999499676
0.9999999999999999	0.9999999999999942	0.9999999999949869	0.9999999995969965
1.	0.9999999999999911	0.999999999992262	0.9999999994167641
0.9999999999999999	0.9999999999999926	0.9999999999897047	0.9999999981088874
1.	0.9999999999999915	0.9999999999901542	0.9999999989142799
1.	0.9999999999999946	0.999999999994836	0.9999999996020855
1.	0.9999999999999882	0.9999999999898723	0.9999999993176664
1.	0.9999999999999926	0.9999999999936253	0.9999999995068609
0.9999999999999998	0.9999999999999916	0.9999999999933198	0.9999999994591547
1.	0.9999999999999886	0.9999999999880574	0.9999999989753026
1.	0.9999999999999921	0.9999999999923197	0.999999999339193
0.9999999999999999	0.9999999999999919	0.9999999999932723	0.9999999994581521
0.9999999999999998	0.9999999999999963	0.9999999999965477	0.9999999997272577
1.	0.9999999999999918	0.999999999993548	0.9999999994155778
1.	0.9999999999999934	0.9999999999945316	0.9999999992998029
0.9999999999999999	0.9999999999999942	0.9999999999948839	0.9999999995853163
0.9999999999999999	0.9999999999999902	0.9999999999921686	0.9999999993902889
0.9999999999999998	0.9999999999999921	0.9999999999901116	0.9999999989560626
1.0000000000000002	0.9999999999999957	0.9999999999959375	0.9999999996518681
0.9999999999999999	0.9999999999999943	0.9999999999948163	0.999999999556228
1.	0.9999999999999967	0.9999999999968202	0.9999999997531199
1.	0.9999999999999881	0.9999999999901582	0.9999999992477493
0.9999999999999999	0.9999999999999902	0.9999999999914336	0.9999999993028102
1.	0.9999999999999891	0.9999999999911516	0.999999999229229
0.9999999999999999	0.9999999999999959	0.9999999999967811	0.9999999997587636
1.	0.9999999999999869	0.9999999999886456	0.999999999060558
1.	0.9999999999999893	0.9999999999910918	0.9999999992208969
0.9999999999999999	0.9999999999999956	0.9999999999965641	0.9999999996961788
0.9999999999999998	0.9999999999999939	0.9999999999954772	0.9999999995828913
0.9999999999999999	0.9999999999999908	0.9999999999855596	0.9999999981979434
0.9999999999999998	0.999999999999989	0.9999999999908672	0.9999999993244669
1.	0.9999999999999944	0.9999999999949692	0.9999999995664788
1.	0.9999999999999941	0.9999999999946155	0.9999999995754829
1.	0.9999999999999941	0.9999999999952698	0.9999999996415908
1.	0.9999999999999898	0.9999999999915669	0.9999999993371411
0.9999999999999999	0.999999999999992	0.9999999999934556	0.999999999452557
0.9999999999999999	0.999999999999994	0.9999999999949363	0.999999999584554
1.	0.9999999999999944	0.9999999999948839	0.9999999995373617
0.9999999999999999	0.9999999999999952	0.9999999999957817	0.9999999996108838
1.0000000000000002	0.9999999999999919	0.9999999999929358	0.9999999994055607
0.9999999999999999	0.9999999999999906	0.9999999999905319	0.9999999992224087
0.9999999999999999	0.9999999999999953	0.9999999999959978	0.9999999996347367
1.	0.9999999999999942	0.9999999999945385	0.9999999995584065
1.	0.9999999999999926	0.9999999999924777	0.9999999994940403
0.9999999999999999	0.9999999999999941	0.999999999995071	0.999999999584405
1.	0.9999999999999953	0.9999999999962746	0.9999999996678731
1.	0.9999999999999937	0.9999999999881669	0.9999999987692262
0.9999999999999998	0.9999999999999951	0.9999999999966316	0.9999999997605141
0.9999999999999999	0.999999999999994	0.9999999999941633	0.9999999995624527
1.	0.9999999999999956	0.9999999999957301	0.999999999657469
0.9999999999999998	0.9999999999999903	0.9999999999922884	0.9999999993549221
0.9999999999999998	0.9999999999999913	0.9999999999927952	0.9999999993449301
1.	0.9999999999999902	0.9999999999916394	0.9999999993041145
1.	0.9999999999999969	0.9999999999969331	0.9999999997422795
0.9999999999999998	0.9999999999999968	0.9999999999969698	0.9999999997697104
0.9999999999999999	0.9999999999999971	0.9999999999973572	0.9999999997986263
0.9999999999999996	0.9999999999999978	0.999999999998028	0.9999999998453153
0.9999999999999999	0.9999999999999918	0.9999999999927339	0.9999999994650929
1.	0.9999999999999928	0.9999999999941077	0.9999999995759721
0.9999999999999999	0.9999999999999984	0.99999999999867	0.9999999998927134
1.0000000000000002	0.9999999999999863	0.9999999999883505	0.9999999990570207
1.	0.9999999999999897	0.9999999999890798	0.9999999986188468
0.9999999999999999	0.9999999999999939	0.9999999999947434	0.9999999996139131
0.9999999999999999	0.9999999999999927	0.999999999994088	0.9999999995596155
0.9999999999999998	0.9999999999999922	0.9999999999935871	0.9999999994593389
1.	0.9999999999999929	0.9999999999941062	0.9999999995292211
1.	0.9999999999999961	0.9999999999966651	0.9999999997210792
0.9999999999999998	0.999999999999993	0.9999999999937597	0.9999999995153508
0.9999999999999998	0.9999999999999915	0.9999999999931131	0.9999999994731348
0.9999999999999999	0.9999999999999909	0.9999999999912254	0.9999999992623403
0.9999999999999999	0.9999999999999926	0.9999999999894008	0.9999999991415963
0.9999999999999999	0.9999999999999911	0.9999999999924089	0.9999999993963903
0.9999999999999998	0.999999999999996	0.9999999999968193	0.9999999997034803
1.0000000000000002	0.9999999999999897	0.9999999999912004	0.9999999992481262
1.	0.9999999999999926	0.9999999999933799	0.9999999994495922
1.	0.9999999999999931	0.9999999999938806	0.9999999994907319
1.	0.9999999999999898	0.9999999999915327	0.9999999993876061
1.	0.9999999999999948	0.9999999999956232	0.9999999996115189
1.	0.9999999999999928	0.9999999999941939	0.999999999538377
0.9999999999999998	0.9999999999999915	0.9999999999932652	0.9999999994946112
0.9999999999999998	0.9999999999999973	0.9999999999977156	0.999999999806421
1.	0.999999999999995	0.9999999999958052	0.9999999996286968
0.9999999999999999	0.9999999999999925	0.9999999999936386	0.999999999495827
1.	0.9999999999999892	0.9999999999907853	0.9999999992147661
1.0000000000000002	0.9999999999999892	0.9999999999876601	0.9999999988551703
0.9999999999999999	0.9999999999999896	0.9999999999914435	0.9999999994188428
1.	0.9999999999999887	0.9999999999886326	0.9999999990944902
1.	0.9999999999999957	0.9999999999966978	0.9999999996839135
0.9999999999999999	0.9999999999999902	0.9999999999920116	0.9999999993309474
0.9999999999999998	0.9999999999999981	0.9999999999986537	0.999999999880603
1.	0.9999999999999927	0.9999999999932057	0.9999999994739799
1.	0.9999999999999906	0.9999999999924192	0.9999999994043225
1.	0.9999999999999986	0.9999999999988582	0.9999999999200502
0.9999999999999999	0.9999999999999915	0.9999999999932451	0.9999999994632648
1.	0.99999999999999	0.9999999999921501	0.9999999994066835
0.9999999999999999	0.999999999999993	0.9999999999940682	0.9999999994954163
1.0000000000000002	0.9999999999999869	0.9999999999870293	0.999999998857508
1.	0.9999999999999901	0.9999999999917069	0.9999999991931764
0.9999999999999999	0.999999999999996	0.9999999999963898	0.9999999996979176
0.9999999999999998	0.9999999999999961	0.9999999999959274	0.9999999996934275
0.9999999999999998	0.9999999999999979	0.9999999999983028	0.999999999863871
1.0000000000000002	0.9999999999999925	0.9999999999931833	0.9999999994577984
1.	0.9999999999999943	0.9999999999944452	0.9999999995899441
0.9999999999999998	0.9999999999999951	0.9999999999953378	0.9999999996640649
0.9999999999999998	0.9999999999999925	0.9999999999929329	0.999999999347839
1.	0.9999999999999968	0.9999999999968768	0.9999999997759623
0.9999999999999999	0.9999999999999906	0.999999999992199	0.999999999374714
0.9999999999999999	0.999999999999998	0.9999999999985211	0.9999999998775078
1.	0.9999999999999891	0.9999999999917601	0.9999999993193986
1.	0.9999999999999889	0.999999999989082	0.9999999992069504
0.9999999999999999	0.9999999999999912	0.9999999999928725	0.9999999995006544
1.	0.9999999999999947	0.9999999999953175	0.9999999995648571
1.	0.9999999999999952	0.9999999999955854	0.999999999655114
1.	0.9999999999999923	0.9999999999936245	0.9999999994798411
1.	0.9999999999999948	0.9999999999956175	0.999999999621407
0.9999999999999999	0.999999999999996	0.9999999999968772	0.9999999997327603
0.9999999999999999	0.9999999999999927	0.9999999999930628	0.9999999994611404
1.	0.9999999999999954	0.9999999999955665	0.9999999996234917
1.	0.9999999999999908	0.9999999999930292	0.9999999994351709
1.	0.9999999999999895	0.999999999990905	0.999999999342279
1.	0.9999999999999964	0.9999999999966978	0.9999999997306829
1.	0.999999999999996	0.9999999999967096	0.9999999997624169
0.9999999999999999	0.999999999999991	0.9999999999929925	0.9999999993434993
1.	0.9999999999999927	0.9999999999946095	0.9999999994995191
0.9999999999999999	0.9999999999999938	0.9999999999906768	0.999999998940845
1.	0.9999999999999908	0.9999999999918009	0.9999999993775052
0.9999999999999999	0.9999999999999927	0.9999999999937329	0.999999999451628
1.	0.9999999999999896	0.999999999991058	0.9999999993261843
0.9999999999999999	0.9999999999999907	0.999999999992597	0.9999999992978911
0.9999999999999999	0.9999999999999876	0.9999999999852591	0.9999999985891469
0.9999999999999999	0.9999999999999908	0.9999999999922902	0.999999999317835
0.9999999999999999	0.9999999999999899	0.9999999999912045	0.9999999993482094
0.9999999999999998	0.9999999999999939	0.9999999999947086	0.99999999955907
1.0000000000000002	0.9999999999999971	0.9999999999974959	0.9999999997854249
0.9999999999999999	0.9999999999999947	0.9999999999957406	0.9999999995826595
1.	0.9999999999999934	0.9999999999938745	0.9999999995403348
1.	0.9999999999999946	0.9999999999959448	0.9999999996142589
1.0000000000000002	0.9999999999999938	0.999999999995322	0.9999999995972506
0.9999999999999999	0.9999999999999921	0.9999999999924764	0.9999999993800728
0.9999999999999999	0.9999999999999907	0.9999999999923799	0.9999999994351322
1.	0.9999999999999922	0.9999999999928231	0.9999999994870296
0.9999999999999997	0.9999999999999918	0.9999999999933771	0.9999999995096431
1.	0.9999999999999944	0.9999999999952348	0.9999999995490532
0.9999999999999998	0.9999999999999919	0.9999999999933626	0.9999999993564711
0.9999999999999998	0.9999999999999917	0.9999999999929471	0.9999999994414086
1.	0.9999999999999958	0.9999999999962889	0.9999999996663406
1.	0.9999999999999907	0.9999999999924657	0.999999999431012
0.9999999999999998	0.9999999999999967	0.9999999999969247	0.999999999753088
0.9999999999999999	0.9999999999999973	0.9999999999978101	0.9999999998096338
1.	0.9999999999999883	0.9999999999906003	0.9999999992034616
0.9999999999999999	0.999999999999995	0.9999999999956348	0.9999999996301591
1.0000000000000002	0.9999999999999905	0.9999999999929158	0.9999999995118676
1.	0.9999999999999928	0.9999999999935544	0.9999999993865876
1.	0.9999999999999908	0.9999999999918164	0.9999999993752859
0.9999999999999997	0.9999999999999938	0.99999999999444	0.9999999995163921
1.	0.9999999999999943	0.9999999999956601	0.9999999996489055
1.	0.999999999999996	0.9999999999965231	0.9999999997211088
0.9999999999999998	0.9999999999999949	0.9999999999958469	0.9999999996485261
0.9999999999999999	0.9999999999999902	0.9999999999922926	0.9999999994359416
1.	0.9999999999999929	0.9999999999929502	0.9999999993835028
0.9999999999999998	0.99999999999999	0.999999999991308	0.9999999993176564
1.	0.9999999999999951	0.999999999995012	0.9999999996577664
1.	0.9999999999999941	0.999999999995494	0.9999999996099892
1.	0.999999999999994	0.9999999999950471	0.9999999995841212
0.9999999999999998	0.9999999999999951	0.9999999999960173	0.9999999996542459
1.	0.9999999999999911	0.9999999999920967	0.9999999994037988
0.9999999999999997	0.9999999999999931	0.9999999999945737	0.9999999995880844
0.9999999999999999	0.99999999999999	0.9999999999919615	0.9999999994157575
0.9999999999999999	0.9999999999999923	0.99999999999328	0.9999999994653752
1.	0.9999999999999934	0.9999999999940569	0.9999999995257963
0.9999999999999999	0.9999999999999912	0.9999999999928746	0.9999999986421569
1.	0.9999999999999893	0.9999999999911211	0.9999999993007088
1.	0.9999999999999846	0.9999999999848945	0.9999999987715669
0.9999999999999998	0.9999999999999977	0.9999999999977974	0.9999999998181602
0.9999999999999998	0.9999999999999885	0.9999999999904854	0.9999999992423151
0.9999999999999998	0.9999999999999982	0.9999999999982382	0.9999999998535637
1.	0.9999999999999912	0.9999999999919986	0.9999999994503641
0.9999999999999999	0.9999999999999932	0.9999999999938469	0.9999999995215302
0.9999999999999999	0.9999999999999925	0.9999999999926679	0.9999999994388558
1.	0.999999999999992	0.9999999999935804	0.9999999995157278
0.9999999999999996	0.9999999999999912	0.9999999999914921	0.9999999993506895
0.9999999999999998	0.999999999999999	0.9999999999993585	0.9999999999462911
0.9999999999999999	0.999999999999991	0.9999999999931067	0.9999999992247887
1.	0.9999999999999917	0.999999999992387	0.9999999994607035
1.	0.9999999999999916	0.9999999999927996	0.9999999994950559
1.	0.9999999999999934	0.99999999999374	0.9999999995131924
0.9999999999999999	0.9999999999999877	0.9999999999839879	0.9999999980012607
0.9999999999999998	0.9999999999999983	0.9999999999985799	0.9999999998700206
0.9999999999999999	0.9999999999999932	0.9999999999948687	0.9999999994992916
0.9999999999999999	0.999999999999993	0.9999999999939938	0.9999999994308595
0.9999999999999999	0.9999999999999988	0.9999999999990421	0.9999999999226538
1.	0.9999999999999892	0.99999999999141	0.999999999358599
0.9999999999999997	0.9999999999999897	0.9999999999915508	0.9999999992793922
0.9999999999999999	0.999999999999989	0.9999999999907528	0.9999999993634214
1.	0.9999999999999972	0.9999999999976905	0.999999999814192
0.9999999999999998	0.999999999999995	0.9999999999960366	0.999999999638349
1.	0.999999999999991	0.9999999999931882	0.9999999994477774
1.	0.9999999999999909	0.9999999999869511	0.9999999987525109
1.	0.9999999999999918	0.9999999999930139	0.9999999994511227
0.9999999999999999	0.9999999999999961	0.9999999999965248	0.9999999997128471
0.9999999999999999	0.9999999999999906	0.9999999999922146	0.9999999993653463
0.9999999999999999	0.9999999999999921	0.9999999999926641	0.9999999994784876
0.9999999999999999	0.9999999999999901	0.9999999999913238	0.9999999993521088
0.9999999999999998	0.9999999999999984	0.999999999998443	0.9999999998817395
1.0000000000000002	0.9999999999999887	0.9999999999908692	0.9999999993063936
0.9999999999999999	0.9999999999999942	0.9999999999956378	0.9999999995917427
0.9999999999999999	0.9999999999999968	0.9999999999976156	0.9999999997793345
0.9999999999999999	0.9999999999999892	0.9999999999911641	0.9999999991711093
1.	0.999999999999993	0.9999999999934298	0.9999999994943074
0.9999999999999998	0.9999999999999925	0.9999999999930552	0.9999999994218267
0.9999999999999999	0.9999999999999983	0.9999999999988057	0.9999999999067064
0.9999999999999998	0.9999999999999956	0.9999999999960597	0.9999999996586437
0.9999999999999999	0.9999999999999951	0.9999999999958512	0.9999999996109913
1.	0.9999999999999929	0.9999999999939557	0.9999999994412241
1.	0.9999999999999895	0.9999999999907568	0.9999999990947109
1.	0.9999999999999912	0.9999999999924457	0.9999999993702511
1.	0.9999999999999907	0.9999999999919116	0.9999999993890648
0.9999999999999999	0.9999999999999887	0.9999999999901824	0.9999999992451465
1.	0.9999999999999883	0.9999999999912138	0.9999999991808942
0.9999999999999999	0.9999999999999944	0.9999999999952031	0.999999999569177
0.9999999999999999	0.9999999999999941	0.9999999999954259	0.9999999996104664
0.9999999999999999	0.9999999999999971	0.9999999999977097	0.9999999997994476
1.	0.9999999999999913	0.9999999999921172	0.9999999992875184
0.9999999999999999	0.999999999999993	0.9999999999936947	0.999999999514253
0.9999999999999998	0.9999999999999917	0.9999999999929066	0.9999999994684307
1.	0.9999999999999954	0.9999999999957684	0.9999999996950664
0.9999999999999998	0.9999999999999949	0.9999999999953793	0.9999999995680354
1.0000000000000002	0.9999999999999908	0.9999999999908552	0.9999999993912487
0.9999999999999999	0.9999999999999944	0.9999999999950836	0.9999999996200079
0.9999999999999999	0.9999999999999939	0.9999999999940143	0.9999999995682686
0.9999999999999998	0.9999999999999948	0.9999999999957463	0.9999999996166254
0.9999999999999998	0.99999999999999	0.9999999999922395	0.9999999993955725
0.9999999999999998	0.9999999999999902	0.9999999999918081	0.9999999994339979
0.9999999999999997	0.9999999999999986	0.9999999999986887	0.9999999998950316
1.	0.999999999999991	0.9999999999927015	0.9999999994373119
0.9999999999999999	0.9999999999999954	0.9999999999965189	0.9999999996953718
1.0000000000000002	0.9999999999999923	0.9999999999934215	0.9999999995041433
1.	0.9999999999999902	0.9999999999921904	0.9999999993913812
1.	0.9999999999999934	0.9999999999941438	0.9999999995738171
1.	0.9999999999999908	0.9999999999930318	0.9999999994591466
0.9999999999999999	0.9999999999999917	0.9999999999919751	0.9999999993339128
0.9999999999999999	0.9999999999999949	0.9999999999952621	0.999999999628935
0.9999999999999998	0.9999999999999911	0.99999999999242	0.9999999994382889
1.	0.9999999999999911	0.9999999999923006	0.9999999993930362
0.9999999999999999	0.9999999999999937	0.9999999999945303	0.9999999995544173
0.9999999999999998	0.9999999999999915	0.9999999999927129	0.9999999994002061
1.	0.999999999999991	0.9999999999928466	0.9999999994337762
1.0000000000000002	0.9999999999999978	0.9999999999983479	0.9999999998561859
1.	0.9999999999999896	0.9999999999909851	0.999999999317506
0.9999999999999997	0.9999999999999927	0.9999999999937543	0.9999999995405505
1.0000000000000002	0.9999999999999906	0.9999999999925666	0.9999999994107821
1.	0.9999999999999912	0.9999999999931504	0.9999999994900282
1.	0.9999999999999942	0.999999999994603	0.9999999995554623
0.9999999999999997	0.9999999999999937	0.9999999999949207	0.9999999995875045
1.	0.9999999999999931	0.9999999999934549	0.9999999995360376
1.	0.9999999999999963	0.9999999999965983	0.9999999997346551
1.	0.999999999999992	0.9999999999934479	0.9999999995017514
1.	0.9999999999999913	0.9999999999920166	0.9999999994007536
0.9999999999999999	0.9999999999999918	0.999999999994002	0.9999999994852404
0.9999999999999999	0.9999999999999903	0.9999999999911511	0.9999999993192767
1.	0.9999999999999912	0.9999999999919137	0.9999999994921193
1.	0.9999999999999889	0.9999999999908127	0.999999999284682
1.	0.9999999999999931	0.9999999999939198	0.9999999995543123
1.	0.9999999999999927	0.9999999999933821	0.999999999198484
1.	0.9999999999999912	0.9999999999929857	0.9999999994343276
0.9999999999999999	0.999999999999995	0.9999999999953143	0.9999999996369016
1.	0.9999999999999919	0.9999999999926149	0.9999999993339318
0.9999999999999996	0.9999999999999949	0.9999999999953095	0.9999999995654534
1.	0.999999999999994	0.9999999999948266	0.999999999531359
0.9999999999999999	0.9999999999999977	0.9999999999982918	0.9999999998531974
1.	0.999999999999992	0.9999999999932943	0.99999999946069
1.	0.9999999999999911	0.9999999999926767	0.9999999994727946
0.9999999999999999	0.9999999999999919	0.9999999999930543	0.9999999994853017
1.	0.9999999999999882	0.9999999999903589	0.9999999992375296
0.9999999999999998	0.9999999999999872	0.9999999999889653	0.9999999991066475
1.	0.9999999999999911	0.9999999999909847	0.9999999992701969
1.	0.9999999999999909	0.99999999999256	0.9999999994312015
1.	0.9999999999999905	0.9999999999917814	0.9999999993759445
1.	0.9999999999999917	0.999999999990674	0.9999999991484257
1.	0.9999999999999921	0.9999999999940453	0.99999999936159
0.9999999999999998	0.9999999999999912	0.999999999992513	0.9999999993702231
0.9999999999999999	0.9999999999999966	0.9999999999968952	0.9999999997795888
0.9999999999999999	0.9999999999999939	0.9999999999940308	0.9999999995278239
0.9999999999999999	0.9999999999999929	0.9999999999921839	0.9999999992333438
0.9999999999999999	0.9999999999999918	0.9999999999930076	0.9999999994648933
0.9999999999999999	0.9999999999999936	0.9999999999948537	0.9999999995572317
1.	0.9999999999999868	0.999999999986995	0.9999999989271492
1.	0.999999999999992	0.9999999999934612	0.9999999993738079
1.	0.999999999999994	0.9999999999945056	0.9999999995245847
0.9999999999999998	0.9999999999999928	0.9999999999935524	0.9999999994288022
1.	0.9999999999999956	0.9999999999955913	0.9999999996621768
1.	0.9999999999999952	0.9999999999955588	0.9999999995861028
0.9999999999999998	0.9999999999999885	0.9999999999863477	0.999999998694176
1.	0.9999999999999932	0.9999999999935496	0.999999999495801
1.	0.9999999999999929	0.9999999999939096	0.9999999995670125
0.9999999999999999	0.9999999999999893	0.9999999999912316	0.9999999993799151
0.9999999999999999	0.9999999999999952	0.9999999999957193	0.9999999996248795
0.9999999999999999	0.9999999999999974	0.9999999999977781	0.9999999997871023
1.	0.9999999999999901	0.9999999999922474	0.9999999993546137
1.	0.9999999999999922	0.9999999999927301	0.9999999993868438
1.	0.9999999999999907	0.9999999999923965	0.9999999993172605
1.	0.999999999999994	0.999999999994567	0.999999999590683
1.	0.9999999999999925	0.9999999999943714	0.9999999994068162
0.9999999999999998	0.9999999999999947	0.9999999999954436	0.9999999996493489
1.	0.9999999999999933	0.9999999999933482	0.9999999994491066
1.	0.9999999999999921	0.9999999999937094	0.9999999995225555
0.9999999999999998	0.9999999999999911	0.9999999999927914	0.9999999993536034
1.	0.9999999999999933	0.9999999999941377	0.9999999995291762
1.	0.999999999999993	0.9999999999941775	0.9999999995418335
1.	0.9999999999999912	0.9999999999929003	0.9999999994320343
1.	0.9999999999999916	0.9999999999924793	0.9999999994061888
1.	0.9999999999999905	0.999999999991777	0.9999999994163165
1.	0.9999999999999938	0.9999999999937281	0.9999999994363117
0.9999999999999997	0.99999999999999	0.9999999999909591	0.9999999989411804
1.	0.9999999999999937	0.9999999999948085	0.9999999995355431
1.	0.9999999999999923	0.9999999999943496	0.9999999995107256
1.	0.999999999999991	0.9999999999779533	0.9999999975928786
1.	0.9999999999999976	0.999999999997914	0.9999999998345163
1.	0.9999999999999933	0.9999999999939321	0.9999999994525338
1.	0.9999999999999898	0.9999999999918007	0.9999999993597377
0.9999999999999999	0.9999999999999873	0.9999999999887353	0.9999999990543246
1.	0.9999999999999916	0.9999999999929557	0.9999999994620192
0.9999999999999999	0.9999999999999943	0.999999999995699	0.9999999995569271
1.	0.999999999999991	0.9999999999928041	0.9999999994059672
0.9999999999999998	0.9999999999999927	0.9999999999939448	0.9999999995038107
0.9999999999999999	0.9999999999999889	0.9999999999907168	0.9999999992626876
0.9999999999999998	0.9999999999999979	0.999999999998456	0.9999999998612511
0.9999999999999998	0.9999999999999907	0.999999999990825	0.999999999081909
0.9999999999999997	0.9999999999999972	0.9999999999976064	0.9999999998214046
1.	0.999999999999998	0.9999999999983907	0.9999999998637862
1.	0.999999999999992	0.9999999999935568	0.999999999464321
1.	0.9999999999999917	0.9999999999928194	0.9999999994666603
1.	0.999999999999989	0.9999999999909168	0.9999999993264783
0.9999999999999999	0.9999999999999878	0.9999999999897656	0.9999999992075649
0.9999999999999999	0.9999999999999901	0.9999999999918514	0.9999999992495642
1.	0.9999999999999913	0.9999999999930703	0.999999999461013
1.	0.9999999999999944	0.9999999999952179	0.9999999996052793
0.9999999999999999	0.9999999999999915	0.99999999999165	0.9999999993115526
1.	0.9999999999999925	0.9999999999935361	0.999999999486652
0.9999999999999999	0.9999999999999917	0.9999999999930382	0.9999999994092388
1.0000000000000002	0.9999999999999896	0.9999999999916113	0.9999999993693961
0.9999999999999996	0.9999999999999896	0.9999999999912729	0.9999999993516142
1.	0.9999999999999942	0.9999999999951122	0.9999999996005374
0.9999999999999999	0.9999999999999915	0.9999999999911885	0.9999999991094866
1.	0.9999999999999866	0.9999999999828741	0.9999999982239612
0.9999999999999999	0.9999999999999916	0.9999999999927744	0.9999999994746087
0.9999999999999999	0.9999999999999929	0.9999999999940247	0.9999999994672777
1.	0.9999999999999877	0.9999999999859011	0.9999999985661823
1.0000000000000002	0.9999999999999972	0.9999999999976634	0.9999999997997622
1.	0.9999999999999913	0.9999999999921179	0.9999999993593609
1.	0.9999999999999946	0.9999999999954134	0.9999999995950812
1.	0.9999999999999879	0.9999999999905327	0.9999999992035455
1.0000000000000002	0.9999999999999932	0.999999999993996	0.999999999544494
1.	0.9999999999999969	0.9999999999971754	0.9999999997988616
1.	0.9999999999999882	0.9999999999835093	0.9999999989236269
1.	0.9999999999999968	0.9999999999973044	0.9999999997653807
1.	0.9999999999999966	0.9999999999970908	0.9999999997315531
1.	0.9999999999999946	0.9999999999956287	0.9999999996316962
1.	0.9999999999999979	0.9999999999983256	0.9999999998620084
0.9999999999999998	0.9999999999999908	0.9999999999928555	0.9999999994215047
1.	0.9999999999999931	0.999999999994262	0.9999999995296199
1.	0.9999999999999981	0.9999999999985365	0.9999999998855004