0.99992768840366	0.6399265844804706	0.2754065015828013	0.2122529570329038
0.999934961178896	0.6966017271478833	0.39290815244093763	0.3588963646757738
0.999935027887235	0.788559712158185	0.39297163924910655	0.49753420975259505
0.9998719955156801	0.6501075901002933	0.32090754741323	0.3867653372712266
0.9999474110443266	0.5965285283228258	0.3724823686907532	0.22709011015873126
0.9999049230937728	0.5755360423546021	0.3588844212418394	0.33160326417817476
0.9999414261196726	0.6067809608678433	0.27017235310137444	0.25153330800551316
0.9998785478078478	0.5228944770821405	0.29368627347661974	0.33792407721603107
0.9998957270576505	0.5663557554807983	0.3280233143368042	0.3002021887574573
0.9998848332072072	0.5622768769517319	0.3583697976929642	0.28906683005461387
0.9999597745319532	0.5888422845657716	0.41201118957830324	0.21578005274127923
0.9999595787042238	0.7562117348509693	0.3708601914643279	0.2157956111156034
0.9998831099978414	0.54549197805754	0.22381593467687616	0.2768347705787505
0.9998755289521774	0.646781116389427	0.30342544279054684	0.3760088933842394
0.9999366829172737	0.6277674212626888	0.3233208433138035	0.2687116700118386
0.9999395208765994	0.6698521436215997	0.32754508046613395	0.3364639699832927
0.999931739340256	0.6210612532318335	0.3876134606133255	0.332212483399365
0.9999466357420577	0.6049842833490107	0.33702752338598946	0.24513267141877418
0.9999098440885666	0.4946713659767298	0.2593366281587801	0.24992865859905158
0.9999099957738303	0.6893350968815645	0.2976409104381809	0.26853671259567885
0.9999325434195087	0.7799474160831937	0.3717541396245847	0.35150883850998843
0.9999625371755889	0.6684389774067303	0.26342303766499287	0.1725240766534523
0.9999264372142254	0.6080419075790959	0.2790036401574802	0.2734824944300049
0.9999861237927631	0.8870384292748258	0.43477441229445163	0.2866550828006872
0.999956952464773	0.7715733219017133	0.3524052928380276	0.19507771558438547
0.999922880446606	0.6841423044827746	0.3184798388420205	0.24387176079551776
0.9999006397673397	0.5602561036321405	0.3262421698452059	0.30191111287220007
0.9999350199566996	0.5163585740465813	0.3565445701942783	0.2432128342768237
0.9998733010858833	0.6053029217988637	0.24314382077575494	0.32920680257111684
0.9999157794654884	0.5380611268232319	0.2907362947660886	0.2576918529816815
0.9999516657975412	0.7267038445751048	0.3531684823663078	0.25811994568318614
0.9999483294958809	0.76860645538893	0.36093025695796266	0.3250850113154987
0.9999272221233075	0.6364223025441803	0.23892146348692414	0.2543811116900327
0.999910478876728	0.5170753272770402	0.34341971111335173	0.30800061028615383
0.9998871272407773	0.5442990916226572	0.221590064887049	0.2904795022303793
0.9999595038809096	0.6793273411973205	0.25189204168559814	0.16652459331728856
0.9999786099527026	0.9283936031846657	0.48395927899928776	0.4082996734375092
0.9999272021039268	0.7565574839816969	0.37364841566357276	0.31794737373430476
0.9999266494572945	0.5598917605139819	0.22537023067188858	0.20035044591258666
0.9999645942970702	0.8168550183526455	0.4035765847804621	0.245758598998318
0.999933782771002	0.7317365321222133	0.3494256492385542	0.30030666305658704
0.9999429761848242	0.7457887509657098	0.3303822598895717	0.3526964120444154
0.9999413495753241	0.6744353034687696	0.27842971144576184	0.33399749404980433
0.9999259030160066	0.5385837935297906	0.3279423346722277	0.2945243290600318
0.9999117985244939	0.5823296080729666	0.32103955282422875	0.3131040047658426
0.9999191809379031	0.5284629243248039	0.2826994619563091	0.25654238440756777
0.9998876950500695	0.5455827779074109	0.31747821441361823	0.28255876116110146
0.9999530144821499	0.7540813430053376	0.36068006953035353	0.26342490519990475
0.9998740324048252	0.5417913102396419	0.290864745157007	0.34215798229770844
0.9999448340583362	0.6444490158919309	0.35783131287041336	0.2954274234343546
0.9998832296871053	0.5989635552034936	0.26209846384111757	0.28895141849532446
0.9998931737881425	0.5370600049126946	0.30948040516440856	0.285020724077237
0.9999539989812971	0.6735499996468647	0.2729077892794557	0.21943885797090498
0.9999424872311047	0.6866590663578797	0.2978757124711481	0.25689315636989035
0.999922854670647	0.601037222067629	0.23834829143858396	0.20723602223289297
0.9998602280322467	0.5771646117212831	0.31346591161216797	0.3066293391956156
0.9999071953811203	0.6361536037836636	0.3015791362062522	0.2536821249147221
0.999863828493081	0.546138577794216	0.22369275133302305	0.27844641527906616
0.9998990801326831	0.5547066900904154	0.3636971442159564	0.4311156442106536
0.9999133988446404	0.6734883224195859	0.3389022021460147	0.2965976015185454
0.9998951259719461	0.6185347060994961	0.2971153368060241	0.288178174084968
0.9998711133720292	0.4950773793614574	0.20950644817606787	0.26283006526046687
0.9999423455239372	0.7611401830253154	0.36540778672327445	0.3732005814675576
0.9998873214218901	0.5610456034746789	0.32558313743352013	0.28384115714775876
0.999918085200768	0.5697744406971404	0.3422163015724753	0.23320159591334824
0.9999215438536714	0.6072732024715929	0.33304887073908923	0.2576994491626364
0.999945022552745	0.7029454636993422	0.3578049045515295	0.26559809666317896
0.9999124893363068	0.686542848678645	0.3553424751440215	0.35317671004673673
0.9998843503884345	0.6112030372988546	0.3200460830687909	0.2712713378365493
0.9998681296875351	0.5871849593723485	0.25324828960903095	0.2981314415207295
0.9998763323673721	0.49973510560948803	0.3016226997828845	0.25087952958348625
0.9999244642001518	0.5718473062861972	0.26503835271795173	0.29738708630312194
0.9999280047133771	0.537860524379085	0.3513826878694833	0.2933259043859968
0.9999257368772733	0.7002137065400521	0.3387241830672254	0.32660254214545026
0.9999235900696697	0.6225931278343951	0.34801555938250495	0.27594850814363003
0.9999699856346003	0.6935951216595793	0.4716296052197166	0.3597184584979261
0.9999716441524206	0.7188480164509555	0.3873279796514739	0.20386762623649451
0.9998957256371472	0.6773413862896138	0.32962776790553955	0.31313824411185126
0.9999355801216393	0.6651939119775533	0.3072563083610442	0.3058737224109966
0.9999144939452149	0.5685359818058708	0.29686149471271345	0.2929866345468783
0.9998998167716328	0.5139886113202689	0.2313553965047409	0.2688796739868123
0.9998998480348621	0.5662676643300314	0.23895958989113222	0.2757695225925844
0.9999451921315854	0.6047313648824603	0.3170716110422344	0.247076762239139
0.9998951898790741	0.6113420851050765	0.3633085165089581	0.28463117243982744
0.9998916615948954	0.5838912589345535	0.3139040561156294	0.26021819034640326
0.9999085263895378	0.713713015128513	0.3394227430127921	0.2623585601624803
0.9999143882887009	0.5324902841549461	0.3165079803420327	0.3348252690825586
0.9999507134901097	0.721787804740165	0.3229394403253638	0.2959585543877816
0.9998967732328243	0.526172247823681	0.27091058537341	0.2854804424282602
0.9999572912154009	0.7407493847430072	0.30908742392383803	0.23671287417252734
0.9999589061140419	0.8405619568056008	0.4090825631262207	0.27984817424118336
0.99993907814674	0.7369066462401627	0.37451778064485397	0.5128355223923371
0.999951969467455	0.6993066706521062	0.3953735822537437	0.2513899740379488
0.9999571909595858	0.6757562764746778	0.43664270892941276	0.25434200887048125
0.9998955232388723	0.519429886895546	0.29124900170815105	0.3744544887174791
0.9999633498271154	0.761347618345865	0.42597306600631113	0.20535967936847782
0.999914836597717	0.5775937810934142	0.2621908554775927	0.279195651821623
0.9999457938598846	0.6424007535594685	0.23951857158492315	0.21261923186911771
0.999881204909942	0.6871729503710815	0.33653076641415924	0.3553159176461748
0.9999441653204	0.6487349414675744	0.3259742685423494	0.3146696465697673
0.9999335986639891	0.7827973468790221	0.38757940557650716	0.3947957913021981
0.999946706845808	0.6318349281739943	0.37469547404963466	0.23440356282840297
0.9999665304057466	0.848767729679802	0.4052136926600741	0.31648386892630803
0.9999469269851138	0.595304716961966	0.33452754386959704	0.29368856618675665
0.999877113261068	0.5927213942329052	0.40125791155058044	0.30311204696005595
0.9999593789024389	0.682924731457705	0.35179183727854735	0.25301733407097915
0.9999085700751393	0.7626733474526877	0.37367270421448506	0.3015242799517247
0.9999048574914055	0.5914213569482842	0.3089539955322512	0.27362441536550414
0.9999060965974494	0.6152073758829353	0.33344492716693597	0.2501116203137539
0.9998995670258867	0.7097066141101953	0.33045198064305986	0.2697793371192454
0.9998850307407097	0.4958819765534565	0.31614754513567733	0.24889248174925624
0.9999375724854157	0.6678060773155744	0.3610917764126811	0.4516316893108912
0.999942493518044	0.7001596547280118	0.3033364576311854	0.25489623785315996
0.9999450631822115	0.5935878730471255	0.3716217370049143	0.2885331057122466
0.9999350937118187	0.5785369094221614	0.2617534523634074	0.22871546396604123
0.9999124729490156	0.5070881306284155	0.36004695507981793	0.28574876332306165
0.99994848654335	0.6463914271945379	0.36004304732657977	0.2766208261976375
0.9999260170987733	0.5467407564532315	0.3534045112694398	0.28098348424395514
0.9998908210821084	0.7057335457017839	0.3237996282132997	0.30368344898186694
0.9999016382514611	0.49154737067077847	0.2649095235504598	0.2669260763822093
0.9999230741474545	0.5345880706874715	0.2942204670161945	0.23057362554626437
0.999922983374043	0.7251410882337059	0.32285444671339275	0.29791227443755375
0.9999324128049855	0.7074017041960151	0.36369915483080445	0.27656326987429897
0.9999129418155287	0.6147046212628543	0.3594481480500446	0.23366571566088326
0.999924638680056	0.6342263412083025	0.3210241161175653	0.2810000734766127
0.99995795865266	0.572008555489678	0.4241678375651655	0.2855436173835004
0.9999405153718475	0.6876474590167496	0.2796487243006913	0.30918018398057384
0.9999601338466818	0.6484034824569508	0.34819685861298594	0.2241505118743138
0.9998862135241601	0.5301862226172351	0.29409917119038476	0.25546361555713804
0.9999639235043234	0.70821001925548	0.29043143910072994	0.20692459693131873
0.9999063975296127	0.5922273376251795	0.2390546067108086	0.25132517848566766
0.9998875784615932	0.6379034552509637	0.3193585601003451	0.30649499159036186
0.999899130835019	0.5079963930038164	0.33214793856448294	0.23610083687508449
0.9999609841006212	0.7007851184414161	0.2834970537827631	0.1952487560780913
0.9998740457358392	0.5125029559089781	0.2762935460281719	0.28151110284405373
0.9998945695052314	0.5819354512249483	0.33332998229701893	0.2577940119009017
0.9999293095135054	0.6893341206866073	0.30759871678746975	0.2595185790533844
0.999927148873633	0.5313934683275768	0.34901250876036816	0.3035311171434521
0.9999112220443193	0.5355748710297308	0.35599404799999657	0.2504957818598532
0.9998973738840001	0.521374373038556	0.29453091359357314	0.2744904340029877
0.9999262278996008	0.6603233642796625	0.3156044582848611	0.2475899692916774
0.9999219026746538	0.6487943564554315	0.3587088119671531	0.2910610835807225
0.9998903205204841	0.5719938690660932	0.2334541294607282	0.25267985950122246
0.9999505154940976	0.7410623867375997	0.3617693812055208	0.31587793980699075
0.9999274358321818	0.7305644743257625	0.3452377341921605	0.25079387566793815
0.9999150276997482	0.5704993729523063	0.3380529858203237	0.25604779999675803
0.9999465619126082	0.6988265639692003	0.304149383388758	0.2789181383913718
0.9999362953175623	0.627511315486549	0.39789632391672464	0.38977257558009004
0.9999195673660883	0.6705682697606061	0.3365713717013379	0.2625860093994333
0.9998972397368828	0.5223999650258401	0.25650870493852596	0.27263831729641425
0.9998475782638886	0.5931329389024933	0.3056684749264763	0.40926491912375523
0.9999739122654417	0.8337542220306413	0.39643107177601167	0.2236231572284202
0.9999401684794746	0.8124098280704664	0.3915918570788584	0.4172800642316618
0.9999516077074811	0.5918530171736905	0.39163542324644524	0.2284302725946593
0.9999271615248774	0.7525733775533379	0.3531048534699203	0.29051970005701716
0.999963794840736	0.7568196034365408	0.3529414617732901	0.2564965131382248
0.999933055983541	0.7272450468344155	0.3647379667627818	0.3105019072287471
0.9999197836090857	0.4817149351407285	0.2795290515960938	0.24583771608867583
0.9998743704686023	0.49072695025543067	0.2313865799386519	0.2337005225060065
0.9998880059244503	0.5517014181044247	0.3166934994059127	0.27504508578249587
0.9998842623044851	0.5809362580959251	0.22136398498873908	0.3089563309307215
0.9998983125407701	0.6426405219428268	0.3220969763521373	0.23439323040531412
0.9999392883322556	0.5975402663853894	0.2782734311006766	0.18163222554976297
0.9998642795523398	0.6991548210788282	0.3163766856420721	0.32769110767094417
0.9998746385294524	0.6162070730751076	0.29302537177039206	0.332496891140453
0.9998944090597935	0.5288933681471616	0.23761854220195863	0.2530162624590432
0.9998948102574168	0.6364513448873391	0.2736556954328882	0.34209456713050385
0.999904678666844	0.6459164291199124	0.2944458524702976	0.2660658115669344
0.9998689648368854	0.5585772360787535	0.345065574925662	0.2847735109634003
0.9999024769215155	0.5158530226817677	0.2742074216923123	0.258567177647765
0.9999492782231785	0.6254853081943932	0.3472038939684229	0.24595309605163523
0.9999400512701582	0.7842172148670288	0.3484803913334156	0.3939272219614563
0.999906634316683	0.5391743873613554	0.30958456200095935	0.25290904540143655
0.9998858581069392	0.6396100363224501	0.30480959416528314	0.3563647989837607
0.9999103463869163	0.5018413020609928	0.3266724179329508	0.29214841117488055
0.999875767874714	0.5483211702005046	0.2536058923722893	0.3365851106203242
0.999887452803411	0.5525236007316656	0.29866835488570487	0.3159300534951839
0.9999182402634906	0.6739472067003801	0.3144412830930104	0.21239571004857308
0.9998877875649447	0.49158940110772054	0.3432247991866479	0.2851196341676524
0.9998837605364287	0.523478426081219	0.2870942696621952	0.31023086223244684
0.9998751300081399	0.5777457333579752	0.21125901099577762	0.2958493252264178
0.9999242002016687	0.5700998646862063	0.27747019002346907	0.21216130518074675
0.9999297177377461	0.7827832557827076	0.37756848586455555	0.32569239091862495
0.9999256711361256	0.5880150623062598	0.28397095944585465	0.2686201619128923
0.9999489485829414	0.6563551135341421	0.26013171370929233	0.272624323832851
0.999929398711887	0.5883698601372144	0.35432481304247654	0.25599374192074303
0.9999588955451412	0.5923502598101822	0.40948868506992847	0.3582400652114094
0.9999101194616326	0.6564054457438713	0.31241450164503703	0.2623772633218325
0.9998948701630768	0.6899264532082655	0.2921649994618893	0.36438772019705773
0.9999459110338448	0.6423297626846894	0.30361600300270264	0.27467729880307634
0.9999616498093205	0.675220046454524	0.2943100552184883	0.1923686767738522
0.9998784891661477	0.6629508204493849	0.36198629166739793	0.4091244368689696
0.999929840462507	0.5831388132769785	0.3337628872855861	0.3283847197172437
0.9999717820218639	0.7224174557426888	0.3481161275756762	0.20869498557661142
0.9999346243351136	0.7789724915206221	0.37828024047201775	0.3411191268137648
0.9999548591411528	0.8839767667907799	0.425274250106924	0.4104705910641741
0.9998748717053847	0.5912261073298233	0.3211224642951882	0.33886597571590155
0.9998980648859158	0.6898062982675485	0.3649252946095585	0.26233405376633945
0.9999610115187948	0.6766990059840378	0.28829639127430406	0.172319795742048
0.9999401158841305	0.729348421082456	0.38815366975588084	0.35632940375449973
0.9998952497307484	0.6566745594255926	0.29429957100280585	0.29190073736003497
0.9999006139883874	0.5516824175452422	0.271293768381877	0.25884434240820386
0.9999774000919083	0.684619189659699	0.3901931130399062	0.22856531010529255
0.999964791010403	0.7365027412860821	0.37901824862383454	0.22809647135822145
0.9998874418892867	0.5928456247693202	0.293613201628513	0.3240861772191519
0.9999625260464161	0.7231110496738412	0.3539001558611993	0.20901458070884932
0.9999239879504424	0.5455617044458964	0.29062849806357993	0.2731057177055275
0.9999602588313095	0.6496088606688981	0.38534223665990336	0.23772856856705146
0.9999213543897654	0.5901564914750684	0.26072315842428173	0.28543799009526266
0.999948799613147	0.6938187412574496	0.2702057677642064	0.3114911002978977
0.9998993338763369	0.7427342219810591	0.4357083279276234	0.2776118145014823
0.9999567305888029	0.7855520797093047	0.39194755399429515	0.24705033085940922
0.9999094846684407	0.6625422613200734	0.33222721830610863	0.2619852030023407
0.9998976719150715	0.7914638002374922	0.4113379124269654	0.3761579519458148
0.9999676291966072	0.8009134865203247	0.44377572105469715	0.28998923534120885
0.9998704308349677	0.7646503044777389	0.40700031451306123	0.5552006715313221
0.9999615587872974	0.7382009532654289	0.3090590288983381	0.19778920170228925
0.999950704879521	0.71887660857771	0.4277046273124855	0.29567876045234487
0.9998946699960636	0.47709452232097893	0.31973831595082175	0.2690130948130093
0.9999242757387689	0.7761628696788939	0.40303148105381364	0.4209982109104225
0.9998796567560831	0.5220459117380027	0.29039742979072836	0.2763163598123092
0.9998663774888703	0.7026599720447627	0.35404524845125024	0.4237834571121075
0.9999684083897157	0.7674526087402266	0.333853605845034	0.2315165914449051
0.9999766975539985	0.6714299549659939	0.40332381798133043	0.22732909089515219
0.999892440466432	0.5255151354971022	0.3110660154151741	0.2695292574335401
0.9999751698183217	0.8984099829990243	0.46104482241549005	0.4038960784367068
0.9999111291981941	0.5350315277570934	0.3131016964004142	0.25403037823698954
0.9999241760652093	0.5484988800265961	0.30305562278047377	0.23163632869365905
0.9998844356611707	0.5821556984987912	0.38613659662160366	0.3254523598478454
0.9999658170946006	0.8072791005027584	0.38080795456527644	0.2453071845948617
0.9998732319411716	0.5835635788110056	0.3175227040992901	0.2739355428191251
0.9998610713659245	0.5159825489090393	0.2507055706324571	0.3403216467820421
0.9998715446460484	0.47777899842635646	0.23807814212736067	0.27237735287941495
0.9999574439249069	0.6534618709997079	0.3013612844068385	0.21024986503262297
0.9998819911157234	0.5715497006694324	0.33721371067167133	0.2986950466049761
0.9998982669277688	0.7014442007391258	0.32328788504000255	0.24624279945601676
0.9999587887795085	0.7330842971285524	0.3762423603490303	0.22171189251069895
0.9999641021918734	0.6798791390953808	0.38892736227197544	0.21556547800034506
0.999906768553715	0.522769953684989	0.2694482033410955	0.2531978031038983
0.9999110548451391	0.7953714317298458	0.3816615021913855	0.2927903555143943
0.9998861530166664	0.5126152613426619	0.24533194824152163	0.24531483764430992
0.9998537108177803	0.8061625283763403	0.45946240962975404	0.5422626208005493
0.9999138261599554	0.5980110226916069	0.21773626006025718	0.31177840500098586
0.999938730302148	0.6387895695245801	0.3220442068870257	0.2746514951659663
0.9999275165692447	0.5677607869199698	0.324699486667032	0.34321534935831954
0.9999564448269332	0.6497601119439037	0.3159241183112835	0.2158711533323001
0.9998775020776736	0.5359518802078436	0.23438248293724778	0.31408316099979045
0.9999039854235692	0.5386648651985636	0.38646039480411315	0.2934172945886031
0.9999513134123829	0.5949765457095765	0.26561520477557643	0.20302965506611065
0.9998887629830535	0.5963618003768374	0.3438301276060595	0.333754511747682
0.9999635381128055	0.6988209972738669	0.25672563315476443	0.17716499807518915
0.9999756913195067	0.7773553506340326	0.4301691647840844	0.2622296643660893
0.9999483053763905	0.7393599774186627	0.33857709876737957	0.38122913348974574
0.999903283759283	0.7177100306190874	0.36656731160345557	0.3139973800460825
0.999947642718853	0.5953285962285826	0.3352928831153663	0.2328000370245051
0.9999222543458693	0.5654572885232296	0.3282507098678153	0.20995508495993537
0.9998856413385936	0.6102889683151125	0.35947656145979423	0.27858521353276344
0.9999006562696794	0.5889928790328129	0.3445087744759009	0.2716699021317417
0.999884621270848	0.5678279091330631	0.2544199581416157	0.3123453343414788
0.9999042944771732	0.5722619753542822	0.2630417410644927	0.23292399221651247
0.9999631253066948	0.7127868836480787	0.29749817161310416	0.18845446026325743
0.9999766832126565	0.746727008159089	0.3202938677615867	0.19658497875103104
0.9998819670139613	0.6064145195097264	0.3046697238756394	0.33606177651985014
0.9999518492492214	0.6816037787122848	0.2609810462256294	0.2053373368746534
0.9999255291223575	0.6000059763807662	0.25010334348412927	0.20216660125295616
0.9998754785741527	0.526645544358686	0.2746074450769652	0.2799635641053351
0.9999279062586373	0.670456711822265	0.347434135038725	0.25041160955473113
0.9998914370904953	0.510516852608002	0.33894540716549115	0.253848636271768
0.9999213873502928	0.5212015192928828	0.26268924399291316	0.2374090675485805
0.9999456573311805	0.5298434710800664	0.3226000576312806	0.2393606550807411
0.9999764038554236	0.7514199374746687	0.3959791655424409	0.22787680360939946
0.9999024813002964	0.6123250573338508	0.3067653455159265	0.21303502726271217
0.9999184771695034	0.4937953297993499	0.2678621177940293	0.24382677948062306
0.9998813895252898	0.6565489353776519	0.26839191470136253	0.35617383065068575
0.9999422698085373	0.5440448545584325	0.31881400005326527	0.2467355958858861
0.9998974275964726	0.7107581525944566	0.35106516145439903	0.30813161217493856
0.9999332183635051	0.7578129206381526	0.35189082120646237	0.3112971849075454
0.9999257271815013	0.686049140353488	0.3621524101229033	0.3065200783823702
0.9999078232614361	0.5676384688998724	0.26026073452681003	0.2696092172243865
0.9999353399329343	0.8262556308394792	0.4148461406138967	0.520809401830933
0.9998941622472991	0.5090668467242437	0.31545910854855064	0.24870408386698326
0.9999020897552355	0.5199402536994109	0.2735778945084658	0.2767016212865827
0.9999176593817113	0.598083626468007	0.24744349685026357	0.26020328093923084
0.9999481653099109	0.6939698074497195	0.33880503872969947	0.28043809121895547
0.9998964664736146	0.7626779243793921	0.3695636983353324	0.28009188426587645
0.9999742623670151	0.7496592321115899	0.40089481829222673	0.3302592577682629
0.9999462834630523	0.6013208889414263	0.3774999773238739	0.26748504878471796
0.9999653914624531	0.851307085085496	0.4193999940800404	0.2977639108725391
0.9999158480267772	0.7389178042278851	0.3457308245141718	0.28337705207052283
0.9999309219757649	0.7336979225161505	0.34162378348410183	0.3003767343407271
0.99991527536491	0.5905965969054346	0.3355682739583484	0.245838402452619
0.9999322862540736	0.709169526568192	0.36039406800584617	0.33059289088060323
0.9999095274664501	0.5342718587728874	0.22558511155404398	0.2227136069351428
0.9999479838040402	0.6700692826641945	0.37527082767160425	0.241537435754727
0.9999598151744127	0.6783860108414513	0.4181268035751706	0.28585900217600707
0.999881418999424	0.6186321258239019	0.25512771278298657	0.381429674186287
0.9999472774758851	0.6167638604677725	0.2756548503680764	0.19701112201010568
0.9998673290825804	0.6691052190274339	0.33170461897466375	0.3751016131481361
0.9999069400868249	0.5671076235987773	0.2429208576897565	0.27384007634151264
0.9999385972161908	0.583944235636046	0.3282818321856587	0.25835005170968517
0.9999449985830544	0.5541687350425917	0.26791096838852857	0.18568886267020654
0.9999250084523607	0.7044414008580174	0.326215468625481	0.24819520391503797
0.9999438253800027	0.6507474675328356	0.386514345164239	0.2532642384426403
0.9998845801567657	0.5684988554061746	0.3130401545519045	0.2873098050121669
0.9999254090395121	0.6946189777527044	0.36912130213405986	0.29441392361555613
0.9998945735486082	0.5588235219345181	0.26355138398448186	0.2958934743070234
0.9999470228726254	0.6808047535657377	0.43456630473465324	0.2895252353799554
0.9999565196852773	0.6605521922075732	0.39245847827589464	0.20114568287435386
0.9999855556599636	0.757718157770219	0.37719407865954874	0.271815059193754
0.9998887230112371	0.5706359825332564	0.3603538914070996	0.34467529285956094
0.9998848465273927	0.6894630304729076	0.2813429796700937	0.37093416602319584
0.9998967465568557	0.6474999269919476	0.37292435715378247	0.2602405606795348
0.9999104144701206	0.526171302239497	0.3645459206950941	0.2539564510564427
0.9999253982874577	0.6966468792209536	0.31884693481550463	0.2807677999645121
0.9999347063602481	0.7708709228248527	0.3651032174829874	0.3877114831696253
0.9999296046299117	0.7342686429613136	0.5222634799848936	0.5232174195453816
0.9999414133399296	0.5501422883644247	0.3352725806611167	0.22442476613379536
0.99994183609444	0.6180026521225297	0.29034237040791894	0.24782112771086415
0.9999099306636818	0.610363930212487	0.36325367503907846	0.2740461229486414
0.9999230245945264	0.6485008559952418	0.25399311064428226	0.2553710741807417
0.9999113606802646	0.624846562973792	0.3729586698522892	0.37162427468398
0.999872393443588	0.704292349519125	0.3122675612989746	0.46506601696768873
0.9998939752317078	0.4813336664716922	0.33294884305359346	0.26362050544617815
0.9999378468778626	0.6143497395530525	0.439435154488885	0.3228529318387871
0.9999594588702948	0.7286162148747043	0.29817779480710865	0.22532669953178314
0.9999589219929813	0.7310806409984755	0.336647778116186	0.18885507032435328
0.9999174692278897	0.6684628977462068	0.33777310564664675	0.22705281013912226
0.9999714063175718	0.7840967387906725	0.37139811617914853	0.25041296440303296
0.9999593887071285	0.6740757676067903	0.25513143056911597	0.1589549198345417
0.9999135399547578	0.6610725732215691	0.38706112755116745	0.24043894882940356
0.9999141664790682	0.5804715700849105	0.3884767546805965	0.2991058592833125
0.9998911534689411	0.595090628187917	0.24571828512707636	0.34150066998957235
0.9999507660685055	0.7235291517845237	0.3589846672306001	0.27330645513505936
0.9998999816622982	0.5852911635182684	0.3344454263547687	0.2422015925379374
0.9999060782975507	0.6162370274723227	0.2679956691835396	0.26081662266976036
0.9999292346026842	0.730852448730294	0.35306380562417294	0.3266585773797172
0.9999567494383939	0.7403591367454175	0.37788091323171247	0.23612720166656356
0.9998960468029738	0.5510291111771893	0.3251801884988466	0.25573952199313016
0.9999136263608368	0.6020113356510675	0.21673525180949488	0.27288565951318855
0.9999166644120338	0.6365965571363514	0.3534330819150023	0.24243805087047043
0.999953076600354	0.6236667119425995	0.3398245812107001	0.19521069825687803
0.9998827785987611	0.49767525682801805	0.21494739407049981	0.326088444504003
0.999921052139188	0.7282426949400291	0.3433882435118082	0.25628657054195186
0.9999357327246124	0.5633674634844791	0.3244307993312608	0.22334792697929473
0.9999045830454955	0.5360483612188122	0.32544742405352456	0.26381381447755803
0.9999189045588271	0.6163432471843887	0.29693387463024307	0.2530371810896417
0.9999398916622054	0.5117093590348989	0.3048319444412787	0.22588050292514208
0.9999162219508798	0.5713830827712754	0.2378826611528299	0.22804691618288767
0.9999084879251477	0.6567494999800219	0.3201684769950936	0.31333597038318184
0.9999757101171511	0.6552167997204803	0.4492642492732734	0.31581949750130045
0.9999648106353431	0.6864222448352214	0.4140749759440033	0.27597883892091585
0.9999242741013766	0.7139277017684633	0.3292731130107869	0.33885605107461747
0.9999529858054133	0.6311834826465179	0.3398864388022249	0.19264069043243556
0.9999312860496983	0.6987199984166199	0.3168451926945136	0.30652524870063874
0.9999412772990148	0.6352388889737854	0.2643114748211619	0.2671817074200326
0.9998570341330557	0.6611792750405329	0.3048131516372721	0.355507307061782
0.9999346461003187	0.5573805549272132	0.3724929718266962	0.2996362933739787
0.9998730323906386	0.6209872058518554	0.2773387158224651	0.34196174784863076
0.9998989785517786	0.6699550327559943	0.36768255474241074	0.2635152478537653
0.9999337025087259	0.6167452689130842	0.3157349065221847	0.2483562667141935
0.9999054864976117	0.5625877648453268	0.32773501587674414	0.24393065904047342
0.9999288049849293	0.5031947683620356	0.33710559553849	0.24310989249083842
0.9999506034500416	0.7646650795402696	0.35592848736063837	0.3156993516108148
0.9998843697714204	0.5282883333034288	0.24281487136723115	0.29660101503191577
0.9999248102321602	0.685551423227657	0.29845894289076386	0.24570829269630673
0.9999686460641464	0.6769810502518703	0.3145514050296909	0.1990640033461315
0.9998839454105097	0.5738273504526947	0.22101076779112583	0.3299293812507842
0.9999232323661044	0.5809819941149431	0.34504111144289773	0.3094460945081128
0.9999096057587846	0.5930729849523066	0.2628408255624029	0.2392008921083713
0.9999394727764104	0.5670122032859247	0.38278733073741256	0.2916627474844815
0.9998806707149505	0.7830007208219681	0.42331522460562165	0.48411755135961426
0.9999526926364647	0.6234730103636694	0.3921398619518555	0.2563348707788154
0.9999280095055371	0.6788424418362063	0.29177231903164175	0.25586560472005576
0.9999205135570747	0.7161657792936611	0.34060916538427527	0.23703729402873008
0.9999010794863146	0.6002058637499743	0.34377475586696055	0.24254755714639117
0.999938878447429	0.7753224998560896	0.3445140901872039	0.3633059485373571
0.9999589464452195	0.6939409602534762	0.419087795984705	0.3302321845960249
0.999916992159904	0.7295002281112752	0.36880864705021715	0.3144561439131284
0.9998721115054207	0.5838528672727088	0.22588340647384275	0.35061971892242616
0.999921802852329	0.6445925482946843	0.30297701877306277	0.22844350641464142
0.9999728523436234	0.7229473389981433	0.33789930855401534	0.23031330757883461
0.9998765538873299	0.613715752567236	0.314670601099475	0.3257541404762526
0.9999416241512782	0.5504918038659115	0.410472118740213	0.31976008740418527
0.9999173955502703	0.6087692823055225	0.2788991884291094	0.233920130935756
0.9998950174928397	0.6280429814209729	0.255070363796633	0.34856990334724264
0.9999347245553707	0.5634581424670809	0.2889109610232277	0.22975301684061608
0.9999033165531114	0.5575839627547661	0.3254574397441183	0.26627519205439004
0.9999546161602147	0.6123306302157061	0.37991717991764506	0.17015905848627333
0.9998797963605042	0.5412864741724847	0.25537751477680365	0.3127136164992763
0.9998801449364665	0.5226943975361834	0.26199232984215703	0.30830947321355034
0.9998836914931103	0.599233249038386	0.34586581697607804	0.29902307256037636
0.9999201240122961	0.5306221842889267	0.29267955131165235	0.2894052857604609
0.9999270661915063	0.6892211083472354	0.39701643074487486	0.3482693677576555
0.999907615706771	0.49759334160619434	0.2798428908006633	0.2513173214417894
0.9998975406729097	0.5435257232105324	0.3435268854671113	0.24549410879699024
0.9999383597028546	0.8157068613302627	0.3876976199014927	0.460450664334988
0.9999595031110363	0.5769058448695675	0.3704450695302115	0.20681658396248012
0.9999771619674008	0.7390147613743122	0.4119244725350727	0.25459794620022946
0.9999322597883084	0.6675983186866594	0.3067812177511683	0.2548005198133422
0.9998700989910995	0.5354490385923524	0.24474993704833128	0.29525413725435035
0.9999334873561617	0.7747593365333548	0.34906440237578124	0.3499411940639025
0.9999318681194995	0.7176682330397038	0.3546345466336026	0.39368511515686805
0.9998920834903892	0.6737782837141777	0.3360145975589143	0.2789724712394834
0.9999232517487162	0.5723950728256169	0.24835502725518935	0.2154771640191707
0.9999434040919877	0.697869581194643	0.30820324729537907	0.2635397138939284
0.9999457149386738	0.5623838040710184	0.4106199526623657	0.25415502436267207
0.9999350567591807	0.6037192220674062	0.2519798484412006	0.20183410802302432
0.9999710780486268	0.6589081965504269	0.3539355235462922	0.20848707629075192
0.9999163779101126	0.7039537094219781	0.3701005516145556	0.2366679245507847
0.9998752844364786	0.5464017315926561	0.303853961373362	0.3373899347075458
0.9998808377926969	0.4547726113381741	0.21998707926600186	0.24847884574465892
0.9999135007062341	0.551823194499626	0.24043198345093347	0.22318737832382787
0.9999515219515822	0.6661220065920301	0.39489717019462905	0.2756392674318781
0.9999118608669914	0.6999007277842221	0.35258133970668737	0.2600886489827349
0.9999451567987431	0.6872616913191202	0.30152132223722583	0.33037012146421574
0.9999335121540178	0.5651600300947986	0.3798291688924954	0.2491573983112977
0.9999589274752891	0.7792784336966948	0.3488089109323933	0.24363230853156234
0.9998978578639196	0.7085420876145619	0.3399642496889377	0.31077499514725665
0.9999541154884906	0.7648753100168727	0.367297461998593	0.28416465727951623
0.9999077672766604	0.5054020750015615	0.3476093818980109	0.2639254346729709
0.9999354531666866	0.6072901715720873	0.2646538552280371	0.18398205783598554
0.999950236936261	0.7559385539461888	0.3711113539979941	0.36147684326845575
0.9998918484968733	0.5984105563357648	0.3347575262093089	0.2534633350404171
0.9999351662204169	0.634524945179874	0.38501339289257963	0.3312589198957734
0.9999182527655655	0.6240507901279277	0.43143876668370246	0.3149903412812337
0.999973259927608	0.8612722472556961	0.41009340272326805	0.32955249784923507
0.9999690591835436	0.6124827110169716	0.4417218820559115	0.23872190610563995
0.9998747048712728	0.5661268091430104	0.28363632197081445	0.41482789873770964
0.9998837490293468	0.5563225797738656	0.2517442799339925	0.26688073302893295
0.9999471099226308	0.6123951337837726	0.29677504737159566	0.24115907492097025
0.9999294206987607	0.5521714808450189	0.27271832072319707	0.3106340669963136
0.9998923700817822	0.462229456368332	0.22061778034649035	0.26186402913964535
0.9999155843768123	0.7642424414662701	0.3640928329077966	0.33253523693449116
0.9999214357780364	0.5432986772780035	0.31709613733743425	0.3102332613275323
0.9999630790369816	0.6702504191308727	0.43503528970076444	0.22998565641199387
0.9999065047088015	0.5664379782948765	0.27910784583166165	0.23483363696367857
0.9999288740745351	0.5381174827553554	0.3442740739670372	0.22345241501327773
0.9999249449274993	0.5623411898493063	0.3318208342440149	0.2811400451329245
0.9999221294657614	0.7449172668656017	0.3514656969519148	0.2888879969263112
0.9999206374214604	0.6653626997110609	0.3222813282321442	0.22175997000884937
0.999970948159448	0.6482901718528014	0.5056052509721137	0.35855171008718173
0.9999024056799224	0.608464392883338	0.34747372858921777	0.24850337311520332
0.9998792534894924	0.5510005771125809	0.2490650971080593	0.31383840580807215
0.9999639462169568	0.6961897984541273	0.40691721398619557	0.2296850611119297
0.9999029823881993	0.5703491567249457	0.33144967485982324	0.2686663026333176
0.9999660835565323	0.5908392547252294	0.3224067917832103	0.2052506239977149
0.9999745081483431	0.8465333782255047	0.40758622158227503	0.27276035158805145
0.9999179574453937	0.7005404075974943	0.3812570200828448	0.34051053512785695
0.9999580720268433	0.6934193149782851	0.3460701204476526	0.23431779085510424
0.9998801769583457	0.55258293587668	0.2183528909741747	0.3192084455551901
0.99994745766636	0.6148167476942381	0.38954915586144867	0.2940635422989197
0.9999555125006404	0.7852470309939287	0.35336249470526043	0.2567247198071907
0.9999045413311138	0.6085302957635647	0.2714840411301693	0.2545414823305512
0.9999523077383188	0.825246957636308	0.41252615905483886	0.2972422731083773
0.9999129876750014	0.5889031459067019	0.35569807304369033	0.2500691432621084
0.9999621589160416	0.7738381522619519	0.3615972808749628	0.20601564279811868
0.9999258917134852	0.6480218402798419	0.3121207257631292	0.23520036195352864
0.999957096893792	0.7851426596847569	0.3862332325070207	0.31511741216700906
0.9999602187609502	0.8144811150569006	0.37935152757921403	0.21972248162580316
0.9999263314193131	0.7488248584138494	0.3350129470579518	0.31494898339909777
0.9998847482072118	0.5526759403072551	0.2509815340753696	0.2916459628014282
0.9999097280995669	0.7395121171092227	0.36423224812414134	0.30630509429730285
0.9999573570183774	0.669142419210924	0.36526276705130944	0.1916648140133358
0.9999188926566438	0.7203954817093876	0.34411644134160774	0.28000500438889836
0.9999165527553365	0.877101524077015	0.452322772014765	0.34571411754510323
0.9998774385857156	0.5159140086362453	0.2598431741865278	0.3167840505224135
0.9999624576085689	0.6756479777153849	0.3934441643296122	0.22490740329981807
0.9999166520914206	0.5208409199846497	0.3357818970519376	0.30076318168553
0.9998881261433139	0.671012318961679	0.29539935141158247	0.3514075412901419
0.9999444100021199	0.7361794284377415	0.36026541156940706	0.3326064179795799
0.9998784930071882	0.5734954759770825	0.2568976078060714	0.33247038357878556
0.9999649907375295	0.6614352353366824	0.33892435353657396	0.26409621406566186
0.9999040825730997	0.540297440533177	0.30590426056993103	0.2636407258308853
0.999950942969964	0.676413717286913	0.3920019497708239	0.2312263865264755
0.999943643980235	0.6715786793195923	0.3008544031693105	0.2527754637106323
0.9999589696153953	0.6387767326530961	0.32129887058534884	0.19205670311969875
0.9999249509516185	0.6755693842020474	0.3240097892395522	0.2117334518659059
0.9999153162026919	0.646297556780964	0.3495145274928282	0.23087725317739313
0.9999719995868754	0.6143487833095744	0.3889178331677192	0.18191688313924273
0.9999425399699229	0.7736921927249638	0.40699082211813853	0.4618256486403116
0.9999315961852394	0.5555672445387664	0.21106436246247723	0.1883858235816056
0.9999518094329201	0.6703130750116995	0.3326038889240471	0.19070443628961392
0.9999294394857664	0.5619283733214145	0.2490196639655098	0.24578488832598872
0.9999413962748095	0.7621835861388567	0.3561903531864013	0.47811537167092594
0.9998767600126159	0.7071119455506985	0.3666949424781642	0.4991019527273942
0.9998812405942464	0.5466156735041391	0.2931887391358219	0.3110082722989358
0.9999366466848063	0.589765184963929	0.3650311865047969	0.26457028541229244
0.9999129368532911	0.5726684497057714	0.2352438115147784	0.28164588599587526
0.9998872631823996	0.5905843963017988	0.23568665704144373	0.3226100398857004
0.9998839537076916	0.5000392467990454	0.2930655296190753	0.24442012809182692
0.9998953963918125	0.6669233569760464	0.35290656300950146	0.3350826780996614
0.999948460066361	0.6877372963620554	0.3624934619992014	0.26713824307048845
0.999902097036372	0.6270818749219981	0.304671993401051	0.2772513237648282
0.9998947269930972	0.5300485207929181	0.33593794077666317	0.31769683492414386
0.9999284312694106	0.7569008894191402	0.3315248763778031	0.3614952617157649
0.9999424613399046	0.6711373629059659	0.343392686923313	0.37166340103161083
0.9999138009592199	0.5498076408369355	0.32133164951621446	0.26880922766517185
0.9999342474610334	0.6190915224065002	0.27225483714200965	0.2917120115229985
0.9999604976172753	0.8900773357135217	0.44859143988737255	0.39862842182855945
0.9998992607548717	0.7085684284887603	0.47173253471971505	0.3030618358103542
0.9998967377280152	0.5024432874213858	0.3520119092628382	0.30802920164032044
0.9998957447750275	0.5238388438029735	0.23672142186653528	0.24782763052215248
0.999952914749092	0.7102744707965458	0.28575245186748616	0.26423526820215815
0.9998976387812972	0.5978577600862234	0.2651207443469454	0.2639369210660168
0.9999231332353307	0.5733488687995155	0.35284774140197267	0.2805103062530505
0.9999603116566956	0.6362335445796817	0.27466948769447286	0.22840254853757255
0.9999155921776174	0.5510791089831777	0.2233566910974112	0.20722146909548242
0.9999659505137208	0.6497768643590549	0.3634121357941031	0.22856512239261076
0.999973409761801	0.6579197903876962	0.4353494431146435	0.24656611562960792
0.9999391937870166	0.6830404413968304	0.33325400590640875	0.32497764382167643
0.9999434935257417	0.7737037462741407	0.37158823096087185	0.4002749080534207
0.9999009039635514	0.6872102993011673	0.3156581570914254	0.28059709701068103
0.9998860754291018	0.6827795737778704	0.38651299702351233	0.3553134545514803
0.9999172908325185	0.7100654455822871	0.31549783663438036	0.2381276993990276
0.9999577856444335	0.6455494892582903	0.3942462516999887	0.2299959154880112
0.9999104358583243	0.5122370317289446	0.24384850359448218	0.2525812079255347
0.9999363068276812	0.6093614611657708	0.2693375028456158	0.20201726504886727
0.9999510200575833	0.6267472167227051	0.3940482740831631	0.23917036614019616
0.9999406923804075	0.6298528249272913	0.33618056388549433	0.28887092047950985
0.9999062215161558	0.6590941353050019	0.3563280858209124	0.23979784024940537
0.9999642602638452	0.732020578725439	0.31781672855147425	0.21197968379626878
0.9999351423714982	0.7164848540867091	0.3311836271866429	0.37733478048693836
0.9999453837931468	0.5992777695844292	0.28295833286126404	0.2307871742750174
0.9999604881367544	0.6733471086705676	0.2968232053938526	0.22365770456905304
0.9999167750530732	0.6976174950105687	0.33371431454857803	0.23463085786990018
0.999906908606109	0.6339345905338981	0.3395014640125364	0.4231218005443398
0.99989592911826	0.5317142592579045	0.27461311308843617	0.30905441995723265
0.9998763625024709	0.6590362222872289	0.34595089171164944	0.30676095767757267
0.9999263255141715	0.5753283557403428	0.31328640323700596	0.24428112624336867
0.9999406021742726	0.6118212643890953	0.28273609009598666	0.28330282389928163
0.9998997894027694	0.5282483437330419	0.2838171570871773	0.2887786035878743
0.9998898404649456	0.5563726275238715	0.2959866805051198	0.34320862265357455
0.9999514199074169	0.8148584018312895	0.41951943263475	0.34818427087741954
0.9999142372357172	0.5733667581994809	0.34646078066449343	0.22802284899615005
0.99990619230388	0.5963794809776336	0.36960608117928256	0.2800228340139618
0.9999255932973974	0.5881027774737743	0.2687008431394197	0.24229280576279746
0.999961619198067	0.7688944098780482	0.35319782074923833	0.18987901437514978
0.9998934207013596	0.522671271476727	0.3035911299037311	0.24278983909253024
0.9998933507576374	0.47625527062442763	0.21922535323923412	0.21696626345818026
0.9999297314973785	0.6942054086622789	0.34830658214462606	0.2931113277141583
0.9999146361835479	0.5779385544852017	0.34186004845472223	0.27394586114257
0.9998971427964346	0.5171832297729818	0.23612682609069188	0.24151526737487233
0.9998877453707808	0.5992657798506512	0.32749580319783644	0.2937719716465183
0.9999538726868236	0.7629566515153059	0.3313856810218978	0.24720668323828002
0.999919847833337	0.7136933152650463	0.35071457560434666	0.2533509739569809
0.9999286080977604	0.5105696622985274	0.32218067689055124	0.2647643640407982
0.9998898633776208	0.7115652919208482	0.32657684463480835	0.311436720456226
0.9999235734094912	0.6182750128810005	0.220031350613265	0.2093268312799015
0.999903995418358	0.6413216274628438	0.25824595739903616	0.2509014615598773
0.9999273161940171	0.7339329164522533	0.3389398483036626	0.29775176090971844
0.9999250523926418	0.6056587978621176	0.4342112132930317	0.28544469873524075
0.999953664253262	0.8097338629193983	0.40803377609855207	0.26213098962980697
0.9998929822842165	0.783052750182579	0.39789746386503644	0.44190674898599214
0.9999519383606105	0.8691743834186503	0.4390082081269113	0.3785555871797327
0.9998913696665739	0.5204940229768024	0.22543912034020094	0.24664481403131364
0.9999382473795235	0.6104910713530257	0.33040601212835563	0.30755607928212836
0.9998978809789404	0.5724956399464789	0.2440368228208661	0.23260113737063895
0.9998577758479963	0.578205626249634	0.2934262627087619	0.39287340845212054
0.9999134915343905	0.7249686110127759	0.347771745231424	0.29242480407629956
0.9999710028581196	0.8551099341142593	0.43962787950954946	0.3527046232019465
0.99996074951017	0.6165701384832076	0.35948003903389836	0.20774868148195658
0.9999152337255606	0.536449365657498	0.3663249997223609	0.284932151899694
0.9999452335661076	0.639238826519624	0.33797482124153394	0.24822604878832677
0.9998823152516924	0.5718672576972182	0.2658938463108611	0.3655110411949942
0.9999827469919916	0.7968635372739074	0.40417188696147277	0.2733004416776787
0.9999310801963949	0.7585649310426773	0.3955109369712686	0.35923170572904894
0.9999588431003833	0.7477498434342954	0.40989076848097555	0.23850635246043878
0.9999397755884057	0.6402050912897229	0.38913075738300873	0.3086276013580532
0.9999220576169571	0.7129627072469042	0.3331420653871579	0.26837373504893935
0.999915576131043	0.7701780994865616	0.3596911141478886	0.31188516164865504
0.9999593999308652	0.6875009009226964	0.4443830942896948	0.2708091479993097
0.9998852895839019	0.4922612135973062	0.2129358226288563	0.22226554999484005
0.9999633427596326	0.6761382353263846	0.2704762828521776	0.18884481044310666
0.9999839545065745	0.8452414277562181	0.3824647737733359	0.28547756850301115
0.9999299484187064	0.7292185111473807	0.35253335966249577	0.27526212020158675
0.9999465114318616	0.576849594782895	0.31365357817105727	0.25572036177534935
0.9999672258976009	0.7694481255181057	0.3938901897734693	0.23022032291914515
0.999909012654847	0.6586313801120911	0.41965809150500155	0.27555059175620233
0.9999132690029189	0.6939323907435668	0.2785421117205203	0.23023435059785452
0.9999104705878374	0.5338535075698796	0.333599769269001	0.2408674083825745
0.9999580994340854	0.6039033144229555	0.3680640518261714	0.2668474659424489
0.9998784372958908	0.6939474785272828	0.31653468989876554	0.40408784599867364
0.9999367505936002	0.6656120436012807	0.29177079480886353	0.29856743161272303
0.9999543174473409	0.6930068903768333	0.3014596528148855	0.26257587123773
0.9998632811318425	0.6045754451804445	0.26581679048815154	0.37942698392964885
0.9999249700411038	0.7315503690249032	0.39692520568104833	0.360279005051594
0.9998831511347818	0.5219557909813642	0.2930917400764458	0.2669193075149847
0.9999631074159272	0.6636271942590526	0.2751111188049518	0.1464546951277941
0.9999139370724277	0.5429739277869055	0.31820961581782564	0.23863735837399483
0.9999632351075785	0.6377739193193784	0.2422667950476528	0.1368949283432063
0.9999563193996867	0.644434079235336	0.3208788397020896	0.20693949504702194
0.9999091675867493	0.6443331528168411	0.2918460341625065	0.30937502964349123
0.999898572618759	0.527854771846364	0.3341050231337876	0.24958119178663216
0.9999117116345313	0.5818160034723665	0.31597873741567784	0.23644178685639985
0.999924513056787	0.6552423505241549	0.35174724871365537	0.332859814546089
0.9998829990403487	0.6872105741294148	0.33467932623860713	0.30532235268406643
0.9998931557508426	0.7132852627920694	0.3378487986265167	0.3965250312961811
0.9998743561821763	0.5437891334631804	0.21706217364227448	0.3521633518271858
0.9998915130989048	0.7596885990462587	0.44419404785571154	0.3476552416166767
0.9999356318221595	0.6841393940581977	0.2837948290854007	0.2944733446913241
0.9999310279376862	0.7281539910756795	0.3516485326439275	0.347647076121003
0.9999424829244755	0.6053858850489604	0.3189242567108961	0.34120077806169957
0.9998836703136983	0.5363189768042712	0.2890725314431139	0.25061491113679163
0.9999651017993803	0.6626154477261237	0.3723365687768679	0.16765961905683058
0.9999548350655849	0.5821545509640863	0.4157673520868334	0.24307344951577217
0.9998735972104853	0.5998685119254568	0.31911832984586935	0.3560353406335198
0.9999009269856378	0.6445456448205373	0.27242727554835794	0.30373626655735
0.9999100978118763	0.6419193935642019	0.3315092329421054	0.2124511801219277
0.999933951548243	0.7289947796514256	0.44669471346242745	0.4800442960241271
0.9999305298754239	0.562425368999837	0.3308129251288427	0.24028876190180784
0.9999453136003904	0.617656496864583	0.25272971810318734	0.2893191423551212
0.9999105881215611	0.5980219463706664	0.30648056166899074	0.2501561176443859
0.9998856359575359	0.5963067871486386	0.2660211190905032	0.27575478127063274
0.9998797797517214	0.5428455218568763	0.23379182908921123	0.3553628123779297
0.9999436882143072	0.5552175253001489	0.2760213150981353	0.1973313691799805
0.999900129235477	0.6644859341196575	0.3052682479571988	0.2643854050056003
0.999876011820203	0.6159426839096895	0.32941935286323126	0.3204331816739034
0.9999496016768784	0.5964091528944164	0.32523058957290124	0.18880862602579873
0.9999773097938991	0.7600375849464056	0.4123996322639522	0.32875715508724734
0.9999388863300864	0.5839122594400848	0.32437609241369564	0.24091485145390648
0.999952769136112	0.5844806834107971	0.37746946052918784	0.28366038276396965
0.999921565977891	0.6073350361834672	0.3344689327806063	0.2360501504319383
0.9998973847532666	0.6461539294193401	0.27574495624180206	0.26681008103557907
0.9999214969713427	0.5821145833275376	0.321028350098624	0.23448872811392127
0.9998485547185562	0.6043586534414355	0.271134160276809	0.34353715246568034
0.9999356490251677	0.5276314972235974	0.3531971652412887	0.319840127048837
0.999914767133107	0.8100655279016119	0.4064674265073908	0.34064107921241815
0.9999166410135953	0.5592859193200564	0.3673745123917996	0.22701860598291437
0.999902562969009	0.659312997894805	0.27620760785562115	0.27584616463108264
0.9999076298191267	0.7941317523757906	0.3786726561317995	0.32008453775085227
0.9999190951881555	0.6283876357380129	0.23681484786539617	0.20397708408524853
0.9998884165960741	0.6412191353665873	0.3077053901733745	0.24997530800875006
0.9999387378964673	0.5572292925059887	0.2724973229501107	0.21248951739103777
0.9999759348479458	0.847394876880475	0.41864973767064856	0.2694884078017391
0.9999717961643191	0.7405096581233842	0.34338529161343506	0.28247666611883104
0.9999166266102112	0.6021647392824517	0.23817820904749054	0.2886012798792076
0.9999644097949816	0.8091234938875775	0.3806728469546172	0.23803145291231467
0.9999230282385555	0.8248242017473933	0.41878468825122495	0.3669031790091163
0.9999010097483906	0.6507084736734845	0.3228057889112903	0.28408773331872805
0.9999570758359292	0.7121278249901755	0.3659591916344469	0.28681460052094293
0.9999109062264033	0.5190506004031227	0.2505380266137251	0.2388446800244173
0.9998628309814499	0.6926459065618954	0.34578819012638545	0.40111854856686163
0.9998562624787307	0.6804966837026556	0.3390591543136938	0.36564956624322337
0.9999399069541973	0.6366541144985582	0.2386748616999661	0.24397159092137136
0.9998739988452596	0.587988305675834	0.3438921247961121	0.3384362156679041
0.9999016600344577	0.7055355213210249	0.336085213596176	0.285539134527145
0.9999110886946388	0.6463938115432148	0.31827627449804957	0.225642193609191
0.9998680125371542	0.5606445343404217	0.3250662164706714	0.2732989230673798
0.9998888355999671	0.4976015873426958	0.3161718865714958	0.267016505381694
0.999906281873118	0.6795717758072389	0.3028556274678154	0.3156151018331142
0.9999511870220165	0.6080255965474664	0.3573170703603929	0.21032702121571178
0.9999199468506927	0.6261089940418632	0.259427387931284	0.20642571638047452
0.9998723971043773	0.6489674191521625	0.3219723960783828	0.35527194875807244
0.9999342617856909	0.6064103087212425	0.3252593338299364	0.23358363991348466
0.9999095184592001	0.5040180675111475	0.3180972080604038	0.2671780279358313
0.9998769190595236	0.6002981969652521	0.2733763945304462	0.3462242097869189
0.9999237737005381	0.8009028849980052	0.40785017340760005	0.3785809083756505
0.9999401252503548	0.5630892225594836	0.32539374003272586	0.22665218359966852
0.999956020964438	0.6863435484606027	0.2676779293292979	0.21467767837973797
0.9998884659306585	0.5123234422649391	0.36111069160653225	0.35229321725787927
0.9998877326855653	0.558567921739404	0.3429817032812754	0.25531078594416756
0.999934181128289	0.5811531456869177	0.45513521799794465	0.3192639037016945
0.9999556172964917	0.6543187733028825	0.2581764145689669	0.24465343564860806
0.9999071753219706	0.6091238826180608	0.4386868247343801	0.3536241385296099
0.999949753225878	0.6289786257671155	0.3847788396121375	0.2241287560114607
0.9999518347375626	0.6972253115861468	0.42923974693880096	0.27146212427415045
0.9999345727613185	0.7226558398173425	0.40841082992298505	0.45108372020152565
0.9998657059223547	0.4993774553153022	0.2363709368133614	0.3266559437817978
0.9999078622629811	0.5130064290791169	0.22393062451014	0.23094103679984496
0.9999601922675688	0.7684712773538598	0.36213395710097135	0.23798474456799132
0.9999154404546113	0.7323769870383742	0.35092584365421714	0.2660867461556685
0.9999443040359937	0.6530665705320242	0.23940131358835537	0.27543193027003854
0.9999039019324716	0.5102331614816745	0.31724675434923416	0.2690219392718684
0.9999159111743733	0.5741548114829191	0.23104472226907616	0.2982457921604233
0.9999650090119904	0.630233735918991	0.41626501491516665	0.21740346103235478
0.9999383465875393	0.5912083243615286	0.36923514603032537	0.3176000903312814
0.9999336010594418	0.682624051241225	0.31808920847447303	0.2692102801234054
0.9999117565351892	0.5482593371931843	0.21087471049415923	0.22157586623680595
0.9999537956535608	0.6161508351998501	0.3692550071126227	0.24992433082437338
0.999937480597697	0.589411169199359	0.27431580909460046	0.22672870485580163
0.9999295781969114	0.622876352898392	0.2508476805427475	0.20509875805341138
0.9998952471522532	0.6076121554090559	0.33675863285420043	0.27763387666697875
0.9999208215488222	0.7366662597555687	0.362701451002355	0.26060498266847726
0.9999403183850452	0.6091940407816746	0.2991973652030093	0.19408727113464508
0.9998632756815237	0.6740775338374903	0.3135841724334461	0.3961587472742741
0.9999487280838697	0.6453890014215923	0.22499754379704812	0.23069481174326376
0.9999359785388133	0.6294417938205191	0.3555722724486297	0.26426127926856013
0.9999337298559526	0.7835746387120014	0.391818737262411	0.3598309065990627
0.9999040852969115	0.695108341240605	0.3507406483336765	0.28103552172843216
0.9999540971712285	0.6412707637923168	0.2832851338747201	0.22279823606424942
0.9999223386835059	0.5342941426972586	0.3213838509351659	0.2764630698388055
0.9999480390660972	0.7248083948844619	0.39576475517230286	0.4402039158059281
0.9999556453824934	0.6784085834793621	0.3322806672305504	0.22860453038538853
0.9999586423179754	0.8071053758678534	0.386700296827236	0.27679600284993455
0.9999612839277779	0.7832905633992392	0.3593989653519989	0.22579179476030048
0.9999287383122745	0.5599291724368326	0.3380591541421906	0.31273505740671215
0.9998993324312144	0.6747863464453	0.3015965447244081	0.3219346867461151
0.9999700902330803	0.8101853069185276	0.3512675049604574	0.2723523945682148
0.9999262506168399	0.6484272458427764	0.37222923099365857	0.23898815692376074
0.9998677485950799	0.7004328309406023	0.3189760537509399	0.4259195152735535
0.9999273882305263	0.6357867627220878	0.25801611346953945	0.19542963016752316
0.9998996110719642	0.6715822020218696	0.3195976214115231	0.2696438520043918
0.9999149599004928	0.6193815183673286	0.29678681260746614	0.24930004048695806
0.9999002518010893	0.6391016482743226	0.2763493782227708	0.28203031315860005
0.9999502492020791	0.7377705661288023	0.3128830555797471	0.2617065747430076
0.9999051379356806	0.6823972102064246	0.3199383897092773	0.24264008835483425
0.9999128422107527	0.5805068078259028	0.3023682416421031	0.2292044735571974
0.9999375889882133	0.7635031193986629	0.3815029655878578	0.35773404654616203
0.9998695884318739	0.5957406421082581	0.245552110184911	0.321769434293165
0.9999290756462308	0.5611019834176754	0.39742486500012036	0.3615290259834228
0.9999454195502105	0.7039687752572072	0.3640693030642146	0.3571900744489159
0.9998973781247209	0.5286752243124747	0.25994570206699896	0.23566473780371416
0.9999313166146121	0.5598283032025025	0.3011116269104595	0.20749976304476364
0.9999614467514645	0.5917116703567008	0.39060346085840547	0.2102101572666499
0.9999135815906652	0.49593440748073003	0.3405204643115989	0.2668751576972511
0.9999553205373815	0.562562956286271	0.3974860111313516	0.21828828359671298
0.9999118761903105	0.5605904191888492	0.3201581383617828	0.2515150122412788
0.9998864537632399	0.6965287623158176	0.35864037579561775	0.3341622348530633
0.9999636777560607	0.7839670679437247	0.36836689155757757	0.2999095942907244
0.9999430656660693	0.5955017073909346	0.3803683994835914	0.23747726220296742
0.9999286511913558	0.6276967515095682	0.3648646724002568	0.2687805517611148
0.9999231887358462	0.5890914313688922	0.24999160010302482	0.2988613679301901
0.99989337501621	0.5587008789638848	0.32431126635606444	0.25831587679830603
0.9998922458084067	0.6656460156317883	0.3328583291510442	0.3507330091390699
0.9998722166701306	0.5394523790727793	0.23738747096500418	0.29516711515034844
0.9999619008292893	0.6551108243758429	0.42280673742594677	0.2800729311221903
0.9999185775010183	0.5660175102195758	0.2871262404875112	0.2486000439486851
0.9999701163693728	0.7939218830818074	0.35287206477982463	0.26334471780329033
0.9999289225306088	0.6341628901714093	0.274347950217401	0.22826079316391518
0.9999069943388423	0.6572501908842452	0.2775690344674611	0.2335314709451236
0.9999715545083903	0.6925852067605605	0.3120361740140425	0.1735448561197079
0.9998974500820322	0.6795952476151804	0.3228098089539675	0.3111735289564306
0.9998778137398201	0.5533187702139118	0.23255579771365337	0.3128036976334573
0.9999492074424333	0.5818314057134567	0.3811104136045322	0.2081041960283357
0.9998782024419208	0.5384192143746015	0.29982376893678203	0.2334631073758479
0.9999557410352794	0.7521510074793881	0.3550072190747321	0.24952931255056537
0.9999554279893933	0.5993046086844893	0.38052113521274966	0.23872086237802137
0.9999445367352391	0.6857953485387207	0.2833872690527686	0.28476445587456023
0.9999630726183031	0.7406726519255545	0.3964186268104481	0.2105766176617718
0.9999494508044457	0.6509140021099119	0.2590306221437844	0.2303249369571395
0.999941774705133	0.6399970096422114	0.4113949893428051	0.3310015752941321
0.9999391474541507	0.6916257209433413	0.3079159138880231	0.2782045953021879
0.999929123512486	0.7416161761355445	0.36745165473529967	0.3575797764229915
0.9999681022148224	0.6864821009692377	0.2816491004212878	0.16851395126137447
0.9999210070077219	0.5256837110952878	0.2655979197590054	0.23983413721068528
0.9999753514073745	0.7464918092116131	0.4100124739444767	0.2507453551981183
0.9998889867030639	0.5328959646633713	0.28707402658768694	0.30563873279340875
0.9998824714833928	0.6192569867538259	0.3090607685427633	0.34275145386895806
0.9998907339417515	0.5178258861420126	0.34351067087116194	0.2880270032800898
0.9999375981114769	0.595416694172749	0.2395987784049028	0.19711981415420976
0.9999460402047008	0.6866739750308146	0.37733550292041634	0.2582831653642838
0.9999045540664495	0.6552617606914233	0.34784284410205757	0.2912723584761859
0.9999413414690421	0.7209925383345889	0.31147392309759325	0.3475998917349928
0.9999652880010027	0.6713907843238112	0.41355439530622395	0.2530670419262683
0.9999290952081268	0.5922600669819644	0.35096498362533235	0.3213838007346727
0.9999432378090207	0.7978099452646717	0.39596162576543964	0.37156521274857146
0.9998815714050463	0.6814405857546509	0.3808560761282709	0.4634493604750014
0.999912603605883	0.598065887778239	0.2893531848794299	0.25098551030417887
0.9999578606924868	0.8167922272521163	0.40825170917411985	0.2820565632942948
0.9999710396854368	0.639837885528039	0.4242671663047856	0.23808767269131595
0.999886904483448	0.5343097866188233	0.26527904789685547	0.3085344633382995
0.9998909105724895	0.6557340380319964	0.32184454941249685	0.3416204528058038
0.9998800293170578	0.59732404785914	0.3108008941171825	0.2784832979774111
0.9998812054632341	0.4857325714652012	0.19615765652991432	0.21997540947120994
0.9999574098712356	0.5939619007874999	0.3943403568962973	0.22348449331411824
0.999913440202939	0.5628746943571223	0.22677541739869017	0.22696553109143933
0.9999378416721699	0.5819934522031734	0.3001329948579052	0.27642952016173417
0.9998539619488055	0.6220814754359011	0.3229835409902326	0.39529349464533586
0.9999194231382528	0.6918910181415572	0.31151328539015993	0.2301104899411291
0.9998679617481862	0.6720149718277334	0.36364089480157263	0.3970972929185788
0.9999406499743402	0.7331948958643348	0.3509858502164871	0.3196095954365829
0.9999614537042608	0.6732562675176109	0.39034862224011296	0.2626540393289694
0.9999407397967323	0.615096019052225	0.35671648716070814	0.22858419988228515
0.9999202632932547	0.564000130760044	0.33219699056359964	0.3102386489014878
0.9999370591164699	0.6215912142629342	0.3704496265167697	0.2821250926439914
0.9999237659667071	0.8301683215595286	0.41881848263443616	0.29599690154061786
0.9999340860910445	0.72377427651106	0.3560222482580299	0.324154007319521
0.9998929134059783	0.5573427997518766	0.27260832130526724	0.2773435230828944
0.9999030931813131	0.6710431699896214	0.32892760964711276	0.3074294324013277
0.9999087644390302	0.563198068451407	0.34728549269338554	0.24626536942292193
0.9999351004685519	0.697511622430099	0.3453618343403686	0.36027339962415295
0.9999561171228621	0.6076156636532889	0.375233208880047	0.21683974217325996
0.9999295979171596	0.8204294797939726	0.46968603846268514	0.35319815939043975
0.9999424783442183	0.5985438012817922	0.36606935738857094	0.24163644097686268
0.999893831151118	0.5469133433887425	0.21772078752547813	0.27920911843290935
0.9999668267823181	0.7137825384700348	0.4079032006294318	0.2323602212910668
0.9999687993607557	0.6170269955206336	0.4447563739303157	0.2442378056040058
0.9998805262615728	0.6568947167624709	0.32302489050207317	0.3822377405213519
0.9999454405496672	0.6590341102818931	0.25319168309595974	0.26675934062915374
0.9998807461020537	0.696704826368103	0.36765377546066147	0.4020801077678461
0.9998869876190528	0.724052858316721	0.3542564045530493	0.45147630579753456
0.9999055590018736	0.6479429091636907	0.34744237981602505	0.31504580575824603
0.9999264303473689	0.5971563763551285	0.2625357462805843	0.25367244603912514
0.9999451301845993	0.5835949632612265	0.32281559588482645	0.2618671554521903
0.9999431513946235	0.608936387960625	0.28065342222628276	0.27113975165914683
0.9999401396555235	0.639978221924141	0.3549122693274121	0.29623459148808184
0.9998871480571513	0.6483924181604784	0.2797482334584538	0.30681887988261264
0.9999414393515369	0.6719399334517313	0.30895873312047395	0.28690494986944365
0.9999261368225768	0.6093392368525922	0.3228826524269362	0.3868902402320514
0.9999356714120544	0.6766201664666989	0.3140010405021194	0.2537545629060358
0.9999578017494324	0.7264205387650264	0.32121724633084114	0.2215177774246991
0.9999176001050424	0.811935372499525	0.4013708257792612	0.3333577940284614
0.9999539341320766	0.610845117274098	0.3508452352168339	0.17185178106479573
0.9999098259314019	0.6894179460057009	0.2985889287846878	0.2911230867511627
0.9998966443759739	0.7796297873096305	0.3875080981573319	0.363845992727554
0.9999009523344127	0.5071399759360873	0.23154803309875008	0.24283430444497991
0.9999274656508912	0.5185945207801622	0.34934279759155484	0.3122667020585423
0.9999416379596884	0.5658415675486455	0.349672778662914	0.23182265376857925
0.9998710263611442	0.5198361415355106	0.2056597317590497	0.23740641570181095
0.9998979894035492	0.531390571152683	0.21540753588001652	0.2312997454781508
0.9998746136017845	0.5752126469154595	0.31268015575513325	0.26808318692367256
0.9999648940725601	0.6580501801549147	0.334513962530756	0.18593442608702415
0.9999325413952639	0.6127082408761084	0.32819288298032656	0.24986883798192688
0.9999733964488857	0.675210418190337	0.5112740515581384	0.4088880467847555
0.9999000360412549	0.5172516837397331	0.25192642164608653	0.25416819371197485
0.9998985343785025	0.6087778746932665	0.3218301029546836	0.2825329200675855
0.9999419293330144	0.796543410051899	0.36678474812506406	0.5985543763567601
0.9998875203779037	0.5960975915809137	0.23898143897170018	0.3111182056672881
0.9998882001110195	0.5237269367096904	0.2279217442472605	0.2734563667921015
0.9999791877977139	0.8145486236318656	0.368348947878772	0.2517194918206365
0.9999583151698128	0.6775626972985238	0.4022684895256141	0.23065522247677084
0.9999150858778779	0.7846504268042378	0.37406776869006275	0.294747793015357
0.9998979917188258	0.6185186224968332	0.2926272632109475	0.26680809086437507
0.9999283029028377	0.6547427655503949	0.2959737409461051	0.22596824720408945
0.9998750106727625	0.4848024587519037	0.23562378358153233	0.31045386946931924
0.9999695234016461	0.8137337092150672	0.38885234445706174	0.23973700195246095
0.9998861660913372	0.6634765359112159	0.29918071972776017	0.3464199553550122
0.9999475959596736	0.7229309142520014	0.33197101117275013	0.3181179728412976
0.999975427796613	0.7285422316163853	0.3143290562826783	0.17031166058360386
0.9999024284665238	0.6410720292804006	0.29042669513182634	0.22659027597090078
0.9999173234281498	0.6323419304511241	0.4296672489123523	0.2823998691827707
0.9998975484590964	0.561688354317683	0.3557595142577939	0.37239071492440273
0.9999712506609915	0.6997566801152109	0.38976845491614603	0.2742555269914664
0.9999504462101193	0.7725271884359651	0.3518983461754609	0.27935863211872763
0.9999034186499168	0.5080974469044659	0.33890082382092634	0.2341028402437743
0.9998766952864471	0.5712437567035634	0.31614499756565095	0.32201162156370505
0.9999094944765863	0.5319044615251689	0.24457532664379944	0.23664198404418918
0.9999498177246189	0.8060839443483611	0.38838444538047107	0.3059907087819178
0.9999144259082573	0.6795368398952583	0.3683013307123087	0.3303760014066733
0.9999230670366929	0.5359463298050582	0.317491827175098	0.25154184752791775
0.9999101534958793	0.6516039576798014	0.4297444776434282	0.32578761011128665
0.9999679986930966	0.838400072163615	0.407248993741408	0.2715540847393813
0.9999054795841319	0.7083031847859008	0.36103876537470087	0.3002788535371715
0.9999569743936048	0.776564988462789	0.3973206487789787	0.25498230173175745
0.9999614741360944	0.7703468347043262	0.3736147238443986	0.23009480375339142
0.9999573652465769	0.788636803105951	0.38660806089332805	0.24293282042154826
0.9998959541056752	0.6633394082892622	0.31406638136242276	0.3364687153422037
0.9999340160706582	0.6948645316161677	0.34690385017196873	0.29198312305960405
0.9999638488029771	0.8670179600325577	0.4957580735294503	0.3791743016081953
0.9999631028431056	0.8484341022132417	0.42658794154642793	0.3251637146068232
0.9999439649053344	0.6161785973520633	0.3314556662621276	0.220320326821154
0.9999504856859288	0.653150963435263	0.4050023858012637	0.26687597121594486
0.9998767011408434	0.5425777817326904	0.30391981788504513	0.29626388788059027
0.999908513141325	0.7356923834869269	0.36974802829113945	0.2929944722405903
0.9999070233984243	0.6107121445661403	0.26038134939462415	0.2468745686717179
0.9999089560941502	0.7079748484832897	0.39226457449089697	0.2818236347552083
0.9998951847122503	0.5816181694556676	0.31134751778681696	0.28318041030962987
0.9999331538613825	0.5958166759652824	0.2972391789004367	0.22343877369371776
0.9999221082765773	0.6679632931048924	0.2805200767681532	0.21639390333390113
0.9999620315264846	0.700289686396033	0.5157389923056119	0.3956796339003647
0.9998842438606583	0.5964084630750583	0.26307060628756257	0.2931394438228305
0.9999207488293507	0.5767220574189293	0.2792633807222349	0.30519765387290676
0.9999189244988163	0.47686828981791923	0.2738987628558874	0.23547273966073384
0.9999456824812253	0.6282696216829606	0.23941548700088677	0.2537376199329157
0.9999459254801267	0.5810945537469491	0.33192011145080996	0.28128253076437204
0.9999554742724899	0.6039454230023106	0.31827811925729826	0.19860321355212496
0.9999411069627948	0.7026609661511201	0.38355461283495546	0.32138882427267584
0.9999563659601408	0.7230807372055796	0.3111658647956517	0.23357815429651327
0.9999598884778033	0.8162847979088437	0.38647598475181266	0.28127863067240555
0.9998985147469951	0.5893538055255165	0.2967044602484559	0.23386998741036405
0.9999058421665951	0.5528665872127535	0.25347669633936515	0.268407494003255
0.9999703653684137	0.679962789538816	0.3639086411216697	0.279038649422401
0.9998925308686144	0.5530195327921357	0.28829428230440246	0.2809220483322704
0.9999550297865428	0.7252737848210479	0.29905817306900156	0.23631631965317118
0.9999066892188176	0.6687665729500358	0.3110273578060215	0.3173014369446533
0.9999189298307508	0.6798338898379512	0.37474597175829916	0.2773306125664283
0.9999319791544994	0.62448134047449	0.3661385961416683	0.31939019057098605
0.9999230812586788	0.5949729059957689	0.3395195948016904	0.2735822941449006
0.9999542129476926	0.5918434250382191	0.3861369688306552	0.22966173744871946
0.9999405522123025	0.6206150655157143	0.3157162793801882	0.27992048377234
0.9998956947661822	0.6062509290181594	0.22863590346456122	0.2592377703578989
0.9999102116375792	0.6407005141389269	0.2974003093965469	0.2821668050828329
0.999957439250527	0.6426697002402677	0.2914748435358146	0.22123705362026244
0.9999097093678857	0.6933601753651906	0.3499557390683725	0.27616362431113295
0.9999125506880351	0.6318417575189418	0.2573904886290237	0.2460793325074593
0.9999685958421847	0.8428806630193784	0.4052664327624684	0.26628708764886144
0.9999042643254997	0.557215947649328	0.3528119721838784	0.32997336730091026
0.9999142445341545	0.5924357011497726	0.2550633690381152	0.297792142774211
0.9998932885415661	0.5631288736367148	0.2493696661614051	0.2351051966346848
0.9998959946666616	0.65772348180998	0.3101267451736832	0.28698276720458266
0.9999339505914892	0.6825088879267558	0.350211811886782	0.338294423569681
0.9999396390887393	0.7837131561224322	0.3817053117386736	0.44347774697773706
0.9999248897910162	0.5904285413334506	0.2675979192337178	0.28682865319323386
0.9999604117202643	0.715564256305145	0.3543028071911823	0.21494572916857865
0.999912322967863	0.6190174368219404	0.2617051384761151	0.24601828153629188
0.9999308527293663	0.5502232345609476	0.22941608927026852	0.2094180759091034
0.9999308370870702	0.7503350793923732	0.3364340161089823	0.38139458027691064
0.9998786411147215	0.5402474873954407	0.20651193935580525	0.3423332741249599
0.9998873085693366	0.5116804130336071	0.2559010653727595	0.2588013919377542
0.9998997200954456	0.7057248272382967	0.30515502529925626	0.2993131539049735
0.9999279346109482	0.5628527569414595	0.2927783680013168	0.30160091431644576
0.9998701089905263	0.5819299315725212	0.24950320630021208	0.340712061195174
0.9999291497184186	0.6244046993097464	0.3130494196942882	0.24506147805260015
0.9999400085035329	0.6950392606209701	0.30105416972901294	0.2594098285928579
0.9999406369065637	0.6195122738094113	0.34361051988523417	0.2471993972750604
0.9999377835245896	0.755501143290745	0.3647730511418093	0.33174032068882126
0.9999277733877122	0.7537528247145706	0.346859591646192	0.28935534479808706
0.9999610373776073	0.7656452533730413	0.3679263625795678	0.2268078509476201
0.9999215909264456	0.7614291346752772	0.3544723071529546	0.258711731832527
0.9998993528905318	0.545192970311878	0.2740909543847712	0.27843715768078703
0.9999121879473775	0.5906783951466679	0.26059534080358115	0.22595589100216085
0.9999170232107083	0.5146512140238975	0.33937668896040096	0.3697509659411894
0.9999475454094978	0.5767347749318481	0.38184420443792305	0.26961906204305297
0.9998819645480256	0.6175318654075017	0.23814838331886884	0.3285405108527491
0.9999163338600552	0.5083725404472887	0.34802640723277567	0.29970012473992835
0.9999043561819128	0.6719021896813602	0.2780653349507121	0.24999617629271628
0.9998794004215905	0.533876133202665	0.33817773715733535	0.30356866194228244
0.999952618411955	0.8080153768714017	0.3759312531661495	0.26362105738764957
0.9999525863764515	0.7499846055179422	0.35197875616907975	0.26424896447801216
0.9999530693227586	0.6427973362341939	0.25703316186263314	0.1832062821846272
0.9999448995001754	0.6923426672114767	0.28162835848762274	0.33599128737131445
0.9998780972314094	0.647240313263125	0.3304106456878979	0.3351252100786206
0.999888634855476	0.6226018941758169	0.27422165665075937	0.2748727332509828
0.9999184106919278	0.697439495833117	0.32785621031018414	0.23914170980824723
0.999896337294612	0.6020805155626335	0.34256636390277817	0.27625443290647306
0.9998907033622986	0.5175370061252444	0.27255373438596875	0.24523360024427118
0.9999324952881951	0.6953159042859156	0.3055815906974535	0.2752909810956876
0.9999247586075954	0.7676106643108885	0.3613022669862476	0.318238768045727
0.9999396502069487	0.7665663849247721	0.38496439553845385	0.40425633129197713
0.9999316933829714	0.679506964731307	0.29628737862432875	0.2711289458223012
0.9998439796544331	0.5785200327741462	0.2607097701716251	0.3009265489433008
0.9999159700312609	0.7041138123752574	0.3772828469028947	0.3063789974325725
0.9998904602384575	0.6416764417854848	0.2840843627004997	0.2802618916570795
0.999897393130849	0.510540094041702	0.3134825222985632	0.2618548863137979
0.9999601409867137	0.8442027425403895	0.4148520980940581	0.3008273497530223
0.9999595546327482	0.6500110961724626	0.22946614428969903	0.17770306267004113
0.9998884314003762	0.6383760137816692	0.30653000322528756	0.31968594230168845
0.9999501780534523	0.6549941370727961	0.3420907162094161	0.23973531239615592
0.9999453650207035	0.6376299097834313	0.38795716620605253	0.24555342833790006
0.999948327652201	0.7280927284095796	0.33379868010388625	0.30276983014658676
0.9999529458529107	0.7247039879449252	0.30113321633433854	0.294108127237873
0.9999494114170252	0.5346590104172007	0.30474337926346035	0.1678197692035741
0.999953837731533	0.651332504845523	0.30264787852520847	0.17946220025723217
0.999909843620978	0.5354002065998056	0.24657750713821683	0.22751762029614175
0.9999103018246814	0.609068052224629	0.23870561880944377	0.30082090429957986
0.9999151927539897	0.7289815166223581	0.3575300620873366	0.3472776844621629
0.999943070382175	0.6628968313759781	0.2505241030711563	0.28880385980949713
0.9999024784974205	0.6768824591500581	0.36310645813389375	0.2387475083865192
0.9998822703960105	0.5792102619211985	0.23077930013360656	0.2919526845549075
0.9998905918878412	0.4556589411683011	0.25868000651834555	0.20339889916659806
0.9999316855689746	0.7746218991185928	0.36311534016055297	0.37519230209589727
0.9998865337385155	0.44674165678321653	0.24533223844029334	0.22955484683201413
0.9999485171457179	0.6123274698275458	0.2782286658674563	0.20301903182953293
0.9999308691583176	0.5231229558351149	0.3375545513070472	0.275885401122963
0.999877878604962	0.5909795446504791	0.3446638634621682	0.4750229591398733
0.9999690512143452	0.8226375529097437	0.39336602843674556	0.26632051464527334
0.9999353961220995	0.6223538326385157	0.42731972744205077	0.39814668112154017
0.9998975457510323	0.6296240088704227	0.34701253783031566	0.2454042184971009
0.9998679368392263	0.5753269608185998	0.33847155095525716	0.3074816867987904
0.9999039936913507	0.6222064449291508	0.316872541253429	0.25489463779557475
0.9999584103687439	0.7481717411981559	0.3411711780922834	0.22675464421961944
0.9998892600962521	0.5746484665399906	0.22617751768685176	0.32173075139153734
0.9999244151460326	0.6735377499303723	0.4335350532077297	0.3548935058654853
0.9999259381470432	0.6706644405873581	0.34892458367139717	0.371227781268379
0.9999686136153962	0.7392726539559955	0.3528725667075242	0.22346098033392045
0.9998960267778717	0.50686388922342	0.23464960437395155	0.3002698203894229
0.9999562483723512	0.8263780432705645	0.40973576919877147	0.23264394314182985
0.9999684135562726	0.6359881502526946	0.36853867381006455	0.16578101085884603
0.9999209270191498	0.5972118723617785	0.2382966967903497	0.20664619169613083
0.9998962845964326	0.6592877202299666	0.31012108411080214	0.2442245775712185
0.9999128869124785	0.5278636628477619	0.3519775251950489	0.2796746136266242
0.99987250463041	0.6410651665784776	0.41135775042285916	0.3724880752570272
0.9999545973042252	0.8091279170268971	0.39863481537535483	0.2337460353029666
0.9999058092407469	0.5406955586090301	0.23534122944075642	0.2197452286006056
0.9999368995135429	0.7640443727348125	0.36849444400970066	0.3524762121697959
0.9999395236500254	0.6896956210056903	0.3356281647606956	0.34209092961342263
0.9999188891935166	0.5073248916193976	0.32853722419173953	0.3232547515573286
0.9999002107377938	0.5986390554108691	0.34930841196120554	0.23454241137436227
0.9999084413019741	0.54127409186837	0.33245988632467355	0.30635061331138086
0.9999270683474191	0.7050035243932864	0.3456281814076156	0.3285131243900177
0.9999397936607659	0.6006015325941735	0.48815218154536033	0.3757916868784848
0.9998740116659067	0.6582566513850399	0.3255168923597062	0.44892326315462994
0.999894378780028	0.7789348824583637	0.4038240158748629	0.26207141822284935
0.9999074634155016	0.6230655023900401	0.2805164412273061	0.2511044400626009
0.9999417539931666	0.7135993644862236	0.2995018436356161	0.3297416706397747
0.9998793090495651	0.5575374088178713	0.31957598357936523	0.29657232053274574
0.99996319562725	0.6402519105349219	0.3080818490707522	0.19154863977268483
0.9999125757231375	0.575208768280329	0.23692593851232507	0.29615772504684246
0.9999210377869368	0.7900232209735175	0.39926659166856715	0.3325226932809536
0.9999258705571767	0.533610314373805	0.34570909088966345	0.31745531897324636
0.9999313329311985	0.6562377834884059	0.35967184858218215	0.3103204928452604
0.9999553119400743	0.6657985731493166	0.2812800641926171	0.23837543157995264
0.9998712675466868	0.4941121416297346	0.3023356219629718	0.2594763536562556
0.9999650254571281	0.6443172468918705	0.3640482903333995	0.17151269173555703
0.9999569943099378	0.6337695777633625	0.39935973197349023	0.23305688900112648
0.9999632108018652	0.7452128678724834	0.3243059499147399	0.18668660077457055
0.9999737012249501	0.6711228296852403	0.3810144666234687	0.22975890634128196
0.9998856607144468	0.5941445118812952	0.29118014993818725	0.28092360046425674
0.9999460150042414	0.5722837217526756	0.41519249801640495	0.2575530132393676
0.9999650794854777	0.7216795768177082	0.30776903908647696	0.15656967663696852